0 327
0 18
0 918
0 569
0 249
0 260
0 365
0 431
0 446
0 622
0 648
0 822
0 829
0 868
0 940
1 245
1 247
1 977
1 199
1 958
1 491
1 253
1 645
1 803
1 938
1 327
1 23
1 153
1 668
1 690
1 764
1 872
1 921
2 561
2 448
2 55
2 146
2 912
2 552
2 636
2 944
2 4
2 285
2 17
2 493
2 757
2 903
2 358
2 465
2 777
2 807
2 985
3 193
3 271
3 104
3 348
3 51
3 72
3 235
3 295
3 357
3 367
3 495
3 512
3 559
3 649
3 663
3 756
3 813
3 818
3 866
3 868
3 876
3 883
3 960
4 873
4 357
4 739
4 869
4 451
4 493
4 100
4 7
4 718
4 788
4 923
4 14
4 32
4 58
4 89
4 110
4 264
4 284
4 636
4 769
4 852
4 917
4 939
4 941
5 166
5 136
5 507
5 452
5 157
5 313
5 26
5 553
5 699
5 640
5 31
5 118
5 230
5 238
5 424
5 429
5 561
5 603
5 755
5 787
5 830
6 131
6 474
6 594
6 688
6 152
6 87
6 668
6 818
6 102
6 562
6 244
6 384
6 607
6 624
6 873
6 874
6 889
6 901
6 966
7 213
7 950
7 384
7 556
7 281
7 113
7 580
7 70
7 33
7 687
7 567
7 646
7 471
7 237
7 251
7 363
7 374
7 668
8 668
8 958
8 92
8 302
8 885
8 889
8 131
8 174
8 338
8 343
8 454
8 686
8 824
8 860
8 863
9 450
9 892
9 299
9 875
9 223
9 412
9 849
9 178
9 978
9 136
9 445
9 517
9 756
9 771
9 780
9 784
10 540
10 409
10 575
10 157
10 80
10 307
10 366
10 754
10 24
10 544
10 13
10 680
10 476
10 750
10 617
10 316
10 635
10 114
10 222
10 313
10 539
10 577
10 864
11 69
11 449
11 137
11 404
11 580
11 547
11 683
11 654
11 387
11 548
11 867
11 175
11 100
11 37
11 820
11 644
11 430
11 589
11 608
11 742
11 806
11 854
11 930
12 197
12 554
12 999
12 59
12 114
12 718
12 588
12 33
12 44
12 182
12 196
12 322
12 323
12 471
12 566
12 614
12 654
12 662
12 693
12 800
12 920
13 666
13 258
13 555
13 413
13 862
13 192
13 576
13 220
13 636
13 24
13 127
13 252
13 342
13 392
13 496
13 565
13 628
13 640
13 664
13 962
13 995
14 170
14 210
14 788
14 957
14 807
14 775
14 293
14 867
14 691
14 137
14 120
14 650
14 757
14 118
14 391
14 37
14 842
14 497
14 941
14 98
14 214
14 285
14 341
14 371
14 558
14 634
14 774
14 840
14 869
14 930
15 196
15 100
15 58
15 94
15 169
15 214
15 368
15 395
15 399
15 606
15 636
15 868
15 923
15 941
16 935
16 122
16 947
16 813
16 900
16 51
16 106
16 991
16 506
16 158
16 254
16 310
16 375
16 445
16 468
16 663
16 742
16 870
16 971
16 976
17 668
17 348
17 730
17 632
17 705
17 421
17 851
17 79
17 110
17 168
17 169
17 319
17 349
17 356
17 608
17 644
17 670
17 914
18 495
18 219
18 908
18 620
18 910
18 902
18 756
18 384
18 371
18 35
18 310
18 604
18 631
18 717
18 818
18 841
18 844
18 885
18 943
19 170
19 988
19 260
19 107
19 455
19 865
19 547
19 20
19 59
19 116
19 128
19 189
19 203
19 275
19 308
19 484
19 608
19 707
19 796
19 902
19 918
19 940
20 692
20 704
20 462
20 357
20 433
20 256
20 425
20 739
20 556
20 975
20 672
20 123
20 259
20 260
20 367
20 375
20 428
20 468
20 472
20 510
20 621
20 693
20 759
20 874
20 955
20 992
21 958
21 780
21 268
21 344
21 674
21 607
21 759
21 410
21 77
21 439
21 470
21 638
21 642
21 969
22 437
22 668
22 60
22 866
22 851
22 164
22 854
22 113
22 440
22 391
22 497
22 37
22 236
22 566
22 261
22 53
22 139
22 196
22 349
22 458
22 528
22 683
22 742
22 766
22 839
23 486
23 513
23 121
23 668
23 62
23 642
23 889
23 719
23 63
23 155
23 251
23 543
23 939
24 436
24 425
24 373
24 575
24 551
24 318
24 716
24 598
24 194
24 230
24 258
24 415
24 481
24 502
24 514
24 522
24 539
24 733
25 720
25 449
25 220
25 796
25 951
25 928
25 652
25 61
25 685
25 420
25 150
25 981
25 181
25 211
25 413
25 418
25 454
25 466
25 476
25 502
25 562
25 572
25 911
25 959
26 722
26 126
26 267
26 441
26 553
26 138
26 733
26 454
26 186
26 144
26 740
26 369
26 477
26 514
26 540
26 549
26 599
26 652
26 697
27 296
27 500
27 759
27 256
27 719
27 130
27 994
27 556
27 622
27 980
27 644
27 53
27 550
27 992
28 794
28 56
28 271
28 638
28 910
28 345
28 520
28 107
28 126
28 193
28 213
28 341
28 357
28 382
28 447
28 530
28 601
28 605
28 611
28 622
28 692
28 766
28 813
28 833
28 947
28 955
28 991
29 296
29 255
29 593
29 740
29 236
29 349
29 97
29 273
29 475
29 60
29 98
29 280
29 430
29 444
29 566
29 668
29 738
29 919
29 981
30 563
30 972
30 857
30 426
30 461
30 582
30 144
30 652
30 490
30 449
30 551
30 914
30 35
30 125
30 127
30 228
30 312
30 392
30 540
30 576
30 979
31 105
31 679
31 674
31 87
31 961
31 667
31 436
31 364
31 732
31 174
31 425
31 525
31 648
32 499
32 70
32 432
32 280
32 581
32 37
32 44
32 89
32 94
32 226
32 474
32 528
32 580
32 653
32 842
32 884
33 342
33 171
33 501
33 264
33 148
33 270
33 929
33 355
33 924
33 671
33 85
33 718
33 867
33 110
33 869
33 810
33 113
33 124
33 162
33 253
33 367
33 375
33 408
33 427
33 547
33 602
33 777
33 842
33 870
33 922
34 433
34 450
34 682
34 696
34 732
34 794
34 556
34 496
34 150
34 107
34 153
34 365
34 386
34 445
34 488
34 815
34 841
35 482
35 545
35 86
35 119
35 642
35 747
35 674
35 485
35 414
35 668
35 343
35 513
35 208
35 504
35 52
35 174
35 526
35 661
35 738
35 753
35 863
36 694
36 431
36 256
36 220
36 703
36 283
36 959
36 539
36 76
36 970
36 127
36 504
36 599
36 714
36 333
36 582
36 97
36 307
36 308
36 415
36 734
36 883
37 993
37 626
37 587
37 385
37 740
37 97
37 941
37 878
37 458
37 169
37 758
37 894
37 349
37 411
37 430
37 769
37 912
38 291
38 443
38 570
38 475
38 261
38 387
38 97
38 552
38 912
38 50
38 391
38 403
38 432
38 476
38 527
38 557
38 598
38 609
38 680
38 687
38 730
38 781
38 850
38 867
38 894
38 923
38 930
38 940
38 978
38 979
39 958
39 551
39 411
39 850
39 837
39 788
39 683
39 987
39 132
39 44
39 273
39 322
39 352
39 451
39 740
39 758
39 858
39 878
39 941
39 954
40 958
40 147
40 188
40 625
40 963
40 833
40 548
40 929
40 837
40 920
40 867
40 769
40 120
40 98
40 89
40 757
40 323
40 643
40 896
40 693
40 740
40 176
40 718
41 860
41 660
41 934
41 937
41 706
41 217
41 737
41 642
41 648
41 819
41 221
41 142
41 317
41 380
41 525
41 899
42 291
42 289
42 55
42 623
42 595
42 675
42 782
42 138
42 307
42 282
42 540
42 609
42 93
42 133
42 146
42 318
42 361
42 429
42 476
42 903
43 874
43 445
43 593
43 208
43 813
43 910
43 207
43 298
43 841
43 707
43 63
43 178
43 217
43 219
43 259
43 262
43 271
43 339
43 384
43 388
43 417
43 585
43 602
43 611
43 612
43 627
43 769
43 865
43 942
43 975
44 148
44 614
44 280
44 730
44 383
44 923
44 683
44 348
44 527
44 566
44 352
44 114
44 302
44 442
44 465
44 777
44 783
44 867
44 929
44 944
44 946
45 381
45 703
45 709
45 439
45 239
45 964
45 93
45 599
45 538
45 312
45 795
45 685
45 277
45 364
45 390
45 429
45 617
45 668
45 736
45 951
46 162
46 225
46 752
46 961
46 244
46 668
46 639
46 504
46 227
46 253
46 328
46 474
46 677
46 760
46 931
46 992
47 735
47 163
47 898
47 61
47 192
47 809
47 503
47 792
47 652
47 544
47 146
47 718
47 54
47 66
47 252
47 461
47 476
47 507
47 522
47 551
47 576
47 623
47 697
47 925
47 991
48 370
48 660
48 801
48 453
48 901
48 484
48 201
48 105
48 213
48 245
48 255
48 265
48 278
48 290
48 676
48 677
48 749
48 954
48 988
49 867
49 701
49 952
49 226
49 805
49 581
49 71
49 176
49 236
49 270
49 284
49 349
49 411
49 535
49 740
49 851
49 957
49 981
50 380
50 604
50 145
50 771
50 120
50 912
50 430
50 528
50 156
50 929
50 493
50 774
50 715
50 358
50 560
50 89
50 727
50 854
50 952
50 79
50 297
50 399
50 421
50 668
50 839
51 203
51 707
51 739
51 295
51 125
51 985
51 947
51 771
51 379
51 77
51 106
51 212
51 384
51 512
51 524
51 586
51 596
51 639
51 681
51 784
51 798
51 983
51 998
52 407
52 449
52 700
52 360
52 74
52 709
52 426
52 267
52 306
52 66
52 925
52 443
52 695
52 90
52 283
52 687
52 143
52 319
52 54
52 57
52 308
52 369
52 470
52 538
52 551
52 608
52 750
52 942
52 986
53 332
53 953
53 153
53 627
53 394
53 258
53 77
53 732
53 936
53 382
53 60
53 295
53 208
53 669
53 844
53 122
53 972
53 467
53 520
53 333
53 811
53 878
53 600
53 123
53 274
53 320
53 357
53 450
53 505
53 663
53 763
53 829
53 906
53 941
53 987
54 888
54 240
54 192
54 84
54 640
54 553
54 647
54 74
54 149
54 312
54 413
54 721
54 962
55 637
55 126
55 90
55 877
55 109
55 312
55 430
55 490
55 590
55 592
55 672
55 673
55 699
55 703
55 864
55 951
56 425
56 866
56 731
56 953
56 814
56 655
56 432
56 654
56 272
56 483
56 488
56 550
56 612
56 724
56 799
56 805
56 892
56 908
56 960
57 958
57 306
57 786
57 220
57 283
57 76
57 599
57 990
57 581
57 840
57 85
57 127
57 206
57 357
57 383
57 496
57 514
57 777
58 124
58 652
58 924
58 137
58 766
58 113
58 632
58 840
58 264
58 186
58 190
58 300
58 349
58 648
58 718
58 807
59 785
59 941
59 432
59 903
59 644
59 442
59 981
59 71
59 75
59 94
59 130
59 493
59 687
59 775
59 821
59 854
60 153
60 823
60 212
60 767
60 82
60 113
60 129
60 143
60 171
60 178
60 194
60 195
60 299
60 452
60 571
60 612
60 648
60 696
60 755
60 808
60 818
60 925
60 935
60 947
60 960
60 963
61 162
61 231
61 390
61 673
61 626
61 551
61 601
61 555
61 877
61 772
61 312
61 65
61 241
61 361
61 429
61 506
61 628
61 689
61 770
61 959
61 962
62 419
62 901
62 801
62 843
62 119
62 359
62 402
62 958
62 446
62 208
62 628
62 403
62 300
62 124
62 182
62 472
62 523
62 564
62 668
62 690
62 770
63 303
63 790
63 256
63 609
63 675
63 695
63 721
63 211
63 392
63 562
63 917
63 777
63 115
63 448
63 709
63 844
63 851
63 986
64 327
64 934
64 472
64 141
64 359
64 745
64 460
64 805
64 77
64 121
64 491
64 587
64 668
64 747
64 770
64 828
64 949
65 734
65 685
65 716
65 635
65 304
65 424
65 192
65 80
65 312
65 373
65 395
65 496
65 623
65 668
65 745
65 877
65 880
65 932
66 419
66 398
66 316
66 909
66 241
66 333
66 932
66 390
66 441
66 84
66 373
66 438
66 522
66 562
66 959
67 302
67 642
67 938
67 967
67 668
67 225
67 255
67 253
67 301
67 434
67 397
67 311
67 244
67 538
67 173
67 678
67 702
67 744
67 802
67 838
68 77
68 516
68 140
68 976
68 446
68 947
68 382
68 692
68 495
68 605
68 914
68 205
68 120
68 173
68 232
68 332
68 365
68 480
68 533
69 724
69 963
69 345
69 651
69 308
69 294
69 128
69 246
69 303
69 315
69 396
69 464
69 480
69 488
69 531
69 744
69 789
69 822
69 849
69 940
70 96
70 907
70 498
70 957
70 691
70 727
70 351
70 442
70 169
70 275
70 300
70 352
70 411
70 451
70 493
70 528
70 566
70 574
70 581
70 609
70 715
70 740
70 811
70 851
70 944
70 952
71 938
71 99
71 724
71 191
71 183
71 139
71 557
71 294
71 896
71 683
71 558
71 261
71 691
71 97
71 383
71 356
71 530
71 128
71 779
71 781
71 783
72 95
72 817
72 305
72 135
72 611
72 849
72 655
72 622
72 720
72 189
72 232
72 181
72 844
72 201
72 533
72 558
72 77
72 184
72 235
72 242
72 413
72 484
72 531
72 571
72 612
72 698
72 731
72 750
72 835
72 942
72 963
73 354
73 534
73 648
73 203
73 717
73 935
73 510
73 195
73 209
73 598
73 193
73 266
73 396
73 477
73 531
73 612
73 803
73 906
74 542
74 386
74 948
74 522
74 514
74 883
74 206
74 775
74 687
74 264
74 266
74 540
74 664
74 723
74 914
75 823
75 433
75 259
75 382
75 814
75 135
75 619
75 732
75 223
75 396
75 310
75 717
75 450
75 376
75 561
75 119
75 179
75 453
75 480
75 495
75 596
75 633
75 746
75 876
75 994
76 914
76 138
76 415
76 909
76 673
76 540
76 926
76 136
76 476
76 562
76 568
76 712
76 716
76 796
76 862
76 912
77 161
77 963
77 215
77 822
77 829
77 182
77 82
77 110
77 239
77 251
77 266
77 394
77 428
77 434
77 510
77 516
77 523
77 550
77 720
77 818
78 829
78 935
78 799
78 665
78 895
78 942
78 246
78 998
78 151
78 212
78 229
78 259
78 438
78 517
78 631
78 649
78 664
78 692
78 704
78 763
78 892
79 826
79 850
79 774
79 567
79 104
79 110
79 300
79 371
79 447
79 469
79 535
79 623
79 643
79 775
79 810
79 836
80 809
80 333
80 964
80 267
80 420
80 204
80 211
80 250
80 452
80 463
80 507
80 553
80 584
80 628
80 891
80 922
80 988
81 119
81 96
81 177
81 918
81 935
81 559
81 531
81 947
81 408
81 689
81 117
81 838
81 422
81 462
81 254
81 794
81 112
81 128
81 150
81 167
81 428
81 480
81 637
81 822
81 865
81 892
81 963
81 998
82 151
82 763
82 918
82 621
82 462
82 499
82 922
82 123
82 195
82 523
82 638
82 731
82 756
82 767
82 772
82 792
83 171
83 394
83 405
83 742
83 994
83 620
83 818
83 310
83 355
83 116
83 129
83 137
83 275
83 477
83 704
84 324
84 909
84 628
84 675
84 700
84 553
84 862
84 134
84 136
84 194
84 204
84 209
84 360
84 461
84 562
84 582
84 734
84 735
84 772
84 922
85 389
85 219
85 264
85 560
85 924
85 691
85 501
85 566
85 98
85 270
85 452
85 473
85 629
85 957
85 987
86 231
86 188
86 172
86 88
86 278
86 370
86 459
86 464
86 532
86 597
86 668
86 676
87 597
87 787
87 907
87 436
87 414
87 422
87 810
87 204
87 346
87 347
87 402
87 545
87 620
87 645
87 668
87 681
87 738
87 770
87 850
87 871
87 888
87 915
87 969
87 982
88 762
88 668
88 780
88 537
88 524
88 172
88 787
88 360
88 105
88 131
88 180
88 188
88 218
88 237
88 395
88 460
88 597
88 630
88 660
88 694
88 808
88 958
89 645
89 464
89 367
89 619
89 427
89 432
89 757
89 557
89 691
89 867
89 94
89 120
89 261
89 300
89 385
89 727
89 732
89 832
89 854
89 855
89 999
90 155
90 153
90 809
90 307
90 573
90 277
90 102
90 796
90 658
90 282
90 409
90 441
90 496
90 550
90 737
90 772
90 849
90 877
90 992
91 659
91 515
91 259
91 546
91 342
91 116
91 742
91 784
91 109
91 753
91 211
91 356
91 869
91 107
91 128
91 142
91 212
91 274
91 332
91 384
91 717
91 771
91 928
92 305
92 482
92 690
92 654
92 119
92 163
92 301
92 336
92 347
92 397
92 591
92 668
92 806
93 889
93 926
93 514
93 577
93 140
93 165
93 461
93 539
93 573
93 772
93 876
94 764
94 581
94 403
94 548
94 355
94 97
94 351
94 168
94 270
94 280
94 293
94 424
94 448
94 519
94 658
94 855
94 878
95 827
95 886
95 594
95 977
95 961
95 492
95 545
95 494
95 950
95 175
95 500
95 543
95 580
95 972
95 973
96 489
96 660
96 290
96 966
96 661
96 534
96 847
96 506
96 471
96 285
96 315
96 437
96 454
96 474
96 500
96 613
96 668
96 686
96 694
97 217
97 472
97 375
97 98
97 903
97 493
97 643
97 989
97 530
97 811
97 114
97 214
97 326
97 352
97 374
97 384
97 463
97 484
97 516
97 535
97 587
97 656
97 814
97 834
97 839
97 952
98 735
98 691
98 912
98 458
98 589
98 317
98 929
98 475
98 352
98 292
98 548
98 570
98 606
98 632
98 777
98 850
98 855
98 882
98 941
99 808
99 543
99 931
99 668
99 333
99 786
99 231
99 377
99 583
99 755
99 886
99 901
99 907
100 139
100 558
100 952
100 421
100 114
100 292
100 348
100 475
100 497
100 527
100 580
100 662
100 739
100 748
100 788
100 792
100 823
100 930
101 753
101 657
101 626
101 544
101 165
101 448
101 496
101 313
101 340
101 628
101 662
101 159
101 186
101 312
102 152
102 982
102 778
102 149
102 830
102 441
102 461
102 549
102 424
102 159
102 476
102 306
102 383
102 273
102 820
102 374
102 672
102 723
103 381
103 982
103 251
103 295
103 197
103 707
103 719
103 178
103 976
103 273
103 111
103 122
103 234
103 394
103 533
103 984
104 946
104 338
104 289
104 262
104 895
104 647
104 636
104 371
104 634
104 783
104 614
104 322
104 272
104 352
104 416
104 557
104 560
104 820
104 839
105 173
105 901
105 268
105 231
105 115
105 152
105 180
105 311
105 558
105 752
105 993
106 899
106 731
106 586
106 952
106 193
106 234
106 254
106 258
106 266
106 290
106 332
106 367
106 462
106 495
106 531
106 548
106 584
106 656
106 663
106 736
106 976
107 389
107 263
107 849
107 462
107 971
107 910
107 181
107 556
107 620
107 254
107 129
107 130
107 841
107 963
107 771
107 505
107 241
107 811
107 383
107 132
107 212
107 617
107 640
107 955
108 972
108 256
108 669
108 960
108 689
108 223
108 953
108 731
108 571
108 596
108 249
108 335
108 314
108 782
108 310
108 509
109 785
109 641
109 991
109 908
109 299
109 906
109 330
109 187
109 207
109 468
109 249
109 695
109 314
109 362
109 111
109 665
109 771
109 823
109 829
110 121
110 119
110 739
110 493
110 261
110 861
110 701
110 421
110 148
110 444
110 548
110 574
110 632
110 646
110 807
111 605
111 692
111 940
111 462
111 980
111 865
111 809
111 314
111 488
111 519
111 849
112 671
112 781
112 788
112 774
112 479
112 920
112 670
112 239
112 341
112 567
112 578
112 687
112 710
112 850
113 718
113 501
113 806
113 169
113 825
113 758
113 580
113 411
113 323
113 920
113 261
113 387
113 148
113 309
113 383
113 416
113 547
113 623
113 842
113 930
114 320
114 234
114 568
114 348
114 226
114 349
114 653
114 527
114 832
114 498
114 636
114 643
114 715
114 805
114 119
114 264
114 383
114 451
114 493
114 867
114 971
114 992
115 439
115 506
115 573
115 163
115 928
115 544
115 390
115 592
115 127
115 194
115 507
115 877
115 353
115 477
115 555
115 735
115 796
116 968
116 584
116 627
116 732
116 375
116 219
116 382
116 193
116 746
116 994
116 731
116 908
116 696
116 299
116 651
116 669
116 258
116 207
116 641
116 151
116 654
116 168
116 198
116 388
116 849
117 791
117 422
117 584
117 130
117 342
117 496
117 153
117 203
117 247
117 255
117 275
117 327
117 335
117 428
117 517
117 529
117 726
117 785
117 813
117 895
117 953
117 972
118 678
118 318
118 589
118 423
118 479
118 882
118 497
118 139
118 349
118 168
118 182
118 322
118 372
118 378
118 440
118 506
118 602
118 869
118 989
119 434
119 456
119 667
119 518
119 347
119 984
119 500
119 492
119 676
119 749
119 158
119 336
119 155
119 123
119 449
119 842
119 460
119 537
119 594
119 617
119 668
120 383
120 683
120 912
120 606
120 589
120 978
120 552
120 774
120 273
120 300
120 319
120 570
120 577
120 687
120 740
120 805
120 882
120 930
121 489
121 668
121 967
121 545
121 199
121 401
121 888
121 133
121 161
121 311
121 526
121 533
121 635
121 677
121 907
122 244
122 262
122 561
122 130
122 259
122 856
122 976
122 593
122 704
122 876
122 612
122 700
122 929
122 178
122 357
122 384
122 509
122 618
122 640
122 697
122 720
122 878
123 256
123 906
123 274
123 145
123 559
123 254
123 569
123 955
123 438
123 219
123 869
123 181
123 182
123 243
123 271
123 365
123 455
123 511
123 542
123 556
123 627
123 648
123 724
124 328
124 456
124 666
124 380
124 188
124 937
124 217
124 347
124 908
124 291
124 418
124 645
124 668
124 852
124 872
124 921
124 985
125 563
125 550
125 382
125 900
125 975
125 720
125 272
125 447
125 930
125 191
125 243
125 509
125 616
126 394
126 792
126 163
126 192
126 130
126 149
126 191
126 316
126 420
126 429
126 466
126 502
126 664
126 685
126 697
126 721
126 754
126 914
127 926
127 995
127 239
127 986
127 599
127 555
127 547
127 580
127 149
127 241
127 277
127 279
127 282
127 283
127 410
127 448
127 541
127 626
127 721
127 737
127 744
127 772
127 786
127 879
127 957
128 305
128 210
128 674
128 971
128 814
128 203
128 198
128 813
128 819
128 445
128 153
128 136
128 274
128 332
128 392
128 422
128 431
128 479
128 621
128 852
128 975
129 784
129 153
129 621
129 841
129 375
129 571
129 438
129 936
129 772
129 145
129 203
129 219
129 251
129 371
129 408
129 596
129 633
129 696
129 802
129 985
130 173
130 947
130 135
130 906
130 681
130 145
130 151
130 556
130 865
130 392
130 142
130 326
130 641
130 693
130 720
130 742
130 785
130 902
131 927
131 888
131 291
131 418
131 233
131 910
131 978
131 147
131 200
131 263
131 676
131 686
132 527
132 941
132 404
132 479
132 447
132 143
132 355
132 387
132 417
132 530
132 560
132 577
132 671
132 683
132 727
132 839
132 855
132 898
132 999
133 885
133 502
133 454
133 360
133 672
133 657
133 191
133 592
133 684
133 986
133 640
133 629
133 695
133 257
133 359
133 735
133 736
133 750
133 879
133 914
133 979
134 679
134 437
134 180
134 886
134 937
134 934
134 762
134 564
134 642
134 214
134 401
134 460
134 563
134 824
135 886
135 345
135 412
135 833
135 519
135 716
135 254
135 330
135 339
135 367
135 373
135 425
135 477
135 495
135 546
135 611
135 936
135 941
135 968
136 591
136 379
136 138
136 360
136 366
136 514
136 304
136 142
136 212
136 595
136 667
136 684
136 753
136 792
136 844
136 897
137 278
137 483
137 574
137 168
137 748
137 836
137 606
137 944
137 878
137 264
137 654
137 779
137 821
137 867
137 923
138 429
138 373
138 504
138 191
138 609
138 879
138 786
138 314
138 211
138 221
138 306
138 361
138 466
138 505
138 637
138 722
138 743
138 830
138 911
138 970
138 986
139 704
139 807
139 552
139 293
139 322
139 475
139 978
139 148
139 227
139 264
139 270
139 281
139 389
139 395
139 447
139 465
139 560
139 687
139 728
139 806
139 931
139 958
140 625
140 303
140 243
140 298
140 829
140 515
140 357
140 523
140 542
140 605
140 692
140 720
140 776
140 794
140 940
140 988
141 688
141 676
141 162
141 886
141 956
141 742
141 731
141 319
141 302
141 311
141 755
141 907
141 966
141 969
142 846
142 324
142 990
142 700
142 722
142 183
142 224
142 241
142 334
142 540
142 568
142 792
143 389
143 420
143 539
143 714
143 264
143 300
143 693
143 581
143 952
143 478
143 855
143 406
143 458
143 825
143 164
143 371
143 403
143 529
143 557
143 632
143 647
143 791
144 503
144 183
144 962
144 599
144 792
144 318
144 149
144 772
144 146
144 775
144 240
144 334
144 392
144 400
144 454
144 623
144 673
144 735
144 951
145 386
145 692
145 968
145 746
145 665
145 445
145 468
145 477
145 611
145 738
145 988
146 597
146 746
146 795
146 804
146 369
146 307
146 576
146 448
146 595
146 959
146 933
146 617
146 535
146 421
146 277
146 288
146 415
146 490
146 681
146 710
146 722
146 735
146 782
146 792
146 826
146 857
147 460
147 435
147 381
147 525
147 462
147 426
147 507
147 170
147 283
147 287
147 481
147 486
147 597
147 668
147 678
147 708
147 765
147 828
147 834
147 837
147 872
147 931
147 969
148 201
148 842
148 168
148 840
148 758
148 646
148 236
148 317
148 467
148 535
148 693
148 715
149 879
149 695
149 239
149 192
149 623
149 933
149 700
149 948
149 224
149 267
149 522
149 735
149 754
149 917
150 917
150 897
150 392
150 658
150 933
150 387
150 469
150 561
150 575
150 576
150 582
150 672
150 685
150 687
150 754
150 792
150 979
151 344
151 742
151 484
151 696
151 818
151 190
151 320
151 342
151 519
151 540
151 576
151 579
151 756
151 980
152 437
152 946
152 969
152 916
152 668
152 972
152 162
152 188
152 257
152 328
152 372
152 581
152 591
152 605
152 645
152 676
152 712
152 749
153 254
153 201
153 331
153 243
153 844
153 388
153 260
153 182
153 239
153 207
153 229
153 345
153 440
153 533
153 542
153 696
153 726
153 776
153 784
153 794
153 857
153 900
154 668
154 993
154 639
154 278
154 166
154 616
154 315
154 170
154 661
154 696
154 214
154 155
154 287
154 513
154 521
155 180
155 583
155 158
155 419
155 982
155 713
155 325
155 397
155 311
155 343
155 508
155 586
155 963
155 206
155 541
155 166
155 365
155 407
155 485
155 495
155 502
155 647
155 769
155 793
155 827
155 835
156 843
156 939
156 867
156 175
156 820
156 497
156 552
156 920
156 292
156 493
156 646
156 990
157 453
157 439
157 723
157 730
157 295
157 390
157 391
157 400
157 490
157 504
157 551
157 628
157 708
157 786
157 914
158 958
158 697
158 637
158 919
158 313
158 180
158 344
158 354
158 401
158 523
158 543
158 677
158 678
158 744
158 764
158 847
158 914
158 937
159 363
159 252
159 429
159 595
159 572
159 538
159 413
159 220
159 282
159 221
159 845
159 999
159 646
159 224
159 302
159 318
159 448
159 490
159 522
159 551
159 601
159 782
159 812
159 914
159 915
160 704
160 522
160 748
160 293
160 810
160 924
160 687
160 536
160 475
160 285
160 175
160 292
160 483
160 607
160 634
160 659
160 701
161 329
161 974
161 177
161 336
161 213
161 787
161 564
161 616
161 489
161 563
161 286
161 402
161 464
161 470
161 530
161 596
161 606
161 761
161 808
161 958
162 437
162 958
162 569
162 635
162 870
162 177
162 180
162 263
162 288
162 305
162 343
162 460
162 524
162 583
162 630
162 668
162 872
163 443
163 452
163 363
163 897
163 165
163 186
163 541
163 695
163 373
163 565
163 316
163 230
163 277
163 413
163 439
163 496
163 700
163 773
163 879
163 883
163 909
163 926
164 659
164 546
164 995
164 292
164 687
164 552
164 463
164 355
164 798
164 869
164 432
164 779
164 912
164 176
164 182
164 214
164 374
164 602
164 710
165 257
165 962
165 853
165 443
165 592
165 640
165 539
165 319
165 372
165 499
165 919
166 808
166 337
166 459
166 188
166 534
166 676
166 179
166 167
166 174
166 257
166 287
166 513
166 545
166 565
166 668
167 814
167 556
167 940
167 593
167 915
167 498
167 275
167 307
167 332
167 431
167 622
167 742
167 849
167 910
167 987
168 622
168 933
168 458
168 547
168 421
168 840
168 273
168 577
168 411
168 904
168 788
168 171
168 387
168 497
168 503
168 527
168 978
169 834
169 501
169 671
169 458
169 442
169 232
169 251
169 297
169 313
169 349
169 391
169 427
169 498
169 643
169 644
169 718
169 766
169 850
169 870
169 952
170 847
170 993
170 899
170 889
170 874
170 977
170 969
170 863
170 905
170 603
170 817
170 806
170 237
170 487
170 563
170 590
170 729
170 770
170 890
170 927
171 208
171 521
171 405
171 256
171 620
171 818
171 517
171 433
171 189
171 365
171 908
171 684
171 330
171 346
171 554
171 902
172 227
172 678
172 958
172 666
172 321
172 326
172 435
172 500
172 508
172 534
172 668
172 735
172 940
172 954
172 973
173 899
173 688
173 216
173 901
173 765
173 210
173 668
173 474
173 437
173 372
173 946
173 338
173 235
173 704
173 199
173 460
173 472
173 616
173 757
173 913
173 921
174 200
174 668
174 305
174 660
174 518
174 564
174 958
174 760
174 441
174 884
174 364
174 567
174 656
174 688
174 768
174 931
174 966
175 778
175 411
175 941
175 687
175 447
175 368
175 952
175 356
175 727
175 416
175 939
175 842
175 821
175 775
175 421
175 465
175 653
175 748
175 989
176 553
176 352
176 989
176 501
176 530
176 850
176 912
176 421
176 978
176 779
176 727
176 774
176 924
176 261
176 281
176 606
176 693
176 766
176 825
177 656
177 761
177 904
177 237
177 301
177 329
177 395
177 436
177 448
177 469
177 537
177 597
177 668
177 771
177 827
177 905
177 934
178 297
178 375
178 849
178 308
178 422
178 386
178 357
178 585
178 659
178 685
178 746
178 963
179 844
179 604
179 382
179 585
179 520
179 272
179 393
179 823
179 685
179 197
179 249
179 468
179 495
179 568
179 586
179 773
179 776
179 819
179 838
179 857
179 935
179 951
179 955
180 491
180 524
180 967
180 974
180 639
180 326
180 582
180 317
180 529
180 595
180 668
180 678
180 738
180 787
180 828
180 847
181 505
181 732
181 519
181 940
181 655
181 619
181 455
181 800
181 274
181 433
181 550
181 633
181 759
182 927
182 569
182 468
182 818
182 719
182 620
182 272
182 197
182 251
182 195
182 794
182 284
182 600
182 505
182 720
182 819
182 890
182 892
182 972
182 983
183 620
183 576
183 675
183 626
183 257
183 457
183 779
183 240
183 279
183 296
183 333
183 360
183 373
183 390
183 413
183 466
183 812
183 846
183 901
184 873
184 668
184 893
184 880
184 329
184 969
184 746
184 225
184 327
184 364
184 459
184 543
184 624
184 738
184 752
184 808
184 824
184 889
185 761
185 325
185 835
185 505
185 493
185 199
185 268
185 339
185 532
185 694
185 722
185 880
185 907
186 455
186 959
186 680
186 334
186 312
186 859
186 356
186 231
186 282
186 465
186 565
186 572
186 637
186 979
187 886
187 960
187 985
187 980
187 655
187 739
187 249
187 266
187 367
187 376
187 505
187 546
187 788
187 983
188 927
188 289
188 885
188 694
188 305
188 667
188 233
188 725
188 288
188 216
188 267
188 474
188 591
188 668
188 778
188 899
188 938
188 977
189 829
189 488
189 622
189 446
189 584
189 935
189 720
189 947
189 284
189 345
189 638
189 717
189 962
190 678
190 915
190 757
190 805
190 323
190 332
190 355
190 416
190 558
190 581
190 587
190 598
190 600
190 654
190 740
190 861
190 884
190 999
191 486
191 402
191 696
191 986
191 306
191 635
191 257
191 504
191 318
191 365
191 457
192 827
192 674
192 640
192 864
192 544
192 240
192 252
192 409
192 415
192 519
192 615
192 664
192 796
192 830
192 882
192 970
193 847
193 320
193 207
193 219
193 622
193 975
193 203
193 875
193 542
193 856
193 299
193 625
193 201
193 502
193 429
193 232
193 523
193 618
193 633
193 739
193 770
193 839
194 948
194 979
194 599
194 962
194 932
194 457
194 700
194 355
194 269
194 281
194 914
195 234
195 813
195 669
195 631
195 763
195 384
195 910
195 212
195 926
195 242
195 258
195 341
195 390
195 510
195 638
195 914
196 901
196 318
196 514
196 454
196 316
196 647
196 820
196 577
196 558
196 294
196 884
196 710
196 348
196 401
196 427
196 922
196 927
197 895
197 376
197 550
197 586
197 309
197 756
197 831
197 367
197 983
197 821
197 320
197 438
197 627
197 865
197 997
198 872
198 437
198 901
198 519
198 794
198 561
198 865
198 971
198 292
198 212
198 330
198 331
198 375
198 450
198 477
198 689
198 763
198 833
198 856
198 892
198 923
198 947
199 326
199 816
199 518
199 713
199 668
199 200
199 808
199 907
199 225
199 958
199 956
199 237
199 819
199 495
199 727
199 301
199 344
199 346
199 481
199 511
199 656
199 667
199 682
199 699
199 817
199 860
199 965
200 436
200 532
200 489
200 321
200 346
200 470
200 513
200 613
200 614
200 667
200 668
200 681
200 722
200 737
200 873
200 931
201 393
201 508
201 621
201 396
201 405
201 533
201 433
201 822
201 425
201 596
201 249
201 845
201 208
201 477
201 550
201 584
201 797
202 790
202 867
202 587
202 930
202 558
202 820
202 270
202 451
202 463
202 478
202 484
202 643
202 774
202 821
202 854
202 861
202 939
202 999
203 354
203 510
203 274
203 853
203 357
203 388
203 393
203 450
203 467
203 641
203 651
203 720
203 804
204 816
204 914
204 592
204 772
204 541
204 928
204 703
204 987
204 366
204 409
204 410
204 448
204 595
204 640
204 723
204 995
205 624
205 780
205 822
205 575
205 400
205 496
205 502
205 413
205 792
205 313
205 335
205 415
205 609
205 685
205 699
205 701
205 721
205 862
205 915
206 390
206 409
206 932
206 333
206 786
206 324
206 859
206 945
206 211
206 224
206 228
206 334
206 361
206 366
206 384
206 429
206 454
206 575
206 685
206 782
206 809
206 812
206 925
207 704
207 546
207 596
207 208
207 310
207 332
207 663
207 991
207 501
207 274
207 330
207 379
207 484
207 604
207 617
207 955
208 249
208 641
208 446
208 719
208 219
208 425
208 510
208 622
208 682
208 803
208 833
208 892
208 947
209 737
209 373
209 562
209 421
209 540
209 565
209 626
209 736
209 796
209 853
209 897
209 962
210 534
210 482
210 816
210 701
210 296
210 321
210 347
210 408
210 552
210 660
210 668
210 674
210 686
210 765
210 881
210 958
211 645
211 741
211 551
211 617
211 879
211 898
211 917
211 410
211 538
211 554
211 572
211 448
211 502
211 221
211 228
211 230
211 250
211 468
211 507
211 734
211 857
211 862
211 925
212 259
212 375
212 386
212 512
212 655
212 488
212 219
212 234
212 274
212 320
212 330
212 379
212 431
212 561
212 621
212 625
213 764
213 688
213 327
213 354
213 881
213 966
213 679
213 673
213 909
213 271
213 296
213 297
213 401
213 402
213 472
213 538
213 591
213 661
213 668
213 712
213 747
213 843
213 874
214 880
214 306
214 683
214 740
214 810
214 766
214 387
214 473
214 653
214 662
214 805
214 855
214 989
215 642
215 746
215 682
215 665
215 875
215 405
215 975
215 988
215 998
215 476
215 576
215 238
215 428
215 631
215 838
215 918
215 981
216 233
216 436
216 563
216 946
216 793
216 921
216 524
216 659
216 765
216 244
216 924
216 321
216 678
216 965
217 679
217 397
217 380
217 218
217 890
217 668
217 310
217 346
217 481
217 607
217 816
217 916
218 354
218 485
218 642
218 245
218 489
218 453
218 677
218 706
218 389
218 470
218 472
218 525
218 712
218 787
219 960
219 235
219 310
219 484
219 382
219 759
219 988
219 833
219 741
219 707
219 908
219 388
219 332
219 410
219 423
219 467
219 508
219 523
219 811
219 823
219 998
220 492
220 635
220 599
220 429
220 555
220 795
220 221
220 390
220 457
220 546
220 568
220 616
220 663
220 671
220 685
220 699
220 727
220 782
220 830
221 631
221 304
221 795
221 753
221 507
221 919
221 238
221 948
221 316
221 318
221 398
221 410
221 424
221 538
221 575
221 595
221 623
221 657
221 772
221 879
221 914
222 668
222 379
222 932
222 640
222 951
222 733
222 628
222 316
222 599
222 554
222 228
222 293
222 750
222 754
223 720
223 308
223 618
223 533
223 707
223 549
223 345
223 375
223 379
223 542
223 611
223 627
223 633
223 739
223 800
223 856
223 868
223 875
224 615
224 754
224 441
224 544
224 439
224 932
224 592
224 925
224 629
224 362
224 279
224 424
224 549
224 668
224 675
224 695
224 703
224 750
224 845
224 859
225 761
225 702
225 372
225 436
225 969
225 338
225 301
225 346
225 494
225 543
225 594
225 656
225 668
226 779
226 427
226 757
226 920
226 371
226 499
226 781
226 608
226 811
226 280
226 292
226 600
226 632
226 783
226 805
226 821
226 854
226 997
227 956
227 967
227 780
227 472
227 888
227 890
227 603
227 376
227 611
227 639
227 668
227 676
227 824
228 656
228 764
228 741
228 392
228 750
228 539
228 314
228 796
228 361
228 398
228 672
228 726
229 434
229 412
229 822
229 379
229 778
229 388
229 620
229 561
229 260
229 261
229 445
229 488
229 625
230 679
230 931
230 522
230 630
230 635
230 269
230 449
230 252
230 239
230 673
230 595
230 979
230 415
230 592
230 447
230 240
230 356
230 466
230 599
230 684
230 925
231 263
231 824
231 907
231 668
231 787
231 296
231 564
231 352
231 475
231 371
231 247
231 272
231 287
231 386
231 763
231 827
232 785
232 876
232 618
232 707
232 902
232 234
232 266
232 605
232 745
232 784
232 886
232 960
233 255
233 327
233 472
233 338
233 668
233 958
233 712
233 961
233 913
233 420
233 337
233 751
233 808
233 927
233 931
233 968
234 669
234 813
234 308
234 975
234 968
234 365
234 766
234 668
234 789
234 857
234 963
234 992
235 246
235 428
235 935
235 455
235 596
235 647
235 262
235 446
235 462
235 509
235 516
235 621
235 627
235 682
235 725
235 750
235 789
235 844
235 892
235 910
235 925
235 972
236 396
236 358
236 687
236 423
236 552
236 471
236 270
236 352
236 383
236 404
236 463
236 598
236 730
237 890
237 791
237 315
237 888
237 642
237 397
237 894
237 245
237 446
237 489
237 663
237 690
237 694
237 725
237 755
238 518
238 623
238 664
238 503
238 390
238 340
238 540
238 864
238 876
238 914
238 925
239 976
239 864
239 279
239 845
239 551
239 926
239 277
239 334
239 448
239 532
239 601
239 735
239 786
239 859
240 344
240 668
240 778
240 841
240 250
240 392
240 288
240 630
240 735
240 617
240 544
240 945
240 461
240 703
240 334
240 413
240 736
240 932
241 386
241 276
241 599
241 734
241 478
241 283
241 426
241 463
241 496
241 603
241 643
241 862
241 891
242 977
242 927
242 648
242 593
242 433
242 342
242 696
242 254
242 631
242 293
242 376
242 444
242 618
242 863
242 866
242 898
242 936
242 940
242 986
243 245
243 357
243 763
243 262
243 759
243 681
243 724
243 980
243 856
243 446
243 725
243 510
243 914
243 324
243 508
243 515
243 585
243 684
243 776
243 802
243 882
243 902
244 996
244 532
244 755
244 958
244 900
244 245
244 301
244 302
244 305
244 668
244 688
244 761
244 907
244 993
245 765
245 639
245 491
245 996
245 346
245 901
245 937
245 949
245 965
245 973
246 974
246 618
246 739
246 396
246 569
246 638
246 742
246 719
246 567
246 468
246 625
246 833
247 418
247 291
247 354
247 937
247 594
247 768
247 698
247 965
247 933
247 632
247 858
247 327
247 401
247 403
247 676
247 708
247 745
247 751
247 816
248 346
248 521
248 875
248 947
248 382
248 422
248 256
248 282
248 390
248 405
248 455
248 509
248 584
248 682
248 731
248 819
249 412
249 357
249 800
249 605
249 759
249 495
249 932
249 254
249 484
249 649
249 911
249 971
250 713
250 335
250 562
250 269
250 897
250 318
250 413
250 448
250 466
250 549
250 619
250 673
250 719
250 721
250 796
250 812
250 849
250 909
250 982
251 794
251 512
251 980
251 431
251 891
251 685
251 275
251 505
251 546
251 559
251 725
251 783
251 801
251 875
251 928
251 946
252 679
252 397
252 306
252 990
252 716
252 637
252 575
252 353
252 933
252 979
252 703
252 951
252 909
252 314
252 307
252 420
252 579
252 714
252 773
252 846
253 419
253 407
253 311
253 668
253 516
253 578
253 547
253 255
253 342
253 359
253 436
253 470
253 714
253 876
253 967
254 940
254 556
254 852
254 696
254 895
254 838
254 822
254 815
254 292
254 365
254 517
255 660
255 712
255 958
255 419
255 642
255 900
255 278
255 407
255 668
255 713
255 817
256 542
256 550
256 509
256 298
256 648
256 503
256 821
256 295
256 303
256 339
256 515
256 554
256 593
256 604
256 663
256 852
256 906
256 955
256 971
257 709
257 617
257 522
257 267
257 316
257 313
257 917
257 360
257 987
257 306
257 307
257 324
257 334
257 363
257 623
257 626
257 754
257 773
257 914
258 873
258 289
258 468
258 906
258 849
258 759
258 619
258 687
258 394
258 692
258 742
258 960
259 511
259 953
259 477
259 394
259 262
259 947
259 330
259 746
259 276
259 283
259 314
259 308
259 420
259 505
259 844
259 877
259 910
260 875
260 856
260 739
260 520
260 604
260 936
260 682
260 467
260 971
260 923
260 614
260 275
260 366
260 422
260 517
260 649
260 759
260 789
260 799
260 808
260 988
261 527
261 718
261 683
261 987
261 406
261 662
261 774
261 458
261 471
261 493
261 647
261 701
261 837
262 295
262 784
262 739
262 776
262 875
262 517
262 604
262 477
262 516
262 719
262 746
262 769
262 963
262 966
263 265
263 676
263 881
263 982
263 893
263 542
263 668
263 867
264 337
264 576
264 904
264 989
264 574
264 920
264 806
264 447
264 478
264 668
264 701
264 837
264 851
265 613
265 954
265 397
265 311
265 745
265 278
265 375
265 407
265 854
265 989
266 799
266 866
266 618
266 505
266 876
266 819
266 797
266 310
266 879
266 941
266 309
266 468
266 574
266 683
266 720
266 955
266 985
267 958
267 304
267 629
267 693
267 390
267 524
267 576
267 699
267 709
267 722
267 846
268 435
268 639
268 328
268 511
268 407
268 674
268 394
268 338
268 370
268 481
268 500
268 583
268 668
268 728
268 744
268 765
268 803
268 958
269 494
269 907
269 932
269 857
269 617
269 599
269 282
269 288
269 312
269 316
269 333
269 405
269 576
269 721
269 917
270 426
270 850
270 650
270 851
270 837
270 718
270 383
270 840
270 293
270 473
270 598
270 715
270 775
270 924
270 929
270 978
271 763
271 736
271 298
271 322
271 351
271 383
271 394
271 648
271 712
272 583
272 668
272 450
272 902
272 379
272 375
272 393
272 396
272 648
272 689
272 778
273 343
273 775
273 608
273 837
273 403
273 580
273 391
273 634
273 701
273 430
273 691
273 693
273 313
273 341
273 355
273 557
273 805
274 910
274 767
274 388
274 412
274 852
274 585
274 375
274 593
274 947
274 311
274 330
274 704
274 797
274 888
275 453
275 682
275 960
275 665
275 480
275 396
275 433
275 569
275 546
275 856
275 776
275 308
275 778
275 985
275 891
275 479
275 475
275 477
275 535
275 648
275 649
275 994
276 950
276 886
276 569
276 424
276 599
276 514
276 753
276 853
276 541
276 544
276 979
276 629
276 635
276 823
276 951
277 539
277 792
277 897
277 723
277 573
277 582
277 919
277 432
277 567
277 314
277 324
277 554
277 824
278 494
278 583
278 482
278 708
278 887
278 915
278 614
278 432
278 313
278 414
278 668
278 711
278 745
278 873
278 913
278 922
278 937
279 735
279 864
279 582
279 945
279 424
279 680
279 657
279 709
279 772
279 695
279 883
279 313
279 486
279 664
280 332
280 341
280 589
280 878
280 293
280 710
280 587
280 869
280 758
280 381
280 442
280 547
280 581
280 740
280 855
281 598
281 471
281 442
281 458
281 769
281 478
281 391
281 530
281 902
282 439
282 601
282 449
282 316
282 373
282 572
282 826
282 825
282 701
282 324
282 328
282 340
282 366
282 714
282 932
283 996
283 793
283 621
283 623
283 554
283 628
283 911
283 846
283 804
283 929
283 308
283 331
283 335
283 426
283 449
283 653
283 657
283 668
283 672
283 675
283 750
283 774
283 826
284 844
284 528
284 944
284 536
284 552
284 783
284 727
284 779
284 832
284 687
284 636
284 387
284 497
284 588
284 654
284 769
284 842
284 882
285 562
285 941
285 766
285 781
285 923
285 355
285 718
285 292
285 341
285 411
285 528
285 587
285 632
285 638
285 644
285 668
285 683
285 705
286 438
286 707
286 517
286 819
286 671
286 557
286 641
286 648
286 668
286 771
286 788
286 833
286 843
286 875
286 900
287 888
287 511
287 603
287 668
287 901
287 812
287 357
287 412
287 472
287 489
287 512
287 639
287 913
287 965
288 668
288 942
288 664
288 637
288 945
288 697
288 599
288 914
288 390
288 962
288 361
288 832
288 986
288 990
289 886
289 661
289 712
289 770
289 419
289 486
289 528
289 598
289 668
289 677
289 768
289 786
289 901
289 970
290 482
290 708
290 639
290 668
290 873
290 325
290 372
290 491
290 511
290 616
290 744
290 762
290 854
290 893
291 359
291 407
291 889
291 905
291 872
291 890
291 473
291 325
291 418
291 489
291 668
291 686
291 913
291 937
291 961
292 860
292 529
292 886
292 361
292 587
292 653
292 293
292 730
292 608
292 430
292 647
292 896
292 840
292 989
292 574
292 643
292 668
292 806
292 884
293 802
293 430
293 766
293 740
293 670
293 805
293 456
293 490
293 558
293 600
293 602
293 653
293 687
293 727
293 781
293 839
294 802
294 839
294 391
294 349
294 399
294 407
294 440
294 487
294 498
294 527
294 578
294 602
294 670
294 710
294 743
294 941
295 698
295 908
295 510
295 561
295 569
295 926
295 353
295 652
295 462
295 495
295 778
295 947
296 338
296 958
296 668
296 765
296 343
296 838
296 477
296 533
296 904
296 500
296 624
296 827
296 835
296 873
296 956
296 973
297 668
297 958
297 764
297 401
297 402
297 414
297 460
297 489
297 613
297 676
297 744
297 890
297 901
297 927
298 887
298 332
298 663
298 345
298 692
298 379
298 367
298 450
298 546
298 726
298 802
298 892
298 927
298 983
299 434
299 746
299 763
299 605
299 445
299 785
299 556
299 994
299 345
299 641
299 731
299 991
299 568
299 427
299 446
299 521
299 542
299 968
300 441
300 634
300 806
300 775
300 653
300 670
300 497
300 896
300 421
300 430
300 521
300 647
300 810
300 869
300 957
300 958
300 959
300 960
301 511
301 616
301 880
301 738
301 521
301 317
301 378
301 474
301 494
301 656
301 668
301 816
301 873
302 679
302 668
302 464
302 958
302 642
302 697
302 344
302 525
302 676
302 793
302 835
302 889
302 917
303 676
303 621
303 976
303 396
303 605
303 508
303 919
303 432
303 488
303 495
303 638
303 891
304 436
304 883
304 772
304 914
304 592
304 862
304 795
304 664
304 852
304 911
304 970
305 459
305 984
305 694
305 828
305 494
305 489
305 583
305 609
305 668
305 958
306 828
306 318
306 914
306 657
306 948
306 514
306 997
306 647
306 353
306 454
306 626
306 668
306 755
306 995
307 796
307 318
307 426
307 599
307 635
307 313
307 628
307 926
307 716
307 448
307 959
307 360
307 366
307 373
307 398
307 413
307 502
307 504
307 750
307 990
308 742
308 918
308 573
308 419
308 520
308 618
308 621
308 633
308 726
308 763
308 802
309 510
309 393
309 759
309 585
309 514
309 507
309 365
309 408
309 431
309 453
309 497
309 548
309 669
309 720
309 725
309 900
309 985
310 393
310 521
310 618
310 829
310 586
310 830
310 570
310 376
310 425
310 620
310 739
310 756
310 819
310 858
310 895
310 942
310 945
310 968
310 998
311 470
311 921
311 453
311 791
311 464
311 543
311 583
311 668
311 706
311 828
312 868
312 845
312 514
312 859
312 877
312 898
312 735
312 444
312 362
312 403
312 409
312 522
312 534
312 541
312 543
312 553
312 699
312 883
312 916
313 666
313 534
313 628
313 925
313 928
313 615
313 553
313 915
313 932
313 424
313 538
313 572
313 595
313 784
314 847
314 720
314 503
314 461
314 795
314 582
314 970
314 609
314 361
314 373
314 401
314 415
314 553
314 630
314 723
314 786
314 804
314 830
314 877
314 995
315 881
315 537
315 610
315 678
315 382
315 908
315 635
315 338
315 397
315 513
315 526
315 581
315 594
315 664
315 706
315 865
315 950
315 958
315 976
315 996
316 794
316 933
316 504
316 795
316 415
316 557
316 810
316 523
316 530
316 636
316 703
316 879
317 670
317 451
317 383
317 807
317 820
317 740
317 371
317 581
317 662
317 686
317 710
317 811
317 870
318 412
318 962
318 795
318 658
318 898
318 410
318 465
318 544
318 601
318 628
318 721
318 796
318 806
318 881
318 914
318 986
319 996
319 602
319 427
319 548
319 870
319 447
319 356
319 788
319 840
319 909
319 914
319 929
320 803
320 345
320 669
320 468
320 763
320 759
320 935
320 384
320 631
320 396
320 743
320 408
320 516
320 523
320 561
320 571
320 723
320 746
320 795
320 971
321 511
321 899
321 435
321 711
321 642
321 552
321 351
321 372
321 428
321 656
321 668
321 827
322 770
322 384
322 501
322 930
322 358
322 705
322 371
322 869
322 920
322 807
322 368
322 387
322 530
322 968
323 651
323 595
323 834
323 705
323 530
323 528
323 570
323 391
323 430
323 442
323 587
323 608
323 693
323 884
323 944
324 665
324 422
324 562
324 400
324 549
324 539
324 909
324 413
324 595
324 897
324 830
324 734
324 572
324 476
324 503
324 538
324 551
324 617
324 750
324 873
325 668
325 961
325 407
325 888
325 676
325 642
325 958
325 601
325 825
325 437
325 460
325 598
325 749
326 407
326 977
326 927
326 901
326 946
326 613
326 817
326 391
326 499
326 402
326 434
326 487
326 862
326 943
326 980
326 993
327 543
327 329
327 438
327 580
327 668
327 761
327 921
328 668
328 835
328 943
328 855
328 860
329 668
329 642
329 958
329 472
329 545
329 943
329 722
329 486
329 702
329 729
329 749
330 908
330 692
330 900
330 669
330 833
330 695
330 331
330 663
330 665
330 731
330 814
330 831
331 425
331 895
331 546
331 384
331 756
331 789
331 742
331 431
331 813
331 510
331 700
331 412
331 460
331 480
331 612
331 814
331 844
332 908
332 891
332 852
332 509
332 521
332 422
332 505
332 386
332 484
332 784
332 559
332 425
332 450
332 546
332 677
333 813
333 413
333 355
333 502
333 551
333 554
333 684
333 736
333 914
333 933
334 664
334 716
334 504
334 615
334 452
334 926
334 652
334 522
334 361
334 915
335 562
335 796
335 786
335 490
335 369
335 683
335 460
335 463
335 539
335 549
335 640
335 830
335 833
336 817
336 537
336 899
336 668
336 943
336 792
336 592
336 718
336 338
336 359
336 880
337 958
337 873
337 993
337 984
337 574
337 740
337 453
337 467
337 472
337 525
337 616
337 668
337 762
337 872
337 921
338 470
338 414
338 694
338 626
338 491
338 590
338 677
338 764
338 816
338 916
338 934
338 974
339 677
339 638
339 908
339 684
339 519
339 523
339 584
339 596
339 724
339 773
339 811
339 963
340 755
340 544
340 853
340 392
340 410
340 439
340 680
340 733
340 743
340 848
340 914
341 978
341 779
341 352
341 536
341 832
341 944
341 775
341 378
341 448
341 566
341 939
342 468
342 771
342 797
342 427
342 428
342 495
342 531
342 669
342 841
343 668
343 847
343 787
343 886
343 472
343 934
343 511
343 391
343 718
343 354
343 370
343 407
343 513
343 529
343 873
344 943
344 668
344 639
344 808
344 969
344 876
344 925
344 491
344 563
344 678
344 864
344 889
345 910
345 422
345 936
345 823
345 724
345 391
345 509
345 548
345 584
345 655
345 719
345 935
345 999
346 563
346 372
346 350
346 966
346 482
346 893
346 634
346 485
346 591
346 668
346 822
346 847
346 907
346 949
347 791
347 407
347 950
347 486
347 762
347 969
347 907
347 460
347 604
347 828
347 873
347 934
348 983
348 632
348 981
348 497
348 855
348 748
348 834
348 710
348 498
348 606
348 811
348 858
348 913
348 922
348 923
348 984
349 382
349 920
349 636
349 884
349 798
349 501
349 547
349 560
349 587
349 650
349 653
349 664
349 701
349 743
349 825
350 660
350 791
350 474
350 590
350 655
350 668
350 760
350 863
350 873
350 886
350 953
350 958
350 977
351 613
351 535
351 775
351 632
351 825
351 421
351 577
351 589
351 622
351 670
351 693
351 715
351 748
351 832
351 854
351 862
351 922
351 987
352 591
352 514
352 683
352 552
352 614
352 498
352 912
352 432
352 606
352 654
352 404
352 465
352 530
352 701
352 710
352 788
352 858
352 861
352 952
353 542
353 918
353 424
353 575
353 506
353 410
353 826
353 576
353 501
353 426
353 496
353 572
353 573
353 723
354 543
354 679
354 486
354 456
354 453
354 464
354 524
354 668
354 977
355 892
355 442
355 989
355 493
355 547
355 565
355 600
355 691
355 775
355 867
355 929
355 944
356 966
356 874
356 475
356 691
356 447
356 904
356 391
356 535
356 638
356 644
356 665
356 683
356 730
356 748
356 774
356 924
356 930
356 957
357 908
357 953
357 625
357 455
357 628
357 739
357 778
357 844
357 918
358 778
358 504
358 923
358 798
358 957
358 924
358 423
358 587
358 588
358 952
358 378
358 483
358 882
358 930
358 942
359 950
359 885
359 590
359 472
359 961
359 958
359 666
359 380
359 607
359 402
359 431
359 456
359 487
359 943
359 954
360 401
360 502
360 962
360 420
360 524
360 565
360 566
360 623
360 644
360 695
360 709
360 750
360 776
360 845
360 848
360 853
360 925
360 959
360 965
361 958
361 972
361 864
361 592
361 429
361 772
361 951
361 506
361 623
361 579
361 652
361 369
361 454
361 565
361 714
361 917
362 914
362 623
362 539
362 897
362 609
362 658
362 392
362 587
362 757
362 417
362 449
362 461
362 548
362 584
362 721
362 773
362 829
362 913
362 934
363 695
363 476
363 461
363 540
363 699
363 398
363 853
363 782
363 409
363 964
363 941
363 507
363 646
363 675
363 684
363 693
363 709
363 990
364 513
364 381
364 901
364 660
364 745
364 503
364 471
364 401
364 459
364 525
364 645
364 694
364 803
364 829
364 959
364 985
365 704
365 868
365 935
365 778
365 696
365 726
365 920
365 546
365 741
366 677
366 659
366 848
366 553
366 576
366 883
366 964
366 630
366 926
366 425
366 503
366 588
366 710
366 796
367 472
367 394
367 875
367 732
367 852
367 975
367 771
367 386
367 393
367 438
367 571
367 663
367 692
367 745
367 767
367 873
367 896
367 918
367 947
367 953
368 710
368 691
368 451
368 471
368 478
368 553
368 757
368 840
368 855
368 997
369 504
369 933
369 716
369 496
369 457
369 441
369 426
369 623
369 668
369 754
369 773
369 914
369 920
370 668
370 899
370 843
370 712
370 760
370 851
370 491
370 613
370 881
370 950
371 932
371 870
371 598
371 528
371 774
371 718
371 740
371 421
371 705
371 766
371 790
372 543
372 984
372 751
372 996
372 491
372 518
372 524
372 901
372 916
373 615
373 664
373 786
373 410
373 826
373 941
374 668
374 431
374 577
374 501
374 552
374 836
374 403
374 423
374 447
374 570
374 595
374 634
374 688
374 757
374 842
374 858
374 997
375 561
375 799
375 515
375 412
375 585
375 983
375 741
375 383
375 495
375 719
375 726
375 772
375 833
375 988
376 388
376 844
376 631
376 593
376 415
376 604
376 633
376 786
376 874
376 971
376 991
377 537
377 938
377 607
377 486
377 397
377 511
377 594
377 668
377 890
378 506
378 882
378 391
378 779
378 458
378 463
378 547
378 774
379 622
379 396
379 611
379 725
379 727
379 898
379 902
379 988
380 765
380 934
380 436
380 847
380 931
380 526
380 568
380 549
380 442
380 419
380 565
380 668
380 705
380 749
380 921
381 828
381 993
381 486
381 613
381 874
381 383
381 434
381 525
381 529
381 541
381 557
381 668
381 701
381 913
381 937
382 468
382 455
382 428
382 516
382 767
382 776
382 790
382 799
382 870
382 892
382 980
383 918
383 420
383 471
383 939
383 547
383 458
383 912
383 687
383 805
383 391
383 417
383 691
383 566
383 413
383 475
383 535
383 560
383 608
383 623
383 722
383 757
383 775
383 930
384 428
384 521
384 559
384 408
384 692
384 802
384 696
384 837
384 577
384 480
385 526
385 516
385 428
385 506
385 932
385 499
385 423
385 798
385 981
385 839
385 781
385 783
385 854
385 662
385 406
385 451
385 581
385 691
385 715
385 760
385 862
385 893
385 900
385 904
386 866
386 561
386 640
386 825
386 484
386 488
386 648
386 655
386 736
386 823
386 972
387 529
387 553
387 783
387 941
387 854
387 636
387 810
387 447
387 427
387 483
387 428
387 566
387 567
387 704
387 774
387 870
388 661
388 841
388 976
388 935
388 811
388 398
388 428
388 446
388 550
388 561
388 634
388 681
388 739
388 742
388 781
388 808
388 866
389 949
389 603
389 666
389 916
389 888
389 488
389 963
389 896
389 616
389 647
389 667
389 712
389 958
390 668
390 410
390 948
390 652
390 684
390 796
390 400
390 398
390 426
390 914
390 439
390 909
390 629
390 424
390 541
390 653
390 853
390 879
390 894
390 905
391 839
391 869
391 683
391 779
391 643
391 733
391 740
391 769
391 777
391 834
391 912
391 989
392 812
392 416
392 476
392 544
392 626
392 675
392 680
392 845
392 864
392 962
392 990
393 412
393 462
393 665
393 605
393 550
393 580
393 586
393 613
393 620
393 669
393 799
393 814
393 908
394 706
394 584
394 976
394 731
394 831
394 784
394 797
394 531
394 559
394 619
395 594
395 486
395 982
395 435
395 780
395 761
395 442
395 559
395 668
395 706
395 931
395 946
395 965
396 612
396 467
396 446
396 523
396 704
396 726
396 778
396 797
396 908
396 968
397 668
397 816
397 603
397 737
397 747
397 749
397 984
398 970
398 609
398 540
398 555
398 443
398 404
398 575
398 673
398 898
398 990
399 407
399 731
399 444
399 957
399 403
399 417
399 447
399 463
399 580
399 811
399 855
399 882
399 999
400 507
400 970
400 812
400 962
400 877
400 825
400 448
400 466
400 559
400 582
400 664
400 716
400 914
400 918
400 925
400 995
401 760
401 591
401 590
401 984
401 616
401 969
401 464
401 764
401 642
401 885
401 674
401 771
401 512
401 742
401 958
402 958
402 975
402 481
402 500
402 666
402 668
402 934
402 984
403 763
403 504
403 727
403 718
403 981
403 420
403 588
403 636
403 660
403 867
403 990
404 933
404 769
404 869
404 798
404 671
404 558
404 574
404 588
404 589
404 664
404 687
404 753
404 978
405 668
405 985
405 856
405 908
405 431
405 724
405 942
406 820
406 929
406 978
406 867
406 606
406 417
406 499
406 634
406 643
406 646
406 730
406 944
407 713
407 443
407 470
407 489
407 708
407 771
407 774
407 812
407 828
407 878
407 886
407 901
407 932
407 974
407 982
407 993
408 516
408 546
408 605
408 651
408 724
408 729
408 935
409 609
409 979
409 695
409 541
409 684
409 504
409 540
409 568
409 723
409 772
410 859
410 658
410 562
410 826
410 930
410 483
410 496
410 812
410 889
410 914
410 926
410 962
411 896
411 758
411 997
412 797
412 868
412 503
412 854
412 424
412 495
412 569
412 612
412 622
412 651
412 756
412 935
413 486
413 990
413 845
413 541
413 540
413 782
413 415
413 573
413 609
413 693
413 826
414 982
414 674
414 873
414 524
414 828
414 863
414 528
414 474
414 491
414 594
414 624
414 625
414 668
414 743
414 748
414 838
414 956
414 977
415 973
415 657
415 721
415 695
415 948
415 448
415 544
415 716
415 735
415 796
415 914
416 613
416 616
416 559
416 959
416 805
416 989
416 632
416 650
416 483
416 987
416 427
416 687
416 920
416 451
416 465
416 598
416 757
416 774
416 783
416 798
416 807
416 810
416 912
416 986
417 613
417 632
417 644
417 775
417 483
417 578
417 598
417 691
417 820
417 839
417 989
418 668
418 780
418 500
418 768
419 793
419 950
419 934
419 586
419 470
419 487
419 500
419 524
419 532
419 603
419 668
419 674
419 860
419 931
419 958
420 860
420 494
420 635
420 858
420 578
420 735
421 734
421 653
421 757
421 683
421 589
421 501
421 650
421 834
421 867
422 622
422 505
422 865
422 556
422 856
422 797
422 757
422 468
422 611
422 619
422 742
422 759
422 768
422 947
423 999
423 499
423 447
423 497
423 602
423 634
423 668
423 693
423 798
423 806
423 854
423 876
423 923
423 978
424 507
424 449
424 568
424 544
424 579
424 609
424 629
424 754
424 951
425 739
425 523
425 531
425 955
425 433
425 426
425 675
425 742
425 908
425 988
426 988
426 476
426 919
426 909
426 439
426 951
426 562
426 626
426 549
426 604
426 609
426 795
426 796
426 864
426 967
426 979
427 942
427 919
427 552
427 978
427 774
427 920
427 440
427 523
427 578
427 595
427 641
427 647
427 650
427 671
427 758
427 766
427 815
427 834
427 904
428 729
428 639
428 856
428 546
428 963
428 605
428 894
428 689
428 759
428 838
428 985
429 845
429 565
429 986
429 439
429 879
429 959
429 964
429 514
429 753
429 562
429 722
429 786
429 658
429 691
429 761
429 792
429 915
429 990
430 949
430 945
430 567
430 884
430 920
430 566
430 552
430 547
430 465
430 535
430 557
430 578
430 632
430 820
430 878
431 706
431 521
431 467
431 455
431 612
431 936
431 433
431 799
431 682
431 833
431 520
431 519
431 856
431 800
431 978
431 619
431 633
431 785
431 802
431 963
432 645
432 479
432 896
432 463
432 444
432 654
432 691
432 730
432 806
432 834
432 879
432 894
432 930
432 987
433 731
433 655
433 477
433 516
433 519
433 523
433 571
433 577
433 618
433 664
433 759
433 771
433 802
433 994
434 916
434 713
434 607
434 950
434 668
434 924
434 690
434 708
434 738
434 946
435 659
435 597
435 918
435 926
435 474
435 537
435 611
435 634
435 698
435 747
435 956
435 961
435 974
436 597
436 992
436 839
436 487
436 610
436 668
436 761
436 770
436 787
436 830
436 888
436 958
436 966
437 961
437 712
437 486
437 616
437 659
437 668
437 738
437 792
437 863
437 927
438 586
438 450
438 455
438 784
438 614
438 571
438 645
438 657
438 940
439 457
439 544
439 812
439 599
439 810
439 920
439 461
439 490
439 524
439 555
439 623
439 804
439 928
439 951
440 676
440 826
440 978
440 855
440 854
440 834
440 929
440 858
440 894
440 463
440 527
440 671
440 781
440 939
440 997
441 467
441 508
441 830
441 664
441 695
441 483
441 579
441 592
441 675
441 846
441 864
441 909
441 911
441 914
441 949
441 964
442 897
442 912
442 479
442 894
442 580
442 634
442 528
442 672
442 836
442 839
443 716
443 877
443 919
443 514
443 700
443 897
443 601
443 582
443 522
443 733
443 735
443 791
443 962
444 683
444 705
444 836
444 944
444 878
444 499
444 520
444 574
444 642
444 766
444 783
445 739
445 546
445 838
445 823
445 818
445 696
445 742
445 655
445 720
445 972
445 627
445 662
445 452
445 725
446 694
446 763
446 450
446 822
446 776
446 845
446 903
446 605
446 649
446 724
446 797
446 838
446 991
446 992
447 936
447 536
447 920
447 510
447 535
447 581
447 598
447 728
447 794
447 836
447 840
447 922
447 970
448 635
448 914
448 970
448 883
448 864
448 926
448 544
448 773
448 848
448 909
449 507
449 672
449 461
449 514
449 454
449 522
449 540
449 773
449 853
449 914
449 919
449 933
449 951
450 983
450 940
450 915
450 653
450 785
450 914
451 641
451 502
451 573
451 781
451 903
451 741
452 835
452 494
452 721
452 657
452 568
452 883
452 830
452 915
452 672
452 640
452 668
452 683
452 723
452 897
452 951
453 639
453 982
453 735
453 540
453 591
453 668
453 677
454 668
454 982
454 515
454 617
454 926
454 879
454 522
454 640
454 898
454 911
455 960
455 876
455 682
455 542
455 628
455 571
455 689
455 732
455 906
456 668
456 464
456 525
456 958
456 485
456 617
456 781
456 491
456 603
456 872
456 880
456 977
457 659
457 658
457 945
457 845
457 909
457 911
457 628
457 652
457 812
458 619
458 904
458 475
458 577
458 477
458 582
458 662
458 701
458 743
458 807
458 858
458 924
458 992
459 745
459 937
459 873
459 966
459 887
459 472
459 795
459 500
459 526
459 635
459 657
459 755
460 526
460 793
460 713
460 525
460 851
460 989
460 506
460 595
460 885
461 797
461 502
461 883
461 772
461 864
461 635
461 697
461 846
461 898
461 932
462 517
462 866
462 844
462 985
463 706
463 537
463 946
463 731
463 614
463 820
463 810
463 920
463 602
463 779
463 671
463 479
463 501
463 527
463 777
464 768
464 916
464 510
464 525
464 668
464 686
464 934
464 941
465 629
465 815
465 740
465 952
465 548
465 825
465 779
465 578
465 662
465 878
465 997
466 537
466 926
466 864
466 502
466 877
466 672
466 754
466 826
466 975
467 947
467 980
467 902
467 955
467 480
467 638
468 913
468 519
468 988
468 484
468 910
468 731
468 813
468 720
468 719
468 566
468 619
468 705
469 958
469 949
469 487
469 511
469 863
469 668
469 713
469 982
469 793
469 638
469 812
469 721
469 684
469 904
469 944
469 610
469 702
469 711
469 824
469 873
469 937
470 793
470 668
470 803
470 973
470 525
470 905
470 591
470 472
470 491
470 616
471 958
471 745
471 662
471 878
471 930
471 580
471 766
471 810
471 867
471 570
471 632
471 811
471 858
471 869
471 957
472 668
472 977
472 594
472 732
472 792
472 921
473 894
473 654
473 498
473 483
473 501
473 478
473 528
473 566
473 635
473 693
473 783
473 857
473 987
474 639
474 958
474 712
474 678
474 603
474 563
474 999
474 482
474 500
474 538
474 889
474 921
474 931
475 668
475 496
475 654
475 515
475 535
475 546
475 577
475 598
475 836
475 923
476 914
476 925
476 572
476 592
476 595
476 658
476 753
476 827
477 784
477 771
477 833
477 648
477 953
477 731
477 724
477 892
477 844
477 627
477 623
477 495
477 525
477 584
478 705
478 912
478 774
478 574
478 602
478 894
478 530
478 507
478 608
478 718
478 744
478 811
478 832
479 993
479 973
479 796
479 693
479 987
479 810
479 884
479 981
479 599
479 606
479 650
479 732
479 842
479 912
479 930
479 990
480 518
480 692
480 707
480 519
480 665
480 531
480 488
480 865
480 722
480 939
480 571
480 731
480 739
480 975
481 958
481 881
481 977
481 886
481 751
481 948
481 659
481 668
481 679
481 706
481 901
481 934
482 969
482 679
482 827
482 967
482 668
482 729
482 751
482 826
482 901
482 993
483 648
483 728
483 705
483 581
483 505
483 837
484 668
484 620
484 983
484 759
484 953
485 950
485 594
485 668
485 747
485 813
486 656
486 489
486 816
486 695
486 543
486 668
486 674
486 765
486 822
486 956
486 958
487 513
487 751
487 494
487 873
487 532
487 575
487 599
487 686
488 593
488 800
488 759
488 658
488 672
488 846
488 727
488 561
488 766
489 610
489 958
489 747
489 529
489 624
489 668
489 808
489 854
489 921
489 937
490 503
490 576
490 914
490 697
490 859
490 695
490 557
490 581
490 707
490 911
490 921
491 946
491 713
491 761
491 969
491 564
491 537
491 660
491 817
491 567
491 539
491 591
491 668
491 793
491 873
492 744
492 613
492 711
492 533
492 696
492 914
492 500
492 524
492 659
492 668
492 674
492 678
492 712
492 803
492 924
493 718
493 929
493 687
493 527
493 528
493 570
493 588
493 614
493 783
493 857
493 987
494 524
494 668
494 591
494 787
494 881
494 976
494 919
494 624
494 752
494 824
494 871
494 872
494 893
494 958
494 969
495 789
495 571
495 616
495 633
495 668
495 689
495 797
495 847
496 618
496 516
496 651
496 925
496 652
496 637
496 964
496 658
496 716
496 848
497 733
497 568
497 566
497 924
497 547
497 920
497 589
497 850
497 527
497 805
497 832
498 668
498 798
498 952
498 718
498 643
498 894
498 530
498 558
498 570
498 581
498 740
498 816
498 904
499 775
499 557
499 560
499 587
499 598
499 643
499 683
499 710
499 757
499 798
499 858
499 907
499 957
500 974
500 958
500 711
500 907
500 762
500 897
500 558
500 564
500 668
500 709
501 836
501 558
501 748
501 896
501 715
501 687
501 578
501 608
501 653
501 701
501 944
502 868
502 864
502 825
502 538
502 647
502 662
502 685
503 543
503 627
503 510
503 734
503 914
503 664
503 709
503 544
503 853
503 582
503 736
503 549
503 628
503 995
504 759
504 593
504 721
504 699
504 786
504 671
504 544
504 640
504 734
504 783
504 796
504 959
505 521
505 767
505 520
505 988
505 585
505 998
505 763
505 952
505 588
505 762
505 776
505 892
505 976
506 723
506 917
506 722
506 769
506 575
506 668
506 848
506 865
506 919
506 968
506 970
507 541
507 923
507 981
507 595
507 697
507 753
507 782
507 830
507 898
507 914
507 965
508 985
508 618
508 657
508 911
508 523
508 585
508 596
508 739
508 769
508 819
508 936
509 698
509 520
509 818
509 919
509 605
509 892
509 947
510 886
510 704
510 720
510 976
510 823
510 767
510 623
510 626
510 638
510 692
510 696
510 721
510 731
510 792
510 875
510 909
510 955
510 972
511 564
511 661
511 668
511 745
511 827
511 904
511 956
511 977
512 690
512 966
512 526
512 907
512 797
512 895
512 517
512 707
512 696
512 584
513 762
513 934
513 642
513 961
513 620
513 883
513 770
513 937
514 753
514 990
514 672
514 809
514 551
514 557
514 595
514 609
514 641
514 826
514 857
514 859
514 915
514 917
515 681
515 731
515 550
515 866
515 892
515 797
515 556
515 985
515 521
515 580
515 814
516 816
516 814
516 865
516 717
516 831
516 612
516 622
516 669
516 973
517 829
517 990
517 521
517 742
517 992
518 847
518 937
518 668
518 543
518 594
518 639
518 708
518 801
519 900
519 829
519 831
519 618
519 620
519 656
519 756
519 776
519 794
519 844
519 876
519 880
519 979
520 620
520 696
520 778
520 998
520 732
520 533
520 633
520 655
521 953
521 732
521 596
521 616
521 726
521 759
521 778
521 789
522 579
522 990
522 582
522 911
522 804
522 555
522 633
522 995
523 960
523 719
523 605
523 972
523 569
523 611
524 958
524 761
524 946
524 905
524 913
524 757
524 927
525 996
525 956
525 668
525 755
525 762
525 789
525 884
525 961
526 668
526 537
526 742
526 831
526 832
526 775
526 600
526 659
526 726
526 967
527 934
527 900
527 839
527 566
527 608
527 693
527 581
527 775
527 869
527 923
528 697
528 576
528 606
528 805
528 781
528 810
528 858
528 580
528 922
528 647
528 668
528 777
528 884
529 938
529 958
529 982
529 791
529 884
529 639
529 668
529 921
530 691
530 715
530 896
530 643
530 701
530 944
530 912
530 535
530 557
530 644
530 994
531 744
531 571
531 998
531 786
531 800
531 983
532 887
532 544
532 701
532 534
532 537
532 613
532 668
532 749
533 622
533 844
533 542
533 635
533 724
533 785
534 765
534 688
534 890
534 694
534 733
534 761
534 857
535 971
535 976
535 944
535 748
535 650
535 924
535 547
535 598
535 810
536 851
536 834
536 557
536 839
536 634
536 757
536 884
536 920
536 952
537 583
537 764
537 760
537 927
537 973
537 586
537 668
537 690
537 889
538 868
538 776
538 919
538 615
538 554
538 945
538 733
538 652
538 617
538 850
538 540
538 601
538 933
539 686
539 722
539 592
539 681
539 699
539 891
539 915
539 932
539 945
539 953
540 610
540 945
540 555
540 721
540 573
540 903
540 604
540 657
540 733
540 933
541 808
541 623
541 829
541 830
542 953
542 936
542 908
542 739
542 584
542 778
542 630
542 648
542 668
543 889
543 885
543 893
543 668
543 604
543 714
543 801
544 991
544 773
544 914
544 981
544 562
544 699
544 766
544 804
544 859
544 964
544 970
544 971
545 755
545 890
545 905
545 880
545 559
545 593
545 668
545 863
545 889
545 907
546 942
546 593
546 797
546 596
546 583
547 746
547 912
547 691
547 653
547 588
547 836
547 941
547 958
548 687
548 606
548 600
548 783
548 837
548 798
548 557
548 636
548 603
548 912
549 695
549 673
549 964
549 796
549 573
549 909
549 555
549 672
549 700
549 714
549 914
550 741
550 776
550 929
550 763
550 790
551 582
551 572
551 964
551 772
551 555
551 568
551 773
551 914
551 917
552 831
552 775
552 855
552 867
552 557
552 581
552 598
552 600
552 643
552 716
552 783
552 811
552 815
552 854
552 858
552 878
552 884
552 899
552 960
553 951
553 576
553 555
553 664
553 986
553 592
553 589
553 623
553 733
553 845
553 925
553 932
553 979
554 750
554 851
554 664
554 834
554 864
554 913
555 642
555 962
555 703
555 754
555 623
555 572
555 640
555 576
555 609
555 643
555 677
555 684
556 802
556 585
556 627
556 908
556 912
556 648
556 663
556 665
556 742
556 778
557 950
557 740
557 912
557 646
557 922
557 578
557 647
557 727
557 928
557 941
558 686
558 779
558 884
558 577
558 832
558 600
558 634
558 660
558 757
558 850
558 852
558 861
558 922
558 962
559 746
559 829
559 569
559 571
559 707
559 712
559 741
559 767
559 945
560 774
560 807
560 878
561 739
561 651
561 906
561 971
561 584
561 625
561 631
561 655
561 707
561 800
561 849
561 947
561 976
562 700
562 864
562 601
562 637
562 933
562 673
562 736
562 948
562 964
563 817
563 958
563 752
563 644
563 668
563 713
563 762
563 816
563 870
563 873
563 996
563 998
564 943
564 668
564 706
564 766
564 768
565 674
565 915
565 897
565 697
565 859
565 592
565 617
565 673
565 830
565 933
566 622
566 779
566 811
566 997
566 834
567 572
567 587
567 589
567 622
567 643
567 775
567 806
568 874
568 672
568 793
568 995
569 641
569 659
569 692
569 725
569 778
569 908
569 942
569 988
570 815
570 997
570 922
570 608
570 882
571 865
571 707
571 953
571 771
571 622
571 719
571 844
571 920
571 935
572 914
572 826
572 576
572 646
572 668
572 695
572 697
572 796
572 862
572 880
572 917
573 914
573 758
573 628
573 650
573 664
573 754
573 986
574 668
574 641
574 810
574 779
574 815
574 598
574 589
574 632
574 662
574 840
574 861
575 760
575 637
575 909
575 709
575 652
575 773
575 848
575 962
576 751
576 925
576 877
576 920
576 867
576 581
576 680
576 685
576 830
576 985
577 991
577 853
577 855
577 840
577 869
577 958
578 873
578 998
578 929
578 981
578 693
578 580
578 758
578 850
578 987
579 725
579 856
579 917
579 948
579 796
579 859
579 898
580 586
580 778
580 810
580 600
580 798
580 779
580 766
580 920
580 941
580 805
580 606
580 664
580 783
580 833
580 868
581 684
581 777
581 952
581 769
581 836
582 623
582 625
582 660
582 716
582 736
582 911
582 914
582 919
582 962
583 678
583 676
583 872
583 668
583 949
583 993
583 752
583 651
583 756
583 698
583 937
584 682
584 818
584 892
584 696
584 593
584 619
584 631
584 719
584 742
585 994
585 794
585 822
585 622
585 605
585 663
585 717
585 759
585 906
585 918
585 971
586 618
586 953
586 841
586 631
586 682
586 743
586 823
586 876
586 955
586 958
586 963
587 600
587 912
587 832
587 608
587 740
587 774
587 783
587 876
587 883
588 865
588 823
588 995
588 757
588 978
588 783
588 748
588 822
589 713
589 722
589 978
589 766
590 668
590 791
590 708
590 638
590 645
590 660
590 666
590 711
590 755
590 761
590 863
590 893
590 971
591 927
591 624
591 674
591 816
591 968
592 753
592 959
592 664
592 672
592 680
592 714
592 890
592 920
592 932
592 945
592 979
593 677
593 960
593 852
593 627
593 704
593 900
593 641
593 596
593 739
593 767
593 822
593 867
594 676
594 969
594 958
594 893
594 761
594 613
594 945
594 923
594 668
594 899
594 966
594 972
595 919
595 809
595 601
595 723
595 788
595 722
595 804
595 826
595 926
595 986
596 778
596 838
596 849
596 972
596 657
596 726
597 667
597 737
597 744
597 668
597 616
597 961
597 887
597 958
597 824
597 993
597 707
597 804
598 885
598 912
598 858
598 715
598 923
598 839
599 610
599 925
599 673
599 652
599 628
599 881
599 990
600 717
600 703
600 602
600 987
600 989
600 647
600 644
600 872
601 954
601 700
601 773
601 995
601 672
601 609
601 653
601 619
601 635
601 754
601 805
601 917
601 962
602 929
602 904
602 766
602 912
602 774
602 726
602 758
602 815
602 851
602 870
602 907
602 920
602 930
603 661
603 764
603 762
603 668
603 901
603 690
603 669
603 894
603 607
603 656
603 686
603 702
604 692
604 892
604 725
604 876
604 900
604 991
604 981
604 914
604 918
605 739
605 840
605 648
605 689
605 759
606 636
606 924
607 688
607 642
607 737
607 886
607 616
607 668
607 764
607 885
607 903
607 939
607 985
608 832
608 815
608 923
608 781
608 732
608 787
608 997
609 627
609 681
609 628
609 914
609 809
609 629
609 680
609 773
609 792
609 795
609 954
610 847
610 872
610 706
610 668
610 676
610 816
610 835
610 950
610 958
610 967
611 621
611 771
611 865
611 968
611 648
612 963
612 844
612 638
612 717
612 725
612 746
612 785
613 686
613 889
613 751
613 974
613 639
613 656
613 659
613 702
613 737
613 893
613 958
614 666
614 808
614 632
614 821
614 726
614 728
614 837
615 995
615 962
615 867
615 629
615 857
615 864
615 951
615 968
616 880
616 993
616 667
616 885
616 938
616 791
616 809
616 913
616 965
617 915
617 772
617 879
617 754
617 782
617 626
617 962
617 714
617 753
617 853
617 883
617 983
618 682
618 622
618 821
618 832
618 633
618 833
618 876
618 910
618 918
618 942
618 988
619 666
619 762
619 771
619 767
619 641
619 866
619 731
619 774
619 963
620 934
620 852
620 663
620 776
620 799
620 822
621 936
621 692
621 654
621 663
621 746
621 796
621 800
622 992
622 875
622 746
622 849
622 960
622 882
622 763
622 792
622 794
622 814
622 884
622 936
622 939
623 708
623 695
623 709
623 786
624 668
624 744
624 642
624 816
624 938
624 708
624 892
625 998
625 906
625 669
625 724
625 841
625 849
625 865
625 927
625 955
625 985
626 852
626 649
626 857
626 948
626 898
626 685
626 951
627 638
627 675
627 852
627 891
627 992
628 642
628 629
628 735
628 637
628 754
629 668
629 793
629 928
629 970
629 664
629 723
630 816
630 948
630 754
630 928
630 672
630 914
631 745
631 776
631 669
631 732
631 744
631 797
631 818
631 985
632 971
632 815
632 636
632 924
632 727
632 715
632 634
632 861
633 991
633 665
633 852
633 895
633 726
633 841
633 972
634 679
634 840
634 646
634 783
635 657
635 911
635 915
635 903
635 999
635 637
635 733
635 782
635 823
635 959
636 697
636 896
636 779
636 650
636 681
636 728
636 774
636 815
636 848
636 882
637 895
637 732
637 652
637 815
637 646
637 709
637 735
637 773
637 830
638 674
638 918
638 717
638 865
638 980
638 902
638 970
638 789
638 975
639 817
639 905
639 974
639 686
639 694
639 713
639 793
639 873
639 925
640 816
640 853
640 735
640 672
640 680
640 752
640 782
640 862
640 898
640 911
640 914
641 918
641 814
641 648
641 719
641 731
641 892
641 958
641 972
642 668
642 974
642 765
642 883
642 677
642 711
642 791
642 899
642 916
643 668
643 761
643 790
643 818
643 882
643 774
643 811
644 916
644 767
644 941
644 896
644 978
644 910
645 967
645 958
645 966
645 666
645 768
645 787
645 873
645 889
645 927
646 909
646 685
646 775
646 884
646 743
646 981
646 999
646 740
646 929
646 710
646 957
647 861
647 837
647 999
647 821
647 668
647 693
647 922
647 941
648 797
648 669
648 696
648 947
648 673
648 779
648 776
649 751
649 844
649 726
649 692
650 836
650 740
650 851
650 989
650 807
650 820
650 858
650 867
650 957
650 983
651 856
651 704
651 717
651 726
651 790
651 811
651 831
651 876
651 942
651 976
652 933
652 685
652 812
652 718
652 930
652 668
652 672
652 673
652 695
652 703
652 735
652 771
653 802
654 714
654 926
654 668
654 710
654 740
654 777
654 779
654 788
654 836
654 959
655 893
655 829
655 918
655 895
655 799
655 865
655 658
655 682
655 998
656 943
656 996
656 885
656 973
656 668
656 712
656 713
656 752
656 765
656 874
656 886
656 966
656 993
657 874
657 823
657 853
657 962
657 796
657 782
657 734
657 727
657 914
658 695
658 990
658 846
658 773
658 734
658 753
658 754
658 909
658 911
659 755
659 668
659 813
659 889
660 668
660 708
660 899
660 667
660 993
660 702
660 934
661 993
661 762
661 847
661 913
661 946
661 668
661 745
661 872
661 890
662 691
662 850
662 781
662 714
663 759
663 802
663 910
663 991
663 740
663 902
664 945
664 915
664 697
664 735
664 699
664 734
664 750
665 918
665 841
665 990
665 687
665 826
666 966
666 824
666 711
666 946
666 801
666 874
666 949
666 965
666 668
666 744
666 921
667 702
667 993
667 668
667 676
667 747
667 791
667 899
668 729
668 674
668 702
668 890
668 764
668 993
668 874
668 905
668 765
668 958
668 768
668 847
668 808
668 872
668 791
668 677
668 889
668 977
668 880
668 949
668 916
668 913
668 907
668 708
668 817
668 676
668 961
668 886
668 881
668 761
668 712
668 827
668 801
668 787
668 824
668 885
668 860
668 901
668 967
668 803
668 893
668 688
668 974
668 698
668 780
668 938
668 755
668 835
668 873
668 828
668 749
668 954
668 731
668 962
668 925
668 695
668 740
668 870
668 671
668 903
668 922
668 882
668 678
668 679
668 686
668 690
668 711
668 713
668 737
668 738
668 741
668 743
668 745
668 747
668 756
668 759
668 770
668 816
668 820
668 843
668 871
668 887
668 888
668 930
668 939
668 947
668 956
668 969
668 970
668 997
669 865
669 746
669 720
669 732
669 741
669 767
669 822
669 833
669 902
669 935
669 975
670 798
670 820
670 997
670 805
671 722
671 775
671 920
671 987
672 883
672 792
672 848
673 959
673 853
673 723
673 796
673 848
674 982
674 860
674 729
674 734
674 828
674 881
674 889
674 921
674 954
675 796
675 897
675 986
676 956
676 958
676 881
676 822
676 708
676 731
676 780
676 801
676 880
676 884
676 969
677 679
677 760
678 749
678 887
678 860
678 958
679 827
679 886
679 770
679 931
679 958
679 974
679 984
680 990
680 911
680 925
680 932
680 952
680 981
681 994
681 983
681 732
681 756
681 759
681 819
682 906
682 814
682 849
682 865
682 785
682 823
682 824
683 705
683 769
683 850
683 863
683 997
683 999
684 818
684 695
684 716
684 697
684 735
684 990
684 733
684 792
684 796
684 804
684 970
685 809
685 826
685 754
686 761
686 954
686 943
686 755
686 977
686 708
686 827
686 913
686 958
686 961
687 855
687 798
687 728
687 755
687 870
688 916
688 993
688 708
688 738
688 783
688 871
689 739
689 972
689 841
689 947
689 725
689 902
690 872
690 808
691 870
691 941
691 693
691 766
691 842
691 894
691 912
691 987
692 752
692 867
692 726
692 731
692 789
692 841
692 947
692 963
693 953
693 878
693 903
693 730
693 769
693 728
693 825
693 854
693 883
693 922
694 808
694 824
694 967
694 934
694 838
694 702
694 958
695 772
695 796
695 933
695 970
695 716
695 922
695 740
695 804
695 914
695 917
695 945
695 986
696 992
696 900
696 704
696 726
696 742
696 846
696 849
696 906
696 936
696 955
696 963
696 976
697 835
697 883
697 846
697 864
697 714
697 857
697 911
697 879
698 780
698 958
698 761
698 746
698 747
698 752
698 765
698 828
698 856
698 872
698 921
699 898
699 862
700 703
700 730
700 986
700 995
701 837
701 763
701 806
702 711
702 950
702 877
702 858
702 737
702 943
702 958
703 915
703 897
703 845
703 877
703 716
703 723
704 967
704 991
704 724
704 742
704 902
704 925
704 976
705 730
705 840
705 783
705 775
705 807
705 832
705 839
705 867
705 922
705 990
706 956
706 913
706 824
706 878
706 768
706 864
707 983
707 814
707 778
708 752
708 808
708 756
708 828
708 863
708 889
708 936
709 926
709 925
710 943
710 999
710 807
710 769
710 775
710 740
710 779
710 832
710 878
711 803
711 893
711 886
711 713
711 764
711 934
711 976
711 784
711 723
711 752
711 780
711 931
711 958
711 961
711 967
712 974
712 808
713 872
713 808
713 871
713 882
713 831
713 921
714 786
714 911
714 922
715 887
715 780
715 891
715 908
715 723
715 836
715 821
715 912
715 788
715 854
715 861
716 986
716 877
716 894
716 995
717 822
717 831
717 968
717 763
717 829
717 791
717 994
718 941
718 855
718 850
718 851
718 939
718 981
719 910
719 741
719 746
719 763
719 903
719 935
719 955
719 971
720 785
720 971
720 855
720 833
720 975
721 722
721 735
721 756
721 771
721 864
721 964
722 734
722 914
722 877
722 754
722 948
723 786
723 830
723 879
723 959
724 732
724 919
725 873
725 971
725 790
725 778
725 794
725 729
725 751
725 758
725 818
725 991
726 892
726 771
726 985
726 908
726 833
726 902
727 976
727 758
727 842
727 858
728 766
728 939
728 834
728 882
728 788
728 836
728 861
729 907
729 873
729 996
729 974
730 779
730 774
730 854
730 929
730 997
731 900
731 742
731 837
731 895
731 988
732 875
732 906
732 991
732 822
732 838
732 940
733 772
733 914
734 791
734 928
734 754
734 796
734 853
734 958
735 905
735 893
735 959
735 830
735 911
736 871
736 879
736 772
736 746
736 962
737 993
737 975
737 836
737 892
737 899
738 958
738 889
738 803
738 916
738 950
738 901
739 868
739 837
739 763
739 785
739 838
739 870
740 787
740 878
740 748
740 922
740 788
740 836
740 839
741 996
741 796
741 789
741 927
741 980
742 918
742 906
742 895
742 963
742 790
742 891
743 767
743 846
743 757
743 821
743 923
743 762
743 777
743 957
743 981
744 977
744 954
744 765
744 817
744 764
744 819
744 758
744 827
745 965
745 843
745 914
745 815
746 802
746 852
746 875
746 913
746 936
747 958
747 921
747 961
747 811
747 941
747 751
747 916
748 884
748 757
748 997
749 893
749 973
749 901
749 890
749 785
749 870
750 773
750 928
750 986
750 914
750 990
751 822
751 893
751 996
752 982
752 873
752 824
752 935
752 836
752 858
752 881
752 901
752 958
753 939
753 959
754 926
754 917
754 979
754 964
754 827
754 951
755 762
755 780
755 804
755 764
755 791
755 816
755 824
755 885
755 943
756 947
756 823
756 983
756 812
757 779
757 781
757 894
757 899
758 924
758 837
758 836
758 930
759 831
759 813
759 824
759 833
760 787
760 847
760 881
761 888
761 935
761 937
761 973
762 969
762 993
762 880
762 937
762 872
762 893
762 927
763 886
763 822
763 895
763 908
763 818
763 800
763 955
764 888
764 899
764 827
764 838
764 777
764 780
764 958
765 950
765 808
765 958
765 880
765 775
765 927
766 849
766 834
767 994
767 991
767 868
767 776
767 829
768 967
768 793
768 835
768 881
768 943
768 961
769 964
769 920
769 807
769 842
770 958
770 874
770 859
770 893
771 976
771 998
771 953
771 829
771 910
771 968
772 812
772 979
772 881
772 911
772 914
772 919
772 949
772 990
773 888
773 876
773 831
773 868
773 933
773 812
774 957
775 783
775 981
775 912
775 821
775 834
775 923
775 974
776 823
777 924
777 903
777 994
778 885
778 844
778 813
778 929
778 790
778 914
778 972
778 980
779 853
779 882
779 912
779 905
779 909
780 934
780 940
781 824
781 959
781 806
781 884
781 944
781 971
782 928
782 879
782 990
782 812
782 964
782 877
782 811
782 783
782 919
783 878
783 788
783 821
783 834
783 861
783 940
784 823
784 928
784 829
784 878
784 997
785 963
785 819
785 829
785 895
786 914
786 826
786 933
786 864
786 915
786 990
787 984
788 957
789 906
789 994
790 988
790 875
790 947
791 872
791 860
791 874
791 889
791 927
791 944
791 993
792 872
793 835
793 954
793 958
794 880
794 949
794 876
795 914
795 915
795 845
795 838
795 990
796 865
796 879
796 897
796 928
796 986
796 798
796 940
797 866
797 891
797 980
797 998
798 806
798 810
798 821
798 839
798 939
798 981
799 843
799 841
799 942
799 972
800 900
800 906
800 932
800 844
801 996
801 888
801 950
801 954
801 899
801 916
801 961
802 896
802 906
803 938
803 863
803 958
803 909
804 928
804 925
804 862
804 914
804 851
804 880
804 995
805 953
805 952
805 981
805 957
805 840
805 810
805 863
806 816
806 930
806 929
806 854
806 810
806 999
806 825
806 981
806 997
807 915
807 858
807 924
807 870
807 944
807 997
808 950
808 810
808 943
808 977
808 984
809 964
809 986
810 860
810 933
810 944
811 870
811 854
811 858
811 844
811 952
811 974
811 987
812 849
813 988
813 985
813 823
813 936
813 955
814 940
814 822
814 983
814 838
814 885
814 951
814 988
815 994
815 891
815 862
815 867
816 889
816 891
817 835
817 956
817 961
817 966
817 978
818 875
818 906
818 975
819 958
819 876
820 825
820 981
821 825
821 835
821 842
821 982
822 856
822 841
822 947
822 971
823 891
823 876
823 918
823 936
824 974
825 851
825 832
825 891
825 912
825 997
826 964
826 877
826 979
826 917
826 848
827 958
827 937
827 927
827 893
827 931
828 860
828 993
828 967
828 946
828 971
829 908
829 870
829 966
829 971
829 983
830 911
830 897
830 932
830 898
830 979
831 875
831 918
831 992
832 903
832 954
833 891
833 948
834 861
834 855
834 924
834 836
834 957
835 886
835 946
835 937
836 981
837 989
837 850
837 882
837 907
837 924
838 968
838 918
838 940
838 971
839 981
839 849
839 887
840 923
840 854
840 855
840 989
842 947
842 928
842 912
842 930
843 958
843 854
843 863
843 881
844 992
844 849
844 967
844 977
845 907
845 871
845 995
846 970
846 877
846 892
846 959
847 891
847 933
848 879
848 897
849 895
849 983
849 992
850 851
850 944
851 876
851 923
851 878
851 861
853 898
854 979
854 987
854 989
855 875
855 945
855 952
856 955
857 927
857 962
858 894
858 999
858 981
858 922
858 941
858 942
859 919
859 909
859 970
859 986
861 878
861 929
862 909
862 871
862 876
863 949
863 873
863 887
864 932
864 898
865 998
865 985
866 964
867 920
868 928
868 936
868 988
869 914
869 999
869 912
869 904
869 957
870 882
871 949
871 886
872 940
872 958
873 958
873 949
874 966
874 934
874 951
874 956
875 994
876 899
876 940
876 917
877 995
877 914
877 925
877 948
877 990
878 999
878 989
879 958
879 964
880 984
880 958
880 899
880 888
880 921
881 916
881 958
881 885
882 929
883 990
883 914
883 928
884 912
884 920
884 967
884 989
885 907
885 946
885 893
885 935
885 901
885 977
885 981
886 958
886 973
886 963
886 967
886 969
887 958
887 984
888 893
888 925
888 993
889 958
889 956
889 965
889 987
890 996
890 927
890 962
891 910
892 958
892 963
892 992
892 971
892 896
892 972
892 996
893 943
893 908
894 999
894 973
895 967
896 923
896 903
897 919
897 922
897 949
897 951
898 947
899 956
899 921
899 943
899 958
900 947
900 971
900 926
900 992
901 938
902 999
902 942
903 939
903 981
904 923
905 946
905 907
906 983
906 935
906 985
906 915
907 984
907 990
908 968
908 960
908 992
909 926
909 914
909 962
910 971
911 914
911 986
911 972
912 978
912 913
912 959
913 958
913 928
913 950
913 984
914 915
915 986
916 954
917 978
918 975
918 942
920 958
921 965
921 946
922 944
922 997
923 981
924 939
925 932
925 970
926 970
928 964
928 975
930 953
930 957
931 961
932 979
933 970
934 961
935 947
935 963
936 988
936 947
936 980
937 946
938 969
939 989
941 987
942 983
942 953
943 950
945 948
945 962
945 964
947 952
947 992
948 958
948 953
949 954
949 958
950 974
952 999
954 956
954 987
956 997
957 958
958 961
958 967
958 974
960 985
961 981
961 973
962 985
962 979
963 980
963 972
965 974
966 974
968 995
972 980
972 976
975 983
984 994
985 994
991 994
994 998
