0 549
0 611
0 164
0 19
0 894
0 212
0 613
0 571
0 900
0 671
0 467
0 762
0 39
0 538
0 417
0 99
0 13
0 367
0 373
0 550
0 559
0 646
0 846
0 867
1 609
1 557
1 502
1 161
1 335
1 460
1 90
1 31
1 942
1 154
1 513
1 773
1 794
1 968
2 611
2 972
2 519
2 121
2 759
2 319
2 845
2 162
2 384
2 707
2 989
2 399
2 460
2 676
2 48
2 49
2 146
2 163
2 408
2 871
3 777
3 703
3 59
3 123
3 611
3 318
3 119
3 275
3 746
3 555
3 174
3 974
3 89
3 94
3 143
3 189
3 227
3 271
3 282
3 787
3 824
3 891
4 264
4 887
4 459
4 313
4 33
4 44
4 99
4 124
4 163
4 199
4 212
4 445
4 568
4 572
4 582
4 601
4 643
4 660
4 734
4 760
4 881
5 826
5 23
5 714
5 676
5 221
5 403
5 213
5 6
5 50
5 184
5 279
5 474
5 483
5 561
5 827
5 964
5 989
6 43
6 519
6 850
6 161
6 397
6 913
6 925
6 90
6 616
6 404
6 93
6 168
6 186
6 338
6 462
6 504
6 745
6 761
6 997
7 611
7 197
7 490
7 44
7 34
7 986
7 332
7 472
7 916
7 417
7 538
7 185
7 313
7 136
7 265
7 418
7 571
7 718
7 812
7 869
8 96
8 53
8 302
8 354
8 473
8 352
8 130
8 394
8 950
8 279
8 890
8 161
8 483
8 87
8 957
8 793
8 988
8 48
8 179
8 335
8 397
8 404
8 573
8 633
8 708
8 837
8 966
9 655
9 461
9 856
9 256
9 294
9 848
9 380
9 663
9 892
9 948
9 16
9 18
9 180
9 589
9 610
9 836
9 862
9 877
9 963
10 465
10 335
10 269
10 395
10 578
10 537
10 779
10 15
10 299
10 341
10 389
10 464
10 538
10 576
10 604
10 718
10 813
10 929
11 441
11 669
11 60
11 486
11 860
11 394
11 811
11 171
11 422
11 477
11 506
11 522
11 611
11 758
11 833
11 916
11 933
12 533
12 456
12 655
12 641
12 42
12 63
12 81
12 217
12 236
12 409
12 501
12 576
12 588
12 713
12 781
12 816
12 860
12 904
12 920
12 957
12 967
13 611
13 441
13 354
13 840
13 329
13 596
13 991
13 640
13 601
13 647
13 98
13 135
13 681
13 704
13 193
13 353
13 541
13 975
13 142
13 157
13 254
13 305
13 388
13 525
13 615
13 798
14 528
14 192
14 310
14 691
14 224
14 444
14 96
14 295
14 641
14 335
14 724
14 53
14 71
14 123
14 330
14 447
14 470
14 472
14 555
14 611
14 931
15 171
15 253
15 531
15 923
15 153
15 434
15 769
15 290
15 829
15 136
15 529
15 634
15 626
15 654
15 92
15 149
15 538
15 901
16 813
16 634
16 153
16 80
16 646
16 260
16 705
16 914
16 569
16 576
16 583
16 626
16 916
16 983
17 611
17 896
17 672
17 879
17 584
17 691
17 291
17 274
17 433
17 878
17 83
17 467
17 296
17 346
17 487
18 233
18 817
18 337
18 433
18 54
18 143
18 151
18 784
18 293
18 534
18 994
18 324
18 629
18 837
18 608
18 571
18 24
18 100
18 148
18 288
18 345
18 595
18 682
18 741
18 751
18 875
18 909
18 993
19 648
19 87
19 429
19 845
19 517
19 183
19 913
19 452
19 488
19 566
19 568
19 650
19 806
19 839
19 893
19 937
20 611
20 934
20 477
20 39
20 421
20 887
20 257
20 681
20 769
20 923
20 961
20 594
20 734
20 546
20 153
20 353
20 355
20 449
20 558
20 673
20 908
20 916
21 328
21 76
21 134
21 832
21 252
21 764
21 265
21 530
21 145
21 834
21 36
21 885
21 983
21 68
21 414
21 97
21 571
21 654
21 686
21 714
22 488
22 611
22 107
22 227
22 309
22 348
22 872
22 623
22 134
22 82
22 296
22 311
22 318
22 339
22 364
22 367
22 555
22 825
22 866
22 891
23 788
23 396
23 375
23 623
23 359
23 886
23 826
23 648
23 519
23 979
23 88
23 186
23 357
23 458
23 483
23 685
23 815
23 977
24 745
24 611
24 684
24 272
24 424
24 149
24 484
24 452
24 967
24 758
24 215
24 427
24 220
24 533
24 345
24 947
24 711
24 207
24 751
24 757
24 59
24 273
24 723
24 750
24 856
25 611
25 739
25 354
25 759
25 485
25 807
25 523
25 937
25 403
25 27
25 571
25 109
25 183
25 251
25 357
25 390
25 433
25 625
25 636
25 712
25 714
25 809
26 611
26 774
26 566
26 68
26 99
26 762
26 583
26 287
26 128
26 129
26 212
26 381
26 410
26 449
26 530
26 689
26 746
26 779
26 812
26 853
26 863
27 803
27 386
27 994
27 116
27 696
27 335
27 172
27 898
27 714
27 64
27 72
27 127
27 162
27 279
27 289
27 343
27 379
27 428
27 450
27 462
27 517
27 636
27 826
28 533
28 622
28 314
28 396
28 469
28 208
28 924
28 54
28 207
28 317
28 337
28 380
28 401
28 443
28 592
28 637
28 671
28 694
28 725
28 856
28 860
28 939
28 972
29 37
29 335
29 231
29 429
29 557
29 45
29 938
29 485
29 724
29 50
29 116
29 173
29 329
29 437
29 670
29 790
29 858
29 870
29 957
29 979
30 599
30 339
30 687
30 611
30 511
30 581
30 532
30 632
30 133
30 149
30 616
30 157
30 295
30 644
30 698
30 963
31 611
31 862
31 950
31 696
31 656
31 890
31 393
31 47
31 636
31 184
31 627
31 730
31 154
31 335
31 362
31 437
31 485
31 815
31 871
32 735
32 659
32 741
32 498
32 535
32 327
32 358
32 42
32 506
32 220
32 336
32 603
32 713
33 194
33 61
33 862
33 858
33 404
33 186
33 93
33 141
33 169
33 214
33 292
33 333
33 450
33 532
33 656
33 678
33 759
33 789
33 950
34 224
34 611
34 118
34 244
34 881
34 136
34 734
34 918
34 290
34 410
34 916
34 802
34 193
34 634
34 431
34 144
34 395
34 408
34 515
34 530
34 646
34 702
34 733
34 844
34 983
34 986
35 536
35 611
35 679
35 329
35 573
35 768
35 238
35 858
35 357
35 913
35 450
35 95
35 583
35 834
35 780
35 221
35 222
35 311
35 418
35 468
35 694
35 871
35 981
36 858
36 431
36 924
36 199
36 332
36 68
36 88
36 97
36 125
36 128
36 265
36 275
36 276
36 355
36 418
36 449
36 645
36 792
36 859
36 988
37 110
37 380
37 775
37 86
37 838
37 637
37 320
37 122
37 204
37 419
37 538
37 622
37 669
37 709
37 716
37 750
37 934
38 167
38 650
38 230
38 942
38 926
38 164
38 115
38 338
38 89
38 191
38 207
38 223
38 313
38 428
38 498
38 522
38 571
38 573
38 768
38 776
38 793
39 112
39 235
39 128
39 98
39 681
39 857
39 425
39 673
39 571
39 52
39 315
39 344
39 417
39 594
39 631
39 689
39 764
39 834
39 869
39 897
39 963
39 991
39 998
40 347
40 424
40 786
40 54
40 138
40 967
40 308
40 778
40 847
40 415
40 504
40 456
40 796
40 204
40 149
40 324
40 369
40 416
40 801
41 699
41 688
41 217
41 120
41 508
41 56
41 156
41 595
41 759
41 65
41 220
41 436
41 469
41 589
41 653
41 751
41 797
41 821
41 826
42 56
42 860
42 799
42 666
42 629
42 816
42 711
42 751
42 796
42 650
42 84
42 113
42 402
42 403
42 508
42 521
42 533
42 593
42 595
42 635
42 637
42 649
42 659
42 722
42 830
42 878
42 883
43 94
43 889
43 679
43 408
43 186
43 840
43 207
43 211
43 404
43 425
43 623
43 678
43 818
44 442
44 478
44 486
44 800
44 645
44 796
44 867
44 784
44 156
44 815
44 313
44 571
44 98
44 126
44 137
44 149
44 293
44 402
44 675
44 877
44 933
45 408
45 448
45 214
45 513
45 289
45 88
45 839
45 852
45 95
45 58
45 106
45 158
45 168
45 357
45 696
45 712
45 737
45 806
45 964
45 978
46 466
46 606
46 785
46 306
46 652
46 390
46 664
46 101
46 117
46 907
46 350
46 309
46 870
46 813
46 62
46 159
46 611
46 618
46 732
47 722
47 776
47 890
47 502
47 840
47 338
47 627
47 633
47 463
47 844
47 108
47 165
47 497
47 507
47 734
47 794
47 930
48 890
48 776
48 398
48 969
48 303
48 179
48 322
48 591
48 95
48 98
48 214
48 490
48 524
48 561
48 701
48 790
48 924
48 930
48 968
49 334
49 616
49 598
49 408
49 979
49 462
49 307
49 393
49 913
49 898
49 268
49 190
49 437
49 520
49 776
49 793
49 886
50 575
50 682
50 130
50 841
50 720
50 979
50 598
50 279
50 818
50 676
50 162
50 826
50 65
50 633
50 335
50 717
50 141
50 258
50 333
50 547
50 579
50 580
50 822
50 827
51 982
51 259
51 830
51 446
51 104
51 725
51 305
51 122
51 945
51 991
51 143
51 314
51 344
51 345
51 351
51 401
51 415
51 475
51 558
51 652
51 688
51 709
51 778
51 786
51 971
52 813
52 763
52 780
52 640
52 864
52 264
52 464
52 128
52 376
52 408
52 410
52 486
52 537
52 571
52 577
52 676
53 687
53 224
53 614
53 435
53 350
53 611
53 402
53 822
53 769
53 798
53 155
53 227
53 451
53 840
53 941
53 974
54 784
54 725
54 419
54 452
54 775
54 364
54 909
54 940
54 547
54 782
54 933
54 250
54 716
54 412
54 440
54 611
54 632
54 637
54 651
54 910
55 70
55 778
55 756
55 460
55 359
55 571
55 643
55 68
55 530
55 290
55 556
55 718
55 593
55 671
55 150
55 260
55 424
55 449
55 509
55 583
55 801
55 885
56 71
56 889
56 433
56 324
56 461
56 967
56 725
56 877
56 100
56 328
56 336
56 340
56 342
56 364
56 369
56 406
56 442
56 454
56 892
56 911
56 933
56 959
56 965
56 970
57 424
57 838
57 232
57 505
57 197
57 280
57 347
57 612
57 603
57 273
57 104
57 406
57 63
57 354
57 453
57 751
58 992
58 664
58 346
58 672
58 905
58 246
58 335
58 219
58 281
58 488
58 599
58 611
58 621
58 700
58 906
59 611
59 621
59 348
59 70
59 603
59 278
59 194
59 235
59 470
59 480
59 601
59 695
59 732
59 736
59 869
59 891
59 977
59 999
60 781
60 293
60 138
60 765
60 363
60 831
60 415
60 358
60 653
60 506
60 475
60 966
60 986
60 916
60 242
60 261
60 426
60 563
60 955
60 967
61 176
61 243
61 555
61 159
61 665
61 726
61 907
61 688
61 299
61 91
61 114
61 258
61 521
61 610
61 611
61 692
61 754
61 791
61 795
61 819
62 770
62 282
62 732
62 644
62 300
62 451
62 67
62 658
62 206
62 611
62 691
62 698
62 655
62 295
62 782
62 787
62 887
63 911
63 970
63 920
63 949
63 725
63 877
63 156
63 461
63 228
63 475
63 784
63 180
63 406
63 335
63 813
63 140
63 256
63 396
63 413
63 590
63 750
63 873
64 503
64 826
64 95
64 465
64 880
64 387
64 930
64 292
64 246
64 656
64 65
64 314
64 761
64 890
65 348
65 773
65 524
65 460
65 852
65 78
65 267
65 198
65 338
65 384
65 600
65 676
65 946
66 958
66 496
66 87
66 371
66 744
66 864
66 846
66 131
66 572
66 431
66 284
66 570
66 965
66 706
66 562
66 434
66 425
66 287
66 391
66 443
66 525
66 686
66 924
67 549
67 745
67 515
67 872
67 736
67 999
67 345
67 72
67 167
67 453
67 516
67 584
67 611
67 628
67 690
67 843
67 848
67 931
67 952
67 960
68 292
68 287
68 865
68 624
68 92
68 135
68 142
68 344
68 360
68 391
68 392
68 490
68 505
68 616
68 663
68 859
69 282
69 825
69 517
69 811
69 153
69 571
69 255
69 631
69 576
69 287
69 760
69 702
69 392
69 244
69 747
69 150
69 241
69 251
69 344
69 414
69 491
69 493
69 525
69 578
69 607
69 617
69 630
69 634
69 647
69 812
69 854
69 885
69 984
70 422
70 559
70 511
70 516
70 695
70 368
70 163
70 222
70 393
70 193
70 101
70 105
70 192
70 272
70 560
70 611
71 301
71 496
71 888
71 192
71 611
71 354
71 231
71 763
71 94
71 102
71 266
71 311
71 374
71 390
71 445
71 466
71 708
71 777
72 117
72 732
72 343
72 574
72 941
72 752
72 488
72 584
72 611
72 700
72 580
72 746
72 905
72 441
72 868
72 435
72 142
72 596
72 325
72 313
72 205
72 258
72 670
72 837
72 928
73 301
73 963
73 165
73 736
73 974
73 611
73 545
73 843
73 745
73 911
73 401
73 87
73 946
73 437
73 203
73 229
73 735
73 752
74 635
74 486
74 521
74 934
74 461
74 424
74 940
74 729
74 262
74 228
74 242
74 375
74 622
74 751
74 848
75 217
75 976
75 604
75 193
75 738
75 620
75 385
75 150
75 160
75 265
75 546
75 671
75 678
75 743
75 771
75 857
75 883
75 893
75 929
76 203
76 548
76 715
76 395
76 565
76 440
76 918
76 667
76 434
76 531
76 529
76 583
76 797
76 914
77 122
77 830
77 979
77 394
77 200
77 840
77 93
77 137
77 177
77 238
77 304
77 513
77 520
77 523
77 524
77 584
77 712
77 731
77 737
77 776
77 785
77 852
77 904
77 916
77 924
77 927
77 954
77 986
78 797
78 938
78 115
78 181
78 638
78 995
78 411
78 261
78 696
78 408
78 230
78 978
78 594
78 184
78 335
78 968
79 87
79 395
79 900
79 332
79 945
79 97
79 129
79 135
79 257
79 334
79 355
79 375
79 514
79 541
79 576
79 611
79 681
79 783
79 810
79 865
79 881
80 611
80 446
80 414
80 124
80 706
80 546
80 383
80 410
80 438
80 571
80 576
80 594
80 760
80 805
80 858
81 126
81 354
81 503
81 228
81 402
81 856
81 943
81 454
81 534
81 317
81 603
81 544
81 882
81 944
81 100
81 663
81 682
82 721
82 611
82 691
82 632
82 996
82 403
82 248
82 296
82 306
82 985
83 328
83 817
83 781
83 358
83 468
83 501
83 629
83 413
83 452
83 666
83 490
83 909
83 535
83 236
83 336
83 393
83 401
83 505
83 554
83 645
83 711
83 803
83 874
83 878
83 910
84 216
84 401
84 655
84 949
84 372
84 666
84 409
84 236
84 882
84 277
84 533
84 566
84 250
84 719
84 885
85 611
85 401
85 210
85 910
85 847
85 465
85 530
85 333
85 372
85 424
85 653
85 675
85 781
85 782
85 873
85 967
85 973
86 167
86 953
86 653
86 699
86 534
86 635
86 563
86 890
86 319
86 885
86 881
86 156
86 210
86 468
86 475
86 722
86 750
86 786
87 214
87 951
87 971
87 211
87 127
87 213
87 289
87 312
87 329
87 335
87 448
87 462
87 600
87 668
87 858
87 901
87 938
87 964
87 966
88 504
88 433
88 181
88 173
88 179
88 335
88 790
88 904
88 408
88 362
88 957
88 761
88 279
88 295
88 298
88 558
88 633
88 650
88 768
88 892
89 611
89 911
89 589
89 903
89 768
89 720
89 181
89 292
89 596
89 137
89 173
89 338
89 342
89 399
89 411
89 668
89 811
89 839
90 665
90 687
90 996
90 456
90 347
90 971
90 582
90 221
90 414
90 154
90 161
90 186
90 248
90 329
90 505
90 611
90 616
90 793
90 815
90 968
90 978
91 611
91 159
91 511
91 310
91 935
91 804
91 563
91 218
91 351
91 549
91 610
91 700
92 644
92 669
92 327
92 753
92 487
92 916
92 654
92 704
92 986
92 150
92 264
92 389
92 634
92 689
93 611
93 146
93 169
93 154
93 500
93 573
93 184
93 840
93 852
93 299
93 141
93 162
93 211
93 213
93 279
93 408
93 463
93 519
93 582
93 616
93 676
94 139
94 941
94 611
94 366
94 174
94 111
94 772
94 334
94 167
94 715
94 163
94 227
94 791
95 858
95 806
95 460
95 101
95 169
95 303
95 312
95 377
95 398
95 529
95 685
95 815
95 826
95 839
96 447
96 611
96 117
96 564
96 580
96 644
96 755
97 965
97 893
97 414
97 550
97 175
97 885
97 245
97 269
97 360
97 558
97 814
97 840
97 887
97 997
98 854
98 145
98 900
98 321
98 546
98 240
98 325
98 353
98 369
98 530
98 558
98 577
98 578
98 763
98 981
99 388
99 593
99 434
99 265
99 338
99 385
99 387
99 445
99 571
99 611
99 677
99 702
99 763
99 810
99 853
99 869
100 378
100 163
100 800
100 504
100 217
100 386
100 622
100 156
100 533
100 949
100 372
100 138
100 197
100 256
100 259
100 305
100 328
100 637
100 673
100 723
100 778
100 860
100 862
100 933
101 481
101 695
101 311
101 958
101 165
101 745
101 597
101 536
101 167
101 824
101 701
101 959
101 724
101 123
101 196
101 242
101 430
101 611
101 820
101 941
102 171
102 876
102 334
102 746
102 275
102 611
102 586
102 903
102 266
102 318
102 553
102 571
102 684
102 801
102 941
103 664
103 628
103 159
103 787
103 680
103 820
103 156
103 253
103 220
103 306
103 347
103 455
103 552
103 611
103 952
104 259
104 427
104 637
104 436
104 195
104 957
104 126
104 135
104 273
104 363
104 405
104 563
104 722
104 775
104 799
104 800
104 848
104 888
104 959
105 611
105 247
105 498
105 177
105 171
105 306
105 491
105 516
105 888
105 896
106 902
106 375
106 473
106 712
106 605
106 942
106 519
106 342
106 392
106 234
106 335
106 374
106 399
106 483
106 620
106 815
106 871
106 978
107 662
107 555
107 174
107 700
107 203
107 693
107 155
107 899
107 413
107 182
107 275
107 291
107 441
107 563
107 701
107 784
108 739
108 939
108 817
108 505
108 882
108 236
108 419
108 821
108 508
108 784
108 250
108 993
108 948
108 873
108 554
108 279
108 222
108 253
108 379
108 504
108 586
108 837
108 910
109 114
109 611
109 297
109 811
109 186
109 161
109 408
109 789
109 978
109 837
109 130
109 162
109 357
109 462
109 755
109 773
109 876
109 937
109 957
109 964
109 971
110 698
110 745
110 713
110 436
110 228
110 149
110 138
110 833
110 469
110 776
110 125
110 201
110 406
110 409
110 506
110 750
111 915
111 693
111 455
111 247
111 366
111 611
111 272
111 274
111 275
111 300
111 480
111 563
111 602
111 632
111 695
111 739
111 906
112 652
112 584
112 205
112 306
112 831
112 642
112 182
112 432
112 553
112 611
112 693
112 789
112 941
113 152
113 435
113 165
113 908
113 366
113 564
113 936
113 330
113 251
113 912
113 272
113 611
113 710
114 159
114 611
114 928
114 602
114 121
114 205
114 405
114 432
114 491
114 492
114 496
114 672
114 692
115 292
115 500
115 335
115 341
115 379
115 904
115 930
115 789
115 238
115 294
115 398
115 596
115 702
115 759
115 790
115 807
115 880
115 884
115 969
116 319
116 292
116 557
116 494
116 450
116 969
116 128
116 161
116 204
116 238
116 250
116 476
116 522
116 768
117 985
117 611
117 584
117 777
117 749
117 348
117 662
117 974
117 996
117 497
117 696
117 247
117 366
117 645
117 680
117 772
117 823
118 990
118 613
118 763
118 572
118 743
118 315
118 571
118 576
118 580
118 659
118 662
118 757
118 779
118 798
118 834
118 863
118 897
118 962
119 935
119 611
119 618
119 785
119 691
119 695
119 526
119 614
119 451
119 366
119 343
119 597
119 606
119 672
119 908
120 792
120 201
120 207
120 454
120 860
120 416
120 277
120 199
120 281
120 302
120 369
120 382
120 409
120 486
120 504
120 786
120 954
121 598
121 249
121 801
121 162
121 172
121 221
121 335
121 362
121 379
121 500
121 547
121 557
121 567
121 571
121 579
121 756
121 862
121 933
122 295
122 280
122 994
122 308
122 283
122 228
122 535
122 595
122 659
122 669
122 740
123 611
123 587
123 155
123 402
123 335
123 894
123 330
123 374
123 906
124 215
124 164
124 689
124 529
124 715
124 423
124 965
124 530
124 591
124 986
124 438
124 269
124 525
124 647
125 590
125 283
125 347
125 280
125 358
125 126
125 781
125 263
125 666
125 867
125 214
125 871
125 281
125 396
125 568
125 589
125 611
125 741
125 902
125 954
125 967
126 653
126 699
126 954
126 436
126 831
126 242
126 336
126 477
126 424
126 797
126 612
126 143
126 218
126 263
126 364
126 595
126 622
126 705
126 897
127 552
127 168
127 989
127 164
127 312
127 198
127 279
127 189
127 196
127 335
127 375
127 429
127 444
127 448
127 524
127 978
127 995
128 227
128 521
128 557
128 677
128 373
128 321
128 144
128 642
128 613
128 715
128 881
128 724
128 410
128 244
128 188
128 277
128 525
128 575
128 600
128 760
128 810
128 898
129 291
129 138
129 421
129 265
129 859
129 287
129 425
129 571
129 924
129 371
129 160
129 185
129 349
129 417
129 615
129 630
129 643
129 706
129 801
129 803
129 810
129 965
130 369
130 987
130 465
130 840
130 674
130 359
130 923
130 297
130 463
130 507
130 957
131 157
131 997
131 681
131 593
131 962
131 718
131 267
131 284
131 353
131 486
131 509
131 525
131 538
131 546
131 556
131 558
131 571
131 613
131 642
131 660
131 705
131 846
131 854
131 929
132 861
132 217
132 472
132 634
132 471
132 613
132 593
132 918
132 812
132 912
132 157
132 199
132 257
132 371
132 431
132 571
132 647
132 744
132 780
132 986
133 953
133 658
133 237
133 597
133 249
133 903
133 744
133 373
133 654
133 155
133 274
133 293
133 501
133 581
133 611
133 622
133 626
133 739
133 754
133 811
133 931
134 549
134 830
134 385
134 331
134 157
134 900
134 267
134 881
134 916
134 257
134 431
134 434
134 584
134 667
134 733
134 757
134 814
134 854
134 924
135 776
135 179
135 743
135 724
135 859
135 499
135 631
135 392
135 744
135 802
135 607
135 331
135 671
135 728
135 800
135 953
136 576
136 642
136 160
136 185
136 344
136 356
136 459
136 551
136 562
136 613
136 743
136 819
136 923
136 983
136 987
137 837
137 596
137 524
137 946
137 213
137 517
137 616
137 984
137 178
137 918
137 221
137 248
137 384
137 408
137 520
137 561
138 899
138 784
138 554
138 478
138 612
138 317
138 409
138 867
138 713
138 329
138 218
138 336
138 381
138 446
138 468
138 571
138 611
138 767
138 848
138 898
138 934
139 492
139 194
139 611
139 498
139 819
139 295
139 395
139 552
139 646
139 658
139 721
139 917
140 559
140 816
140 405
140 218
140 543
140 723
140 867
140 711
140 649
140 340
140 151
140 674
140 406
140 513
140 611
140 666
140 704
141 367
141 826
141 971
141 304
141 951
141 234
141 567
141 557
141 231
141 398
141 474
141 520
141 571
141 573
141 694
141 698
141 714
141 731
141 794
141 969
142 317
142 454
142 848
142 222
142 586
142 261
142 342
142 237
142 273
142 280
142 415
142 505
142 571
142 663
142 675
142 682
142 909
143 407
143 300
143 781
143 899
143 767
143 973
143 775
143 902
143 949
143 862
143 742
143 882
143 803
143 637
143 675
143 415
143 950
143 384
143 757
143 149
143 190
143 312
143 395
143 504
143 519
143 590
143 611
143 709
144 268
144 290
144 550
144 265
144 313
144 331
144 357
144 392
144 394
144 412
144 445
144 449
144 510
144 620
144 677
144 682
144 689
144 863
144 961
145 859
145 620
145 624
145 321
145 686
145 556
145 160
145 262
145 332
145 355
145 412
145 417
145 449
145 562
145 571
145 574
145 583
145 650
145 802
145 832
145 846
145 854
145 883
145 885
145 986
146 233
146 669
146 323
146 600
146 636
146 408
146 921
146 289
146 483
146 694
146 200
146 232
146 248
146 307
146 329
146 342
146 428
146 450
146 850
146 946
147 652
147 203
147 581
147 390
147 611
147 658
147 194
147 285
147 672
147 456
147 428
147 951
147 542
147 754
147 820
148 266
148 808
148 899
148 250
148 765
148 622
148 433
148 873
148 369
148 973
148 232
148 323
148 305
148 375
148 446
148 452
148 474
148 540
148 600
148 611
148 635
148 669
148 862
148 882
148 978
149 960
149 799
149 201
149 688
149 833
149 902
149 305
149 911
149 645
149 380
149 345
149 436
149 947
149 984
149 705
149 209
149 255
149 933
150 467
150 594
150 514
150 268
150 704
150 558
150 565
150 571
150 608
150 736
150 801
150 909
151 253
151 847
151 645
151 637
151 947
151 934
151 217
151 478
151 228
151 742
151 183
151 210
151 229
151 236
151 280
151 281
151 308
151 327
151 328
151 329
151 402
151 442
151 456
151 586
151 741
151 835
151 955
152 917
152 182
152 205
152 868
152 888
152 849
152 196
152 900
152 188
152 318
152 383
152 581
152 587
152 592
152 632
152 762
152 774
152 804
152 843
152 996
153 689
153 268
153 607
153 423
153 193
153 798
153 238
153 269
153 313
153 321
153 385
153 414
153 445
153 571
153 611
153 617
153 642
153 778
153 801
153 819
153 854
154 616
154 950
154 279
154 942
154 169
154 289
154 476
154 179
154 425
154 657
154 670
154 901
155 243
155 665
155 611
155 927
155 551
155 495
155 167
155 258
155 370
155 528
155 690
155 691
155 753
155 792
155 907
155 917
155 963
156 242
156 419
156 766
156 563
156 240
156 358
156 454
156 505
156 543
156 635
156 825
156 869
156 934
157 644
157 477
157 381
157 349
157 525
157 239
157 990
157 565
157 510
157 255
157 245
157 268
157 321
157 331
157 371
157 410
157 414
157 537
157 571
157 673
157 705
157 738
157 744
158 611
158 934
158 943
158 729
158 803
158 401
158 345
158 436
158 229
158 253
158 375
158 468
158 503
158 622
158 709
158 742
158 808
158 856
159 687
159 792
159 952
159 350
159 770
159 872
159 203
159 444
159 240
159 896
159 960
159 710
159 611
159 375
159 438
159 315
159 212
159 224
159 515
159 688
160 224
160 953
160 210
160 254
160 594
160 705
160 349
160 887
160 718
160 391
160 493
160 857
160 414
160 175
160 961
160 257
160 262
160 284
160 371
160 381
160 571
160 677
160 685
160 724
160 869
161 534
161 369
161 168
161 685
161 323
161 852
161 756
161 971
161 565
161 226
161 312
161 450
161 465
161 636
161 697
161 811
161 841
161 982
162 168
162 585
162 633
162 289
162 588
162 502
162 359
162 200
162 922
162 722
162 768
162 870
162 919
162 937
163 952
163 958
163 791
163 888
163 224
163 701
163 611
163 407
163 165
163 831
163 286
163 238
163 311
163 351
163 420
163 451
163 787
163 855
164 746
164 765
164 625
164 579
164 173
164 696
164 567
164 169
164 284
164 323
164 338
164 384
164 627
164 668
164 773
164 827
164 841
164 845
165 611
165 931
165 895
165 237
165 754
165 545
165 977
165 266
165 412
165 470
165 481
165 491
165 557
165 708
166 181
166 342
166 360
166 211
166 404
166 497
166 507
166 725
166 731
166 778
166 794
166 846
166 852
166 870
166 950
167 528
167 992
167 611
167 247
167 941
167 737
167 632
167 685
167 693
167 734
167 950
167 982
168 745
168 547
168 727
168 393
168 500
168 248
168 585
168 678
168 483
168 197
168 458
168 573
168 596
168 712
168 730
168 971
169 285
169 611
169 742
169 342
169 458
169 657
169 398
169 179
169 463
169 790
169 404
169 408
169 950
169 886
169 248
169 292
169 737
169 588
169 425
169 307
169 393
169 485
169 678
169 697
169 789
169 901
169 966
169 977
170 703
170 282
170 348
170 952
170 367
170 447
170 580
170 611
170 754
170 365
170 834
170 299
170 383
170 426
170 435
170 453
170 496
170 610
171 721
171 777
171 564
171 611
171 399
171 432
171 662
171 736
171 772
171 896
171 908
171 941
172 209
172 285
172 750
172 446
172 413
172 246
172 361
172 463
172 903
172 668
172 588
172 573
172 321
172 289
172 394
172 402
172 524
172 966
173 942
173 839
173 712
173 966
173 362
173 776
173 335
173 623
173 588
173 502
173 685
173 681
173 211
173 304
173 311
173 404
173 420
173 469
173 676
173 680
173 736
173 811
174 611
174 614
174 644
174 911
174 242
174 483
174 230
174 240
174 423
174 426
174 495
174 562
174 580
174 680
174 688
174 735
174 752
174 908
175 770
175 266
175 251
175 239
175 763
175 344
175 593
175 894
175 381
175 571
175 986
175 981
175 634
175 191
175 391
175 418
175 576
175 580
175 591
175 592
175 754
176 851
176 366
176 240
176 188
176 189
176 348
176 439
176 610
176 611
176 736
176 820
176 895
176 958
176 974
176 981
176 989
177 294
177 320
177 494
177 840
177 319
177 297
177 342
177 335
177 984
177 323
177 411
177 548
177 600
177 707
177 880
178 323
178 619
178 397
178 561
178 185
178 256
178 450
178 458
178 462
178 479
178 566
178 651
178 676
178 696
178 969
179 838
179 482
179 513
179 251
179 213
179 984
179 566
179 582
179 633
179 650
179 776
179 263
179 387
179 399
179 473
179 504
179 564
179 627
179 989
179 995
180 317
180 270
180 649
180 675
180 993
180 655
180 454
180 478
180 742
181 711
181 429
181 579
181 625
181 674
181 335
181 806
181 463
181 789
181 373
181 251
181 304
181 329
181 362
181 401
181 497
181 507
181 656
181 737
181 839
181 898
181 909
182 203
182 368
182 611
182 528
182 241
182 237
182 247
182 258
182 343
182 516
182 524
182 542
182 575
182 628
182 684
182 698
182 791
182 974
183 889
183 198
183 403
183 989
183 707
183 531
183 261
183 458
183 473
183 679
183 827
183 970
184 342
184 806
184 656
184 950
184 839
184 352
184 567
184 548
184 187
184 221
184 231
184 507
185 511
185 722
185 631
185 244
185 733
185 202
185 514
185 571
185 479
185 509
185 389
185 546
185 537
185 541
185 550
185 608
185 647
185 757
185 810
185 864
185 939
186 641
186 211
186 921
186 674
186 600
186 335
186 299
186 223
186 341
186 357
186 497
186 720
186 730
186 756
186 761
186 957
186 964
187 876
187 265
187 510
187 728
187 819
187 624
187 284
187 421
187 500
187 558
187 563
187 744
187 863
187 885
187 897
188 611
188 872
188 888
188 710
188 346
188 621
188 237
188 301
188 263
188 688
188 230
188 961
188 206
188 224
188 300
188 696
188 708
188 755
188 999
189 710
189 888
189 545
189 575
189 928
189 611
189 974
189 952
189 774
189 866
189 721
189 480
189 944
189 529
189 272
189 306
189 318
189 370
189 539
189 584
189 632
189 809
190 664
190 774
190 318
190 366
190 367
190 580
190 611
190 644
190 691
190 700
190 824
191 693
191 402
191 490
191 421
191 594
191 846
191 331
191 332
191 268
191 571
191 781
191 801
191 832
191 839
192 937
192 206
192 284
192 348
192 611
192 695
192 726
192 843
192 941
193 764
193 630
193 828
193 617
193 864
193 769
193 271
193 331
193 412
193 487
193 514
193 571
193 605
193 634
193 740
193 812
193 857
194 896
194 861
194 611
194 351
194 221
194 475
194 680
194 686
194 688
194 691
194 754
194 920
194 961
195 949
195 767
195 433
195 932
195 540
195 750
195 484
195 722
195 354
195 976
195 877
195 781
195 966
195 216
195 270
195 427
195 554
195 751
196 791
196 785
196 430
196 953
196 891
196 982
196 611
196 412
196 439
196 691
196 705
196 880
197 628
197 785
197 874
197 775
197 543
197 645
197 477
197 567
197 236
197 244
197 270
197 446
197 454
197 709
197 722
197 910
198 526
198 328
198 292
198 984
198 852
198 969
198 763
198 338
198 411
198 529
198 667
198 678
198 694
198 730
198 790
198 793
198 794
199 295
199 328
199 340
199 335
199 783
199 654
199 744
199 518
199 410
199 529
199 245
199 371
199 418
199 514
199 531
199 569
199 571
199 608
199 613
199 671
199 810
199 914
200 362
200 568
200 352
200 437
200 579
200 968
200 600
200 850
200 998
200 387
200 500
200 625
201 532
201 433
201 954
201 259
201 838
201 544
201 308
201 540
201 218
201 232
201 399
201 424
201 461
201 477
201 563
201 663
201 877
201 903
202 309
202 732
202 740
202 681
202 355
202 854
202 244
202 255
202 360
202 373
202 467
202 552
202 965
203 896
203 549
203 662
203 611
203 243
203 401
203 334
203 353
203 370
203 506
203 700
203 783
203 785
203 855
204 416
204 847
204 277
204 281
204 633
204 329
204 814
204 241
204 354
204 396
204 404
204 406
204 498
204 547
204 592
204 781
204 832
204 857
204 906
205 466
205 291
205 755
205 695
205 226
205 542
205 574
205 326
205 710
205 553
205 217
205 598
205 348
205 366
205 564
205 569
205 735
205 926
205 928
206 542
206 876
206 992
206 444
206 700
206 664
206 694
206 272
206 491
206 611
206 621
206 974
206 983
207 658
207 751
207 775
207 534
207 842
207 723
207 317
207 821
207 947
207 302
207 416
207 232
207 365
207 401
207 408
207 446
207 506
207 537
207 781
207 873
208 455
208 989
208 408
208 965
208 613
208 423
208 571
208 283
208 293
208 299
208 332
208 414
208 434
208 479
208 531
208 541
208 624
208 702
208 776
208 864
209 574
209 370
209 455
209 710
209 243
209 311
209 698
209 590
209 477
209 498
209 489
209 916
209 359
209 367
209 554
209 597
209 611
209 908
210 511
210 742
210 940
210 215
210 973
210 590
210 781
210 713
210 716
210 302
210 655
210 277
210 387
210 806
210 244
210 328
210 424
211 251
211 596
211 248
211 585
211 359
211 571
211 312
211 335
211 466
211 522
211 678
211 773
211 918
212 498
212 551
212 570
212 865
212 961
212 828
212 717
212 449
212 900
212 260
212 264
212 376
212 377
212 537
212 569
212 571
212 604
212 764
212 780
212 897
213 694
213 362
213 221
213 884
213 674
213 768
213 759
213 901
213 238
213 280
213 332
213 335
213 571
213 588
213 720
213 773
213 870
213 880
213 882
213 930
214 611
214 840
214 304
214 818
214 995
214 251
214 312
214 428
214 429
214 537
214 809
214 845
214 880
214 966
214 982
215 336
215 675
215 972
215 396
215 878
215 232
215 327
215 415
215 506
215 520
215 722
215 793
215 856
215 860
215 910
215 911
215 976
216 309
216 653
216 782
216 742
216 758
216 990
216 220
216 336
216 364
216 380
216 442
216 474
216 475
216 500
216 538
216 612
216 644
216 674
216 713
216 765
216 796
216 821
216 833
216 874
217 370
217 508
217 666
217 629
217 682
217 669
217 955
217 547
217 273
217 337
217 446
217 544
217 663
217 742
217 862
217 911
218 553
218 581
218 369
218 823
218 682
218 719
218 934
218 521
218 223
218 250
218 339
218 402
218 554
218 622
218 775
218 782
218 830
219 528
219 611
219 432
219 992
219 451
219 610
219 326
219 527
219 832
219 488
219 861
219 974
220 980
220 907
220 899
220 401
220 716
220 682
220 645
220 742
220 276
220 634
220 280
220 340
220 542
220 554
220 629
220 672
220 709
220 722
220 954
221 492
221 335
221 942
221 319
221 450
221 248
221 623
221 627
221 781
221 809
221 827
222 749
222 746
222 788
222 405
222 490
222 232
222 461
222 518
222 345
222 365
222 424
222 506
222 540
222 543
222 567
222 833
222 933
222 934
223 248
223 670
223 379
223 827
223 523
223 811
223 561
223 650
223 387
223 431
223 307
223 397
223 408
223 419
223 455
223 638
223 780
223 984
224 672
224 496
224 345
224 989
224 517
224 343
224 350
224 435
224 441
224 621
224 692
224 791
224 792
225 383
225 504
225 987
225 385
225 565
225 990
225 562
225 975
225 578
225 819
225 617
225 421
225 262
225 284
225 335
225 472
225 594
225 626
225 640
225 718
225 831
225 939
225 962
226 611
226 690
226 952
226 451
226 233
226 867
226 582
226 296
226 368
226 564
226 692
226 754
226 873
227 282
227 470
227 444
227 721
227 690
227 907
227 311
227 272
227 611
227 732
227 231
227 275
227 488
227 511
227 532
227 621
227 734
227 792
227 916
228 727
228 436
228 305
228 314
228 320
228 382
228 415
228 452
228 501
228 603
228 681
228 725
228 782
228 803
228 970
229 364
229 911
229 456
229 751
229 742
229 498
229 784
229 501
229 874
229 236
229 302
229 993
229 944
229 294
229 529
229 454
229 502
229 547
229 765
229 848
230 422
230 366
230 248
230 271
230 840
230 329
230 370
230 437
230 454
230 474
230 544
230 701
230 794
230 809
230 911
230 913
231 920
231 489
231 969
231 919
231 768
231 837
231 573
231 904
231 654
231 341
231 497
231 548
231 633
231 806
231 977
231 984
232 317
232 848
232 375
232 954
232 889
232 454
232 501
232 508
232 560
232 622
232 709
232 777
232 821
232 856
232 866
233 963
233 439
233 804
233 560
233 277
233 342
233 926
233 275
233 310
233 339
233 580
233 606
233 812
234 248
234 938
234 977
234 404
234 428
234 249
234 473
234 512
234 636
234 776
234 822
234 857
234 926
234 959
235 288
235 597
235 936
235 985
235 242
235 494
235 853
235 318
235 488
235 552
235 611
235 672
235 690
235 865
235 879
235 918
235 953
235 963
236 436
236 396
236 940
236 722
236 501
236 364
236 308
236 781
236 976
236 902
236 836
236 505
236 597
236 612
236 719
236 797
236 888
236 944
237 346
237 611
237 496
237 636
237 318
237 480
237 511
237 755
237 876
238 460
238 428
238 465
238 312
238 437
238 469
238 566
238 611
238 773
239 918
239 704
239 744
239 819
239 624
239 578
239 410
239 594
239 583
239 497
239 591
239 601
239 677
239 728
239 783
239 812
239 881
239 885
239 966
240 528
240 866
240 611
240 476
240 633
240 297
240 312
240 279
240 288
240 374
240 693
240 980
241 899
241 372
241 634
241 620
241 538
241 322
241 443
241 829
241 631
241 514
241 337
241 417
241 467
241 571
241 578
241 864
241 996
242 729
242 401
242 281
242 299
242 382
242 563
242 611
242 651
242 742
242 772
242 860
242 874
242 899
242 940
243 662
243 611
243 735
243 378
243 574
243 291
243 979
243 322
243 330
243 422
243 606
243 709
243 745
243 795
243 843
243 866
243 917
244 309
244 276
244 583
244 381
244 299
244 572
244 881
244 531
244 769
244 252
244 331
244 338
244 431
244 472
244 659
244 660
244 677
244 680
244 760
244 810
245 928
245 881
245 604
245 381
245 421
245 290
245 671
245 865
245 643
245 914
245 733
245 834
245 418
245 594
245 864
246 803
246 248
246 605
246 429
246 261
246 357
246 437
246 452
246 485
246 517
246 600
246 852
246 903
247 559
247 492
247 611
247 980
247 368
247 258
247 301
247 339
247 375
247 610
247 931
248 520
248 384
248 968
248 989
248 737
248 361
248 362
248 387
248 408
248 411
248 731
248 759
248 779
248 875
248 910
248 921
248 925
248 937
249 527
249 745
249 838
249 474
249 522
249 773
249 428
249 305
249 790
249 837
249 850
250 496
250 590
250 821
250 742
250 270
250 655
250 653
250 967
250 902
250 335
250 762
250 277
250 305
250 554
250 659
250 687
250 794
250 911
250 939
250 969
251 327
251 523
251 513
251 379
251 988
251 464
251 335
251 338
251 476
251 502
251 875
251 964
252 780
252 349
252 537
252 961
252 260
252 322
252 452
252 459
252 487
252 549
252 571
252 578
252 603
252 604
252 734
252 864
252 894
252 999
253 906
253 651
253 682
253 910
253 758
253 688
253 874
253 396
253 534
253 443
253 763
253 380
253 503
253 595
253 618
253 719
253 842
253 949
254 309
254 994
254 487
254 445
254 677
254 290
254 360
254 449
254 503
254 639
254 814
254 916
254 991
255 722
255 271
255 717
255 583
255 733
255 626
255 660
255 757
255 344
255 355
255 353
255 565
255 611
256 506
256 933
256 862
256 386
256 478
256 836
256 593
256 263
256 396
256 456
256 494
256 604
256 920
257 607
257 922
257 537
257 376
257 704
257 570
257 260
257 673
257 912
257 331
257 571
257 601
257 674
257 702
257 812
257 984
258 542
258 710
258 611
258 772
258 935
258 703
258 928
258 791
258 778
258 546
258 346
258 545
258 770
258 820
259 501
259 419
259 661
259 836
259 943
259 382
259 415
259 506
259 591
259 602
259 611
259 682
259 856
259 889
260 732
260 590
260 405
260 929
260 417
260 569
260 643
260 631
260 893
260 344
260 431
260 562
260 571
260 697
261 629
261 623
261 968
261 712
261 517
261 904
261 304
261 393
261 598
261 600
261 997
262 470
262 799
262 959
262 894
262 327
262 356
262 371
262 377
262 464
262 555
262 571
262 640
262 642
262 671
262 673
262 677
262 681
262 706
262 814
262 835
263 611
263 543
263 293
263 469
263 742
263 972
263 899
263 659
263 848
263 484
263 911
263 331
263 364
263 645
263 699
264 318
264 897
264 634
264 325
264 410
264 671
264 550
264 571
264 646
264 697
264 779
264 923
264 945
265 313
265 991
265 571
265 962
265 869
265 499
265 322
265 760
265 743
265 814
265 377
265 591
265 755
266 611
266 390
266 736
266 536
266 480
266 626
266 695
266 804
266 947
266 999
267 316
267 617
267 681
267 771
267 434
267 647
267 642
267 472
267 760
267 284
267 353
267 388
267 402
267 414
267 433
267 757
267 782
268 380
268 467
268 385
268 965
268 321
268 846
268 607
268 704
268 287
268 331
268 556
268 562
268 577
268 658
268 686
268 702
268 743
268 883
268 922
269 651
269 922
269 706
269 813
269 983
269 832
269 608
269 961
269 531
269 763
269 859
269 887
269 894
269 975
270 305
270 436
270 380
270 967
270 666
270 808
270 781
270 821
270 534
270 409
270 661
270 277
270 431
270 622
270 711
270 742
271 340
271 465
271 303
271 657
271 568
271 759
271 937
271 459
271 883
271 373
271 507
271 624
271 793
271 898
272 611
272 599
272 581
272 528
272 444
272 805
272 440
272 654
272 449
272 288
272 516
272 634
272 960
272 980
273 611
273 830
273 803
273 889
273 833
273 954
273 380
273 416
273 514
273 520
273 590
273 682
273 729
273 747
273 934
274 435
274 581
274 732
274 958
274 496
274 662
274 560
274 611
274 277
274 584
274 598
274 708
274 770
274 985
275 861
275 879
275 282
275 917
275 560
275 447
275 553
275 291
275 875
275 685
275 545
275 580
275 652
275 703
275 768
275 868
276 483
276 588
276 627
276 995
276 925
276 320
276 404
276 568
276 593
276 279
276 502
276 657
276 733
276 809
276 852
276 875
277 637
277 380
277 830
277 709
277 699
277 927
277 989
277 705
277 382
277 396
277 405
277 406
277 554
277 575
277 612
277 766
277 775
277 823
277 856
277 869
277 899
278 614
278 506
278 507
278 431
278 681
278 881
278 562
278 329
278 344
278 571
278 593
278 893
279 827
279 359
279 397
279 927
279 307
279 310
279 448
279 638
279 691
279 730
279 793
279 806
279 826
279 839
279 850
279 874
279 936
280 708
280 498
280 382
280 416
280 655
280 838
280 723
280 663
280 786
280 308
280 402
280 611
280 793
280 860
280 933
281 535
281 830
281 669
281 635
281 446
281 490
281 386
281 347
281 892
281 781
281 324
281 847
281 358
281 622
281 821
281 826
282 611
282 430
282 866
282 721
282 965
282 647
282 343
282 374
282 774
283 496
283 498
283 847
283 612
283 940
283 838
283 889
283 433
283 335
283 456
283 842
283 878
283 911
284 795
284 467
284 686
284 425
284 551
284 671
284 780
284 864
284 530
284 316
284 571
284 768
284 986
285 611
285 491
285 793
285 408
285 441
285 560
285 639
285 855
285 908
285 931
286 817
286 427
286 503
286 372
286 386
286 461
286 704
286 722
286 725
286 779
286 815
286 856
286 883
287 846
287 859
287 379
287 421
287 425
287 493
287 620
287 883
287 929
287 934
288 996
288 367
288 974
288 721
288 628
288 588
288 829
288 510
288 599
288 700
288 906
288 985
289 905
289 759
289 858
289 685
289 839
289 304
289 840
289 431
289 297
289 458
289 462
289 585
289 760
289 886
289 903
290 896
290 652
290 551
290 634
290 377
290 445
290 452
290 571
290 594
290 631
290 801
290 850
290 869
290 881
290 924
290 997
291 611
291 980
291 891
291 680
291 339
291 334
291 453
291 532
291 804
291 849
291 917
291 943
292 297
292 489
292 714
292 399
292 707
292 927
292 335
292 387
292 458
292 462
292 737
292 964
292 977
293 899
293 655
293 563
293 490
293 328
293 540
293 728
293 294
293 382
293 387
293 411
293 415
293 659
293 971
294 433
294 713
294 649
294 765
294 877
294 340
294 416
294 308
294 932
294 836
294 619
294 314
294 345
294 460
294 469
294 540
294 611
294 663
294 746
294 805
294 843
294 860
294 911
294 976
295 587
295 847
295 366
295 492
295 575
295 726
295 888
295 980
296 658
296 956
296 703
296 685
296 696
296 576
296 336
296 390
296 444
296 602
296 611
296 960
297 345
297 946
297 759
297 773
297 913
297 485
297 408
297 937
297 411
297 391
297 611
297 898
298 950
298 357
298 428
298 335
298 307
298 925
298 780
298 384
298 387
298 648
298 850
298 879
299 990
299 449
299 613
299 471
299 443
299 371
299 615
299 646
299 814
299 844
299 859
299 880
299 885
300 700
300 611
300 928
300 343
300 868
300 851
300 552
300 608
300 735
300 761
300 866
300 917
301 610
301 611
301 982
301 526
301 453
301 891
301 461
301 368
301 378
301 449
301 469
301 597
301 599
301 953
302 396
302 666
302 543
302 663
302 409
302 742
302 328
302 504
302 661
302 619
302 793
302 313
302 369
302 607
302 637
302 800
302 829
302 909
303 910
303 731
303 398
303 462
303 494
303 335
303 397
303 463
303 606
303 714
303 921
303 950
304 768
304 335
304 588
304 625
304 852
304 403
304 448
304 679
304 697
304 707
304 886
304 933
305 380
305 892
305 635
305 778
305 716
305 781
305 314
305 372
305 484
306 700
306 439
306 611
306 441
306 610
306 476
306 335
306 552
306 577
306 628
306 683
306 691
306 736
307 611
307 482
307 557
307 650
307 890
307 393
307 403
307 957
307 900
307 321
307 359
307 573
307 670
307 697
307 793
307 794
307 811
307 845
307 968
308 944
308 993
308 540
308 369
308 534
308 994
308 955
308 796
308 416
308 421
308 719
308 737
308 743
308 795
308 800
308 831
309 791
309 996
309 611
309 407
309 754
309 992
309 581
309 568
309 339
309 459
309 492
309 516
309 634
309 701
309 755
309 804
310 609
310 367
310 602
310 580
310 974
310 408
310 430
310 574
310 611
310 644
310 888
310 896
310 906
311 390
311 820
311 611
311 665
311 698
311 588
311 568
311 598
311 599
311 613
311 680
311 906
311 931
311 963
312 335
312 476
312 806
312 984
312 793
312 904
312 697
312 926
312 458
312 527
312 638
312 707
312 776
312 827
312 890
313 825
313 787
313 737
313 702
313 634
313 562
313 493
313 342
313 344
313 529
313 530
313 538
313 779
313 813
313 819
313 869
313 924
313 998
314 535
314 380
314 688
314 933
314 911
314 713
314 786
314 716
314 711
314 547
314 948
314 619
314 593
314 592
314 611
314 729
314 878
314 929
314 943
314 959
315 455
315 651
315 781
315 660
315 392
315 332
315 349
315 412
315 493
315 531
315 571
315 682
315 708
315 983
316 464
316 832
316 801
316 654
316 894
316 624
316 381
316 530
316 564
316 728
317 785
317 635
317 727
317 365
317 711
317 401
317 477
317 741
317 558
317 372
317 395
317 409
317 486
317 590
317 817
317 853
317 911
318 374
318 528
318 611
318 710
318 559
318 703
318 609
318 996
318 330
318 343
318 492
318 511
318 581
318 902
318 982
319 619
319 320
319 670
319 657
319 567
319 573
319 357
319 384
319 494
319 519
319 566
319 773
319 832
319 844
319 925
319 951
319 966
320 566
320 361
320 335
320 768
320 977
320 984
320 561
320 845
320 660
320 471
320 640
320 338
320 359
320 404
320 465
320 485
320 548
320 670
320 714
320 904
320 919
321 848
321 636
321 530
321 912
321 924
321 881
321 916
321 426
321 525
321 578
321 724
321 753
321 764
321 844
321 901
322 757
322 601
322 570
322 744
322 681
322 753
322 423
322 571
322 607
322 611
322 983
323 668
323 845
323 619
323 756
323 839
323 995
323 335
323 357
323 394
323 462
323 548
323 627
323 904
323 925
324 611
324 690
324 436
324 427
324 501
324 508
324 741
324 498
324 382
324 405
324 766
324 821
324 909
324 911
324 912
324 934
325 441
325 577
325 344
325 349
325 385
325 412
325 443
325 449
325 518
325 569
325 601
325 671
325 673
325 677
325 682
325 805
325 918
325 929
326 611
326 820
326 665
326 490
326 367
326 453
326 519
326 539
326 628
326 736
326 752
326 896
326 963
327 611
327 796
327 365
327 867
327 725
327 709
327 940
327 976
327 533
327 363
327 406
327 659
327 675
327 904
327 932
328 606
328 533
328 433
328 477
328 729
328 775
328 719
328 585
328 375
328 424
328 469
328 508
328 515
328 548
328 862
328 872
328 874
328 909
328 938
328 990
329 767
329 989
329 969
329 984
329 513
329 494
329 335
329 756
329 674
329 573
329 616
329 623
329 731
329 773
329 807
329 951
330 611
330 805
330 907
330 587
330 484
330 762
330 744
330 359
330 368
330 378
330 542
330 621
330 644
330 652
330 749
330 861
330 865
330 876
330 932
330 956
331 913
331 760
331 914
331 832
331 438
331 344
331 734
331 414
331 569
331 571
331 654
331 812
331 857
331 863
332 712
332 392
332 677
332 363
332 421
332 493
332 571
332 630
332 945
333 610
333 948
333 822
333 839
333 984
333 485
333 756
333 502
333 685
333 393
333 619
333 989
333 946
333 495
333 551
333 362
333 369
333 482
333 500
333 623
333 733
333 926
334 378
334 611
334 739
334 865
334 439
334 751
334 908
335 611
335 345
335 699
335 987
335 968
335 815
335 463
335 557
335 978
335 450
335 737
335 387
335 398
335 756
335 408
335 921
335 474
335 403
335 548
335 633
335 341
335 573
335 458
335 338
335 362
335 369
335 418
335 437
335 473
335 497
335 502
335 517
335 520
335 585
335 595
335 598
335 600
335 632
335 668
335 670
335 673
335 720
335 794
335 797
335 811
335 871
335 879
335 912
335 957
335 966
335 977
335 984
336 721
336 877
336 498
336 831
336 666
336 675
336 406
336 622
336 659
336 751
336 766
336 938
336 956
337 836
337 874
337 976
337 645
337 446
337 469
337 816
337 916
337 452
337 533
337 611
337 833
338 967
338 712
338 927
338 561
338 352
338 585
338 656
338 401
338 580
338 737
338 796
339 383
339 343
339 665
339 695
339 659
339 553
339 611
339 895
339 991
340 741
340 364
340 442
340 396
340 400
340 489
340 659
340 688
340 755
340 782
340 940
341 579
341 605
341 793
341 437
341 815
341 926
341 522
341 924
341 961
341 411
341 497
341 964
342 817
342 588
342 809
342 921
342 585
342 344
342 463
342 482
342 647
342 749
343 370
343 866
343 980
343 439
343 516
343 552
343 611
343 723
343 726
343 735
343 748
343 792
343 825
343 977
344 961
344 869
344 389
344 593
344 686
344 764
344 371
344 467
344 667
344 828
345 611
345 503
345 436
345 375
345 860
345 521
345 416
345 653
345 452
345 659
345 970
346 614
346 549
346 953
346 693
346 599
346 611
346 698
346 628
346 446
346 736
346 973
347 940
347 909
347 405
347 534
347 778
347 401
347 477
347 765
347 521
347 899
347 661
347 812
347 353
347 554
347 590
347 622
347 632
347 663
347 800
347 863
348 611
348 392
348 372
348 374
348 378
348 787
348 958
349 549
349 642
349 929
349 965
349 471
349 355
349 418
349 571
349 576
349 620
349 667
349 677
349 734
349 767
349 802
349 864
349 901
349 912
349 997
350 996
350 439
350 985
350 681
350 441
350 552
350 652
350 678
350 800
350 869
350 878
351 907
351 754
351 690
351 611
351 536
351 575
351 851
351 383
351 513
351 555
351 672
351 801
351 820
352 408
352 668
352 387
352 494
352 552
352 677
352 789
352 884
353 399
353 997
353 844
353 681
353 591
353 744
353 571
353 472
353 434
353 476
353 548
353 663
353 717
353 814
353 986
354 805
354 533
354 911
354 873
354 817
354 778
354 424
354 740
354 486
354 803
354 586
354 427
354 600
354 669
354 713
354 796
354 874
354 892
354 920
355 651
355 475
355 950
355 919
355 771
355 556
355 529
355 991
355 990
355 728
355 613
355 459
355 576
355 597
355 671
355 705
355 812
355 893
356 420
356 752
356 689
356 990
356 571
356 591
356 780
356 638
356 640
356 704
357 477
357 403
357 926
357 648
357 362
357 561
357 494
357 852
357 914
357 465
357 520
357 668
357 676
357 760
357 827
357 978
357 995
358 711
358 499
358 519
358 592
358 765
358 808
358 816
358 911
359 775
359 557
359 790
359 890
359 573
359 598
359 712
359 411
359 497
359 519
359 702
360 422
360 487
360 613
360 654
360 660
360 464
360 607
361 611
361 898
361 408
361 379
361 696
361 989
361 827
361 512
361 395
361 473
361 522
361 548
361 759
361 904
361 930
361 937
362 999
362 944
362 469
362 768
362 898
362 429
362 712
362 428
362 512
362 601
362 633
362 759
362 809
362 837
362 883
362 957
362 979
363 974
363 817
363 506
363 909
363 419
363 842
363 505
363 403
363 372
363 836
363 860
364 765
364 867
364 675
364 766
364 659
364 699
364 955
364 540
364 409
364 803
364 653
364 669
364 742
364 775
364 943
365 446
365 406
365 416
365 543
365 765
365 645
365 452
365 889
365 468
365 567
365 699
365 899
365 910
366 611
366 378
366 953
366 632
366 606
366 836
366 483
366 495
366 422
366 560
366 631
366 680
366 708
366 855
366 995
367 536
367 527
367 528
367 665
367 611
367 903
367 619
367 444
367 515
367 534
367 726
367 876
368 687
368 480
368 560
368 587
368 891
368 986
369 693
369 778
369 817
369 955
369 493
369 408
369 442
369 509
369 543
369 590
369 699
369 847
369 889
370 611
370 455
370 969
370 432
370 474
370 532
370 621
370 872
370 941
370 980
371 551
371 583
371 613
371 479
371 558
371 562
371 571
371 859
371 885
371 900
371 901
371 918
371 929
372 456
372 803
372 475
372 554
372 683
372 797
372 937
373 547
373 728
373 624
373 569
373 881
373 724
373 923
373 440
373 571
373 738
373 538
373 556
373 642
373 764
373 777
373 802
373 813
374 958
374 652
374 420
374 868
374 936
374 637
374 983
374 383
374 418
374 466
374 545
374 639
374 662
374 987
375 856
375 972
375 775
375 413
375 874
375 910
375 408
375 419
375 501
375 535
375 586
375 675
375 758
375 803
375 816
376 508
376 890
376 512
376 863
376 753
376 801
376 681
376 431
376 918
376 998
376 660
376 763
377 611
377 724
377 923
377 997
377 449
377 556
377 389
377 408
377 440
377 471
377 487
377 571
377 643
377 733
377 869
377 961
377 976
378 581
378 953
378 560
378 433
378 411
378 483
378 539
378 603
378 662
378 708
378 736
378 748
378 870
378 996
379 517
379 942
379 807
379 870
379 685
379 886
379 465
379 473
379 510
379 513
379 600
379 657
379 676
380 784
380 949
380 645
380 699
380 447
380 454
380 653
380 723
380 751
380 808
380 867
380 972
380 976
381 921
381 971
381 965
381 391
381 783
381 571
381 389
381 418
381 518
381 667
381 443
381 479
381 689
381 717
381 912
381 922
381 990
382 703
382 727
382 899
382 850
382 419
382 466
382 468
382 725
382 742
382 766
383 466
383 698
383 584
383 587
383 611
383 791
383 752
383 928
383 426
383 521
383 550
383 606
383 745
384 680
384 807
384 517
384 913
384 809
384 685
384 930
384 694
384 428
384 393
384 408
384 596
384 636
385 651
385 605
385 667
385 643
385 854
385 922
385 624
385 423
385 733
386 786
386 484
386 725
386 405
386 393
386 469
386 540
386 564
386 629
386 750
386 775
386 781
387 611
387 694
387 625
387 696
387 930
387 968
387 428
387 500
387 850
387 852
387 497
387 633
387 737
387 950
387 995
388 912
388 802
388 728
388 418
388 421
388 571
388 611
388 813
388 864
388 867
388 924
388 997
389 457
389 529
389 391
389 634
389 986
389 538
389 421
389 476
389 487
389 499
389 541
389 558
389 607
389 611
389 771
389 801
389 901
390 481
390 774
390 662
390 528
390 480
390 539
390 549
390 611
390 777
390 868
390 888
391 894
391 961
391 443
391 452
391 717
391 736
391 819
391 846
391 853
391 902
391 933
392 535
392 548
392 499
392 757
392 744
392 961
392 440
392 571
392 583
392 631
392 646
392 743
392 747
392 780
392 812
392 881
392 997
393 477
393 942
393 696
393 714
393 925
393 474
393 507
393 692
393 807
393 811
393 903
393 968
394 581
394 750
394 942
394 850
394 512
394 946
394 561
394 768
394 588
394 988
394 399
394 566
394 641
394 685
394 793
394 911
395 939
395 727
395 571
395 443
395 551
395 728
395 537
395 717
395 757
395 922
396 416
396 833
396 506
396 604
396 899
396 948
397 611
397 950
397 966
397 627
397 807
397 448
397 688
397 870
398 745
398 582
398 429
398 458
398 925
398 500
398 511
398 768
398 888
398 919
399 790
399 489
399 977
399 557
399 995
399 927
399 607
399 437
400 469
400 424
400 742
400 994
400 887
400 452
400 547
400 571
400 616
400 765
400 883
400 940
401 516
401 795
401 652
401 424
401 799
401 427
401 452
401 778
401 406
401 775
401 478
401 862
401 669
401 699
401 959
401 589
401 409
401 461
401 661
401 719
401 757
401 758
401 786
401 817
401 821
401 921
401 954
401 972
402 416
402 725
402 943
402 424
402 547
402 484
402 781
402 612
402 622
402 682
402 766
402 808
402 817
402 848
402 951
402 955
403 458
403 840
403 625
403 408
403 561
403 421
403 514
403 611
403 845
403 903
404 611
404 987
404 761
404 913
404 927
404 548
404 768
404 667
404 517
404 627
405 948
405 655
405 838
405 709
405 406
405 543
405 955
405 921
405 446
405 454
405 663
405 716
405 778
405 786
405 874
405 909
405 910
406 658
406 741
406 847
406 892
406 649
406 937
406 585
406 612
406 615
406 655
406 767
406 970
407 611
407 453
407 726
407 963
407 732
407 855
407 974
408 490
408 720
408 913
408 937
408 951
408 768
408 517
408 502
408 773
408 946
408 890
408 619
408 656
408 807
408 674
408 463
408 717
408 546
408 416
408 442
408 448
408 454
408 457
408 467
408 507
408 519
408 538
408 557
408 568
408 649
408 659
408 670
408 731
408 737
408 756
408 805
408 815
408 841
408 966
408 978
409 611
409 612
409 911
409 669
409 970
409 998
409 424
409 722
410 571
410 715
410 569
410 718
410 885
410 901
411 841
411 890
411 460
411 913
411 648
411 513
411 457
411 545
411 633
411 859
411 886
412 724
412 762
412 417
412 624
412 812
412 438
412 571
412 622
412 764
412 901
412 932
413 782
413 955
413 765
413 742
413 438
413 484
413 505
413 724
413 823
413 902
414 615
414 471
414 492
414 550
414 562
414 634
414 702
414 983
415 611
415 503
415 867
415 808
415 976
415 994
415 725
415 424
415 622
415 719
415 862
415 973
416 936
416 699
416 716
416 959
416 994
416 675
416 911
416 419
416 894
416 747
416 478
416 493
416 504
416 589
416 663
416 682
416 765
416 800
416 816
416 902
416 909
417 774
417 605
417 686
417 780
417 562
417 464
417 654
417 571
417 705
417 819
417 576
417 673
417 724
417 883
418 671
418 885
418 724
418 728
418 472
418 438
418 530
418 529
418 565
418 611
418 771
418 937
418 962
419 559
419 533
419 424
419 446
419 465
419 493
419 554
419 612
419 622
419 663
419 744
419 778
419 899
419 933
419 970
420 787
420 824
420 917
420 915
420 453
420 470
420 637
420 678
420 770
420 825
421 866
421 445
421 571
421 459
421 531
421 538
421 604
421 634
421 670
421 763
421 801
421 865
421 894
421 933
422 906
422 804
422 611
422 820
422 971
422 871
422 470
422 698
423 435
423 846
423 681
423 509
423 864
423 945
423 719
423 783
423 929
424 635
424 821
424 433
424 782
424 475
424 501
424 847
424 651
424 663
424 719
424 723
424 874
425 760
425 689
425 916
425 961
425 572
425 449
425 459
425 764
425 834
426 726
426 511
426 611
426 602
426 825
426 439
426 549
426 752
426 772
426 797
426 822
426 946
427 592
427 456
427 469
427 649
427 961
428 879
428 955
428 567
428 679
428 818
428 636
428 761
428 989
428 829
428 453
428 561
428 579
428 611
428 850
428 880
429 729
429 463
429 756
429 638
429 731
429 903
429 737
429 788
429 789
429 794
429 856
429 927
430 611
430 739
430 542
430 567
430 571
430 514
430 434
430 470
430 610
430 665
430 782
430 843
430 848
431 864
431 654
431 467
431 918
431 604
431 763
431 798
431 820
432 611
432 496
432 974
432 726
432 594
433 934
433 688
433 540
433 722
433 579
433 607
433 504
433 713
433 767
433 911
433 949
433 984
434 699
434 819
434 572
434 991
434 747
434 464
435 611
435 755
435 736
435 936
435 896
435 531
435 516
435 559
435 632
435 692
435 774
435 824
435 906
436 710
436 899
436 799
436 830
436 655
436 490
436 768
436 800
436 816
436 834
436 873
436 882
437 611
437 670
437 759
437 568
437 458
437 485
437 497
437 845
437 951
438 617
438 565
438 757
438 857
438 926
438 972
438 997
439 664
439 785
439 611
439 868
439 618
439 888
439 610
439 732
439 746
439 864
440 611
440 689
440 667
440 601
440 514
440 738
440 894
440 578
440 916
440 660
440 686
440 743
440 835
440 885
441 956
441 549
441 611
441 896
441 576
441 466
441 516
441 528
441 664
441 883
442 675
442 641
442 882
442 899
442 782
442 508
442 603
442 607
442 629
442 711
442 742
442 939
443 503
443 634
443 779
443 530
443 893
443 514
443 604
443 611
443 646
443 757
443 769
443 798
443 981
444 974
444 611
444 796
444 718
444 553
444 705
444 736
444 755
444 787
444 815
444 817
444 888
445 728
445 763
445 571
445 887
445 607
445 530
445 596
445 626
446 765
446 503
446 788
446 817
446 565
446 689
446 751
446 934
446 954
446 959
447 896
447 849
447 560
447 611
447 695
447 804
447 855
447 982
448 516
448 460
448 507
448 951
448 517
448 500
448 627
448 921
448 619
448 674
448 497
448 616
448 463
448 926
448 904
448 668
448 685
449 873
449 530
449 900
449 546
449 783
449 472
449 769
449 525
449 717
449 571
449 647
449 720
449 733
449 813
449 997
450 925
450 884
450 809
450 807
450 492
450 638
450 709
450 800
450 901
451 691
451 471
451 552
451 601
451 611
451 787
451 895
452 956
452 831
452 877
452 688
452 669
452 955
452 534
452 848
453 876
453 611
453 745
453 553
453 805
453 559
453 491
453 926
453 704
453 599
453 668
453 691
453 739
453 868
453 941
454 645
454 847
454 699
454 653
454 909
454 783
454 565
454 484
454 560
454 663
454 732
454 833
454 955
455 888
455 611
455 480
455 502
455 571
455 610
455 701
455 736
455 908
455 941
456 941
456 799
456 775
456 637
456 826
456 466
456 586
456 611
456 719
456 758
456 771
456 803
456 962
457 898
457 656
457 845
457 794
457 463
457 978
457 801
457 460
457 600
458 502
458 977
458 638
458 482
458 512
458 694
459 762
459 681
459 571
459 738
459 717
459 538
459 615
459 583
459 642
459 654
459 718
459 747
459 798
459 802
459 934
459 962
460 804
460 768
460 875
460 561
460 629
460 648
460 670
460 783
460 925
460 954
461 543
461 902
461 666
461 778
461 653
461 494
461 547
461 673
461 740
461 750
461 786
461 889
461 959
462 683
462 988
462 548
462 837
462 968
462 913
462 598
462 850
462 697
462 971
462 815
462 836
462 984
463 584
463 993
463 477
463 878
463 811
463 815
463 489
463 789
463 656
463 512
463 712
463 841
463 886
463 971
464 661
464 766
464 913
464 834
464 570
464 975
464 717
464 671
464 541
464 565
464 986
465 942
465 520
465 588
465 731
465 640
465 548
465 568
465 679
465 806
465 831
465 903
466 693
466 496
466 746
466 926
466 844
466 572
466 611
466 662
466 706
467 867
467 629
467 468
467 681
467 571
467 829
467 608
467 743
467 802
467 832
467 883
467 929
467 981
468 709
468 821
468 967
468 860
468 742
468 655
468 682
468 716
468 877
469 948
469 765
469 788
469 949
469 973
469 590
469 535
469 554
469 637
469 797
469 842
469 848
469 947
470 526
470 573
470 606
470 611
470 618
470 760
470 928
471 886
471 783
471 704
471 763
471 530
471 538
471 757
471 865
471 991
472 767
472 570
472 525
472 523
473 841
473 938
473 850
473 870
473 522
473 585
473 657
473 696
474 568
474 697
474 904
474 918
474 734
474 605
474 627
474 773
474 902
474 968
475 614
475 521
475 477
475 811
475 798
475 635
475 661
475 821
475 938
475 948
476 519
476 638
476 582
476 581
477 803
477 993
477 753
477 565
477 486
477 622
477 662
477 889
477 899
477 911
477 940
477 970
478 848
478 838
478 967
478 540
478 657
478 669
478 723
478 862
478 911
478 973
479 705
479 763
479 577
479 893
479 924
479 671
479 537
479 667
479 901
479 983
479 997
480 528
480 695
480 611
480 787
480 652
480 793
480 491
480 516
480 835
480 903
480 917
480 931
480 999
481 536
481 879
481 611
481 496
481 527
481 824
481 855
481 916
481 931
481 952
481 985
482 752
482 720
482 513
482 880
482 512
482 776
482 789
482 921
482 561
482 818
482 971
483 699
483 837
483 852
483 696
483 923
483 611
483 730
483 773
484 895
484 856
484 666
484 742
484 629
484 503
484 669
484 947
484 860
484 547
484 800
484 831
484 939
485 666
485 978
485 489
485 968
485 870
485 573
485 656
485 989
485 557
485 512
485 646
485 720
485 950
486 669
486 788
486 947
486 803
486 543
486 586
486 790
486 799
486 939
487 553
487 919
487 829
487 918
487 604
487 975
487 647
487 916
487 869
487 569
487 571
487 611
487 617
487 673
487 706
487 734
487 853
487 922
488 628
488 752
488 611
488 774
488 953
488 640
488 708
488 911
488 960
489 590
489 650
489 793
489 912
489 676
489 714
490 669
490 661
490 729
490 909
490 870
490 520
490 595
490 603
490 652
490 666
490 686
490 740
490 800
490 867
490 913
490 959
491 928
491 611
491 843
491 958
491 992
491 773
491 593
491 626
491 804
492 553
492 611
492 695
492 938
492 504
492 532
492 745
493 953
493 537
493 814
493 613
493 571
493 624
493 783
493 798
493 887
493 738
493 846
493 848
493 881
494 940
494 670
494 712
494 676
494 957
494 685
494 598
494 768
494 913
494 946
494 964
495 993
495 733
495 844
495 529
495 611
495 677
495 691
495 706
495 744
495 897
495 912
496 872
496 749
496 611
496 614
496 574
496 715
496 645
496 701
496 953
497 726
497 657
497 966
497 826
497 964
497 507
497 573
497 768
497 806
497 852
497 957
498 675
498 940
498 655
498 899
498 513
498 780
498 547
498 629
498 682
498 775
498 902
498 976
498 993
499 518
499 538
499 715
499 733
499 571
499 578
499 615
499 779
500 903
500 925
500 718
500 773
500 794
500 809
500 871
500 978
500 995
501 972
501 889
501 544
501 589
501 603
501 611
501 682
501 711
501 740
501 771
501 816
501 848
502 561
502 619
502 638
502 737
502 839
502 927
502 989
503 836
503 955
503 882
503 842
503 934
503 603
503 679
503 731
503 740
503 753
503 878
503 970
504 699
504 920
504 661
504 595
504 993
504 742
504 521
504 586
504 620
504 810
505 740
505 612
505 571
505 603
505 934
505 972
506 786
506 948
506 955
506 838
506 509
506 655
506 762
506 848
507 575
507 679
507 950
507 871
507 633
507 768
507 961
507 596
507 822
507 921
508 691
508 792
508 821
508 740
508 948
508 554
508 635
508 613
508 798
508 547
508 673
508 742
508 902
509 613
509 620
509 645
509 647
509 859
509 914
510 740
510 829
510 728
510 626
510 894
510 634
510 724
510 828
510 514
510 611
510 717
510 863
510 881
511 611
511 516
511 985
511 683
511 787
511 574
511 599
511 609
511 618
511 770
511 775
511 814
511 982
512 807
512 871
512 712
512 623
512 605
512 898
512 840
512 822
512 600
512 950
512 768
512 650
512 524
512 968
512 969
513 517
513 678
513 937
513 946
513 585
513 900
513 717
513 586
513 616
513 627
513 975
513 989
514 896
514 976
514 613
514 570
514 844
514 571
514 627
514 747
514 874
514 887
514 991
515 739
515 999
515 754
515 889
515 827
515 550
515 798
515 691
515 820
515 849
516 611
516 952
516 549
516 992
516 645
516 606
516 609
517 600
517 658
517 811
517 978
518 802
518 724
518 813
518 660
518 571
518 739
518 771
518 795
518 991
519 735
519 580
519 650
519 811
519 840
519 557
519 567
519 730
519 912
519 919
519 977
520 732
520 679
520 619
520 708
520 720
520 818
520 827
520 858
520 880
520 919
520 968
520 989
521 868
521 742
521 586
521 622
521 674
521 759
521 824
521 831
521 860
521 973
522 611
522 938
522 773
522 656
522 737
522 951
523 611
523 831
523 890
523 919
523 712
523 840
523 858
523 818
523 657
523 676
523 730
524 611
524 784
524 713
524 582
524 568
524 528
524 557
524 561
524 871
525 883
525 571
525 738
526 611
526 861
526 843
526 796
526 564
526 600
526 610
526 684
526 726
527 611
527 777
527 687
527 571
527 632
527 680
527 735
527 748
527 754
527 802
527 896
528 611
528 855
528 749
528 904
528 639
528 684
528 690
528 701
528 746
528 985
529 770
529 544
529 916
529 900
529 646
529 779
529 857
530 829
530 615
530 780
530 541
530 571
530 734
530 779
530 848
530 870
530 885
531 611
531 551
531 801
531 962
531 810
532 611
532 928
532 664
532 755
532 787
532 960
532 974
532 953
532 563
532 621
532 644
532 652
532 683
532 711
532 855
532 946
533 729
533 947
533 675
533 821
533 932
533 826
533 547
533 603
533 635
533 948
534 758
534 741
534 959
534 967
534 666
534 775
534 955
535 899
535 607
535 663
535 821
535 830
535 831
536 611
536 618
536 732
536 658
536 690
536 710
536 952
536 982
537 611
537 735
537 715
537 975
537 562
537 572
537 677
537 798
537 884
537 885
538 947
538 571
538 646
538 576
538 883
538 734
538 983
538 572
538 738
538 757
538 798
538 859
539 936
539 611
539 732
539 691
539 958
539 755
539 960
540 641
540 663
540 688
540 655
540 716
540 682
540 713
540 742
540 784
540 943
541 906
541 751
541 666
541 989
541 962
541 783
541 846
541 608
541 673
542 609
542 726
543 803
543 878
543 943
543 860
543 867
543 973
543 995
543 592
543 645
543 797
543 799
544 902
544 741
544 882
544 976
544 611
544 723
544 767
544 857
544 889
545 795
545 958
545 691
545 820
545 611
545 587
545 605
545 770
546 601
546 643
546 673
546 722
546 747
546 753
546 865
546 900
546 975
547 711
547 740
547 784
547 970
547 573
547 669
547 816
547 909
548 611
548 657
548 971
548 674
548 638
548 773
548 617
548 839
548 989
549 748
549 905
549 665
549 551
549 611
549 684
549 710
549 754
549 952
550 835
550 836
550 897
550 608
550 865
550 864
550 583
550 660
550 686
551 962
551 819
551 912
551 901
551 829
551 558
551 630
551 673
551 718
551 801
551 823
551 855
551 859
551 885
551 983
552 611
552 795
552 745
552 905
552 752
552 825
552 556
552 728
552 721
552 763
553 555
553 876
553 755
553 611
553 866
554 611
554 959
554 847
554 661
554 741
554 590
554 742
554 934
555 611
555 683
555 958
555 665
555 953
555 618
555 672
555 748
555 782
555 896
555 956
556 571
556 779
556 798
557 913
557 818
557 900
557 623
557 668
557 679
557 717
557 742
558 611
558 741
558 822
558 640
558 562
558 881
558 981
558 705
558 887
558 986
559 907
559 611
559 597
559 698
559 736
559 855
559 980
560 574
560 628
560 662
560 611
560 680
560 779
561 868
561 623
561 845
561 978
561 995
561 621
561 635
561 656
561 720
561 748
561 760
561 768
561 898
561 930
561 979
562 705
562 689
562 571
562 834
562 880
562 918
563 847
563 682
563 633
563 766
563 778
563 786
564 701
564 611
564 693
564 609
564 606
564 748
564 866
564 691
564 698
564 770
564 891
564 905
565 726
565 620
565 717
565 615
565 771
565 603
565 677
565 783
565 883
565 894
566 827
566 625
566 638
566 568
566 756
566 582
566 731
566 809
567 987
567 964
567 790
567 950
567 755
567 776
567 885
567 971
568 665
568 904
568 913
568 938
568 656
568 719
568 793
568 826
568 884
569 614
569 932
569 715
569 962
569 983
569 802
569 660
569 819
569 667
569 744
569 620
569 853
569 813
569 916
569 634
569 570
569 613
570 671
570 681
570 642
570 620
570 643
570 662
570 686
570 724
571 872
571 693
571 611
571 996
571 606
571 934
571 967
571 790
571 674
571 794
571 648
571 730
571 901
571 753
571 715
571 900
571 881
571 829
571 961
571 626
571 912
571 620
571 844
571 702
571 894
571 813
571 857
571 747
571 780
571 634
571 594
571 615
571 734
571 576
571 647
571 769
571 660
571 997
571 689
571 673
571 812
571 962
571 654
571 998
571 965
571 717
571 918
571 883
571 630
571 704
571 572
571 728
571 643
571 601
571 628
571 631
571 653
571 656
571 708
571 750
571 757
571 783
571 801
571 806
571 810
571 827
571 846
571 850
571 863
571 870
571 877
571 882
571 942
571 991
572 780
572 689
572 630
572 854
573 713
573 657
573 679
573 925
573 951
573 971
574 906
574 611
574 662
574 772
574 797
575 698
575 752
575 609
575 895
575 795
575 960
575 611
575 982
575 703
575 930
575 590
575 649
575 651
575 669
575 868
575 897
575 946
576 753
576 757
576 613
576 990
576 760
576 826
576 863
577 916
577 813
577 704
577 780
577 802
577 981
578 602
578 709
578 747
578 642
578 829
578 591
578 923
578 753
578 604
578 702
578 764
578 897
579 611
579 878
579 937
579 950
579 717
579 633
579 756
579 768
579 771
579 826
579 850
579 921
579 977
580 795
580 931
580 700
580 611
580 941
580 876
580 754
580 994
580 660
580 644
581 700
581 982
581 584
581 599
581 624
581 693
582 611
582 951
582 969
582 988
582 946
582 626
582 656
582 696
582 776
582 887
582 888
582 904
582 913
583 943
583 923
583 642
583 705
583 760
583 853
583 854
583 885
583 945
583 983
584 691
584 739
584 777
584 985
584 915
584 809
584 776
584 890
584 708
584 785
584 958
585 611
585 655
585 930
585 870
585 861
585 880
585 903
585 966
585 995
586 848
586 911
586 900
586 719
587 611
587 795
587 772
587 948
587 940
587 607
587 588
587 812
587 824
587 953
587 963
588 698
588 619
588 712
588 600
588 806
588 951
588 913
588 927
588 605
588 598
588 661
588 697
588 741
588 827
588 884
588 886
588 975
588 979
589 939
589 688
589 838
589 847
589 765
589 782
589 800
589 994
590 629
590 902
590 595
590 637
590 661
590 675
590 688
590 728
590 782
590 786
590 838
590 867
590 882
591 924
591 983
591 962
591 624
591 647
591 675
591 677
591 705
591 869
592 994
592 716
592 781
592 742
592 967
592 651
592 940
592 725
592 959
592 603
592 927
593 660
593 606
593 702
593 961
594 660
594 704
594 801
594 705
594 617
594 626
594 961
594 981
594 998
595 611
595 967
595 836
595 889
595 637
595 940
595 969
595 674
595 702
595 635
595 887
595 909
596 788
596 904
596 731
596 978
596 884
596 995
596 709
596 720
597 992
597 749
597 611
597 958
597 795
597 879
597 985
598 611
598 756
598 707
598 938
598 950
598 927
598 771
598 922
598 646
599 726
599 895
599 687
599 861
599 755
599 791
599 915
599 611
599 695
599 735
600 749
600 976
600 988
600 657
600 807
600 815
600 858
600 731
600 845
600 937
601 912
601 802
601 991
601 779
601 814
601 864
601 922
602 981
602 665
602 697
602 700
602 731
602 732
602 755
602 777
602 808
602 866
602 935
602 978
603 611
603 902
603 836
603 862
603 909
603 653
603 663
603 740
603 882
604 963
604 778
604 897
604 686
604 779
604 615
604 814
604 945
605 777
605 904
605 938
605 636
605 720
605 683
605 880
605 942
606 687
606 662
606 611
606 691
606 703
606 683
607 819
607 834
607 916
607 744
607 975
607 673
607 742
607 897
608 717
608 642
608 812
608 981
608 630
609 931
609 632
609 628
609 692
610 866
610 611
610 619
610 690
610 820
611 708
611 958
611 644
611 687
611 662
611 664
611 748
611 905
611 652
611 872
611 614
611 996
611 745
611 849
611 698
611 710
611 721
611 952
611 791
611 632
611 908
611 999
611 960
611 658
611 777
611 665
611 739
611 628
611 755
611 749
611 621
611 785
611 931
611 895
611 732
611 974
611 770
611 805
611 795
611 752
611 906
611 618
611 703
611 992
611 843
611 772
611 778
611 944
611 833
611 911
611 742
611 831
611 653
611 934
611 648
611 880
611 919
611 927
611 627
611 753
611 617
611 962
611 894
611 636
611 638
611 639
611 672
611 676
611 680
611 682
611 683
611 684
611 690
611 691
611 692
611 695
611 697
611 700
611 701
611 705
611 712
611 714
611 719
611 726
611 731
611 735
611 736
611 746
611 754
611 757
611 759
611 760
611 763
611 779
611 787
611 792
611 803
611 804
611 820
611 824
611 830
611 835
611 847
611 851
611 855
611 857
611 861
611 862
611 866
611 868
611 876
611 879
611 881
611 888
611 893
611 896
611 902
611 907
611 910
611 915
611 916
611 933
611 936
611 939
611 941
611 956
611 963
611 967
611 973
611 980
611 982
611 985
611 987
611 994
612 856
612 948
612 972
612 741
612 786
612 803
612 817
613 859
613 640
613 885
613 930
614 664
614 721
614 701
614 825
614 829
614 906
614 980
615 975
615 945
615 961
615 894
615 660
615 862
615 912
615 916
615 952
616 994
616 633
616 790
616 946
616 969
616 650
616 658
616 826
616 890
616 930
616 979
617 632
617 858
617 753
617 901
617 825
617 883
618 785
618 958
618 980
618 746
618 752
619 807
619 643
619 759
619 790
619 875
619 886
619 957
620 857
620 634
620 859
620 885
620 728
620 945
620 981
621 735
621 691
621 726
621 887
622 719
622 947
622 860
622 688
622 940
622 932
622 873
623 987
623 890
623 841
623 927
623 946
623 731
623 761
623 818
623 966
624 883
624 810
624 923
624 965
624 626
624 761
624 798
624 863
624 901
625 731
625 818
625 720
625 638
625 737
625 869
625 921
625 937
625 950
626 795
626 671
626 764
626 728
626 865
626 975
626 718
627 968
627 657
627 731
627 736
627 789
627 930
628 851
628 963
628 758
628 771
628 872
629 882
629 708
629 800
630 700
630 736
630 976
630 920
630 789
630 857
630 734
630 724
630 918
630 883
630 901
630 953
631 689
631 686
631 733
631 771
631 779
631 832
631 923
631 961
631 972
632 804
632 644
632 683
632 872
632 695
632 907
632 941
633 968
633 852
633 839
633 720
633 731
633 765
633 773
634 982
634 813
634 673
634 702
634 751
634 757
634 758
634 771
634 780
634 793
634 857
634 885
634 990
635 727
635 645
635 713
635 740
635 882
635 961
635 993
636 827
636 852
636 648
636 971
636 756
636 806
636 957
636 964
636 978
637 967
637 838
637 727
637 642
637 655
637 863
638 697
638 946
638 737
638 978
638 979
639 687
639 665
639 785
639 746
639 813
639 736
639 762
639 905
639 982
639 994
640 947
640 801
640 718
640 734
640 760
640 859
641 873
641 972
641 962
641 669
641 821
641 836
641 889
641 968
642 780
642 864
642 647
642 677
642 715
642 757
642 769
642 924
643 988
643 975
643 762
643 881
643 929
644 665
644 996
644 703
644 754
644 866
644 910
645 765
645 709
645 659
645 776
646 899
646 864
646 829
646 857
646 863
646 901
646 962
647 929
647 780
647 814
647 918
647 962
648 795
648 866
648 935
648 720
648 676
648 759
648 806
648 971
648 693
648 839
648 942
648 988
649 949
649 994
649 661
649 758
649 770
649 802
649 889
650 661
650 845
650 679
650 759
650 811
650 827
651 758
651 688
651 740
651 784
651 816
651 821
651 860
651 977
652 980
652 701
652 947
652 687
652 807
653 722
653 719
653 788
653 675
653 778
653 796
653 882
654 670
654 826
654 912
654 828
654 718
654 993
655 709
655 973
655 664
655 767
655 800
655 899
655 939
656 899
656 858
656 707
656 957
656 685
656 837
656 898
657 708
657 676
657 685
657 815
657 713
657 749
657 752
657 773
657 784
657 789
657 875
658 791
658 787
658 751
658 805
659 954
659 902
659 758
659 967
660 830
660 869
660 924
660 901
660 916
660 893
660 813
660 814
660 912
661 973
661 699
661 943
661 799
661 934
661 767
661 821
661 909
662 855
662 692
662 777
662 693
662 824
662 876
663 838
663 740
663 775
663 751
663 833
663 873
663 940
664 999
664 792
664 996
664 931
664 705
664 692
664 698
664 700
664 725
665 891
665 974
666 992
666 808
666 909
666 727
666 682
666 725
666 765
666 796
666 823
666 911
666 944
666 954
667 819
667 743
667 779
667 914
668 946
668 674
668 937
668 759
668 809
668 858
668 884
668 930
668 957
669 973
669 758
669 892
669 959
670 911
670 793
670 964
670 714
670 776
670 930
671 888
671 705
671 718
671 765
671 813
671 827
671 857
671 914
671 963
672 866
672 851
672 687
672 990
672 745
672 797
672 843
672 868
673 812
673 798
674 877
674 942
674 712
674 811
674 898
674 938
675 999
675 816
675 954
675 965
675 716
675 719
675 778
675 856
675 930
676 827
676 826
676 921
676 942
677 993
677 991
677 918
677 810
677 887
678 782
678 898
678 979
678 712
678 859
679 776
679 875
679 731
679 839
679 811
679 941
679 979
680 868
680 908
680 772
680 754
680 979
680 769
681 741
681 863
681 724
681 744
682 751
682 699
682 910
682 864
682 688
682 788
682 833
682 856
682 882
682 909
682 911
683 739
683 872
683 891
683 974
684 879
684 721
684 915
684 940
684 693
684 732
685 996
685 703
685 987
685 759
685 904
686 901
686 828
687 719
688 949
688 719
688 722
688 873
688 939
689 846
689 777
689 779
689 832
690 941
690 795
690 960
690 787
690 974
690 772
691 825
691 992
691 692
691 721
691 855
691 950
692 849
692 745
692 891
693 695
693 731
693 735
693 770
693 905
693 963
693 980
693 992
694 729
694 904
694 731
694 964
694 937
694 756
694 840
695 915
695 777
695 988
695 882
695 941
696 826
696 913
696 966
696 990
697 925
697 913
697 724
697 994
698 792
698 907
698 935
699 742
699 816
699 836
699 870
699 911
699 933
699 967
699 972
700 896
700 985
700 748
700 732
700 879
701 774
701 952
701 770
701 748
701 703
701 907
701 996
702 769
702 706
702 783
702 834
702 846
703 745
703 866
703 952
704 943
704 718
704 764
704 798
704 801
704 856
704 863
704 916
704 984
705 798
705 717
705 734
705 900
705 829
705 981
705 990
705 733
705 857
705 863
705 881
706 819
706 894
706 738
706 756
706 760
706 798
706 846
706 857
707 839
707 806
707 826
707 858
707 984
708 872
708 868
708 905
708 992
708 814
708 797
708 825
709 745
709 749
709 831
709 740
710 917
711 830
711 911
711 796
711 842
711 848
711 932
711 966
711 970
711 972
712 927
712 756
712 742
712 759
712 811
712 839
712 898
712 926
712 937
712 950
712 983
712 995
713 805
713 949
713 892
713 778
713 800
714 731
714 776
714 951
714 811
714 936
715 882
715 869
715 857
715 912
715 923
716 911
716 797
716 750
716 817
716 767
716 788
716 821
716 856
717 854
717 729
717 846
717 868
718 865
718 975
718 762
718 857
718 923
719 948
719 939
719 830
719 817
719 909
719 911
719 943
720 839
720 875
720 942
720 743
720 815
720 841
720 918
720 926
720 937
720 968
721 943
722 973
722 877
722 847
723 943
723 742
723 743
723 782
723 799
723 842
723 847
723 848
723 853
723 985
724 864
724 812
724 819
724 983
725 775
725 889
725 899
725 944
726 891
726 825
727 742
727 831
727 950
727 993
728 744
728 965
728 738
728 760
728 832
728 841
728 869
729 751
729 823
729 766
729 854
729 862
729 867
729 940
730 773
730 921
730 759
730 768
730 809
730 901
730 924
730 964
730 987
731 862
731 884
731 818
731 845
731 850
731 925
731 957
731 971
732 932
732 841
732 792
733 914
733 846
733 962
733 828
733 819
733 894
733 743
734 742
734 998
734 975
734 983
734 798
734 923
736 851
736 772
737 773
737 871
737 789
737 790
738 814
738 846
738 863
738 981
738 743
738 844
738 918
738 983
739 861
739 980
739 748
739 854
739 866
739 875
739 895
739 960
740 959
740 782
740 882
740 987
740 796
740 870
741 996
741 878
741 973
741 993
741 836
741 927
741 744
741 959
742 907
742 967
742 955
742 767
742 838
742 909
742 775
742 799
742 893
742 940
742 959
742 970
743 877
743 990
743 893
743 747
743 760
743 918
744 894
744 810
745 941
745 847
745 804
745 956
746 888
746 958
746 928
747 758
747 933
747 834
747 912
747 764
747 924
748 777
748 935
748 999
748 855
748 802
748 866
749 762
749 804
750 836
750 766
750 788
751 940
751 973
752 958
752 774
752 835
752 968
752 754
752 795
752 824
752 980
753 999
753 839
753 763
753 802
753 901
753 925
753 945
753 965
753 981
754 960
754 862
755 851
755 804
755 835
755 866
755 876
755 907
756 836
756 781
756 976
756 822
756 903
756 946
756 852
757 977
757 894
757 854
757 762
757 764
757 832
758 782
758 911
758 948
758 800
758 817
758 889
758 918
758 993
759 825
759 988
759 969
759 921
759 870
760 851
760 853
760 763
761 811
761 971
761 938
761 951
761 768
762 763
762 787
762 859
762 970
763 990
763 779
763 923
763 945
764 966
764 965
764 997
764 779
765 781
765 913
765 836
765 902
765 934
766 803
766 808
766 976
766 947
766 939
766 788
766 816
766 955
767 902
767 856
767 808
767 909
767 934
768 826
768 845
768 818
768 811
768 839
768 871
768 904
768 951
769 811
769 894
769 901
769 916
770 958
770 855
770 787
770 830
770 960
770 966
771 887
771 834
771 916
771 929
772 825
772 787
772 821
772 855
772 888
772 928
773 794
773 884
773 880
773 964
773 966
774 806
774 857
775 808
775 815
775 884
775 970
776 964
776 870
778 781
778 954
779 819
779 961
779 986
779 813
779 883
780 807
780 981
780 845
780 914
780 961
780 997
781 848
781 911
781 796
781 803
781 933
783 788
783 860
783 853
784 856
784 816
785 941
785 792
785 956
785 996
786 953
786 911
786 817
786 862
786 970
786 874
786 878
786 973
786 850
786 859
786 860
786 867
786 959
786 994
787 985
787 861
787 871
788 833
788 836
788 955
789 806
789 845
789 870
789 827
789 840
790 967
790 995
790 851
790 911
790 930
791 928
791 868
791 864
791 897
791 908
791 937
792 928
792 805
793 818
793 942
793 981
793 870
794 850
794 810
794 881
794 942
795 824
795 908
795 950
796 889
796 970
796 825
797 899
797 800
797 966
797 867
798 958
798 834
799 882
799 857
799 874
799 954
800 889
800 939
800 967
800 954
800 994
801 949
801 961
801 864
802 864
802 945
803 816
803 826
803 830
804 896
804 849
805 868
805 905
805 859
805 937
806 978
806 951
806 852
806 876
806 903
807 818
807 883
807 871
807 921
808 878
808 830
809 988
809 957
809 870
809 968
810 829
810 997
810 986
810 814
810 897
810 962
811 989
811 886
811 815
811 853
812 840
812 894
812 883
812 897
812 865
812 925
813 818
813 846
814 911
814 853
814 991
814 894
814 859
814 922
814 986
815 919
815 979
816 910
816 934
816 959
817 954
817 972
818 849
818 898
818 977
818 871
818 880
818 919
818 925
818 956
819 901
819 912
819 981
820 852
821 882
821 911
821 920
821 926
821 940
822 927
822 926
822 969
822 890
822 915
823 831
824 872
824 941
824 917
825 843
825 849
825 907
826 987
826 913
826 845
827 987
827 880
827 830
827 951
827 978
828 958
828 968
829 913
829 863
830 911
830 954
830 838
830 910
830 967
830 993
831 860
831 947
832 929
832 865
832 990
833 899
833 847
833 882
833 877
833 911
833 943
834 859
834 892
835 953
835 877
835 922
835 849
836 955
836 920
836 973
837 977
837 841
837 886
837 898
838 889
838 939
838 982
839 925
839 982
840 977
840 870
840 950
840 988
841 927
841 898
841 909
841 925
841 932
841 950
842 909
842 875
844 975
844 962
844 881
844 918
844 859
844 961
845 958
845 995
845 852
845 869
845 897
845 987
846 901
846 885
846 864
846 997
847 877
847 860
847 967
847 939
847 940
848 899
848 933
848 860
848 976
849 980
849 908
849 900
849 952
849 956
850 913
850 989
851 915
851 908
851 891
852 951
852 880
852 903
853 894
853 983
854 890
854 939
855 956
856 934
857 894
857 881
857 883
857 922
857 991
858 890
858 870
858 903
860 920
861 935
861 895
861 931
861 958
862 969
862 903
862 933
863 887
864 973
864 987
864 961
865 945
865 983
866 982
866 986
867 892
867 949
868 963
868 917
869 916
869 997
869 918
869 986
869 998
870 992
870 925
870 946
870 926
870 968
870 938
870 891
871 984
871 890
871 937
871 879
871 886
872 953
872 890
872 923
872 888
872 891
872 915
873 972
873 911
874 947
874 911
874 972
874 943
875 995
876 907
876 888
877 933
879 982
879 935
879 981
880 978
880 957
881 986
881 922
881 958
882 994
883 981
883 994
884 913
884 989
885 961
885 998
886 988
886 964
886 987
887 954
887 988
887 923
887 945
888 980
889 920
890 997
890 938
891 917
891 963
891 999
892 976
892 939
892 909
893 997
893 981
894 912
895 935
896 936
896 956
897 945
897 983
898 903
898 988
899 911
900 948
900 945
900 924
902 995
902 976
903 921
903 938
903 942
904 906
904 927
904 946
904 971
905 936
906 914
906 941
907 923
908 966
908 917
909 940
909 911
909 939
909 942
909 955
910 944
911 949
911 934
911 964
912 997
913 951
913 957
913 964
913 969
913 984
913 995
914 978
916 991
917 996
918 991
918 929
919 955
919 978
919 957
919 925
919 969
921 938
921 937
921 977
921 946
921 925
922 927
924 947
924 982
925 978
925 977
926 989
926 946
927 968
928 974
930 979
930 971
931 958
931 953
931 956
931 960
932 978
933 944
933 993
934 981
934 948
934 954
934 970
934 971
936 953
936 974
939 980
939 940
939 955
940 970
941 982
942 977
944 947
944 972
945 955
947 994
947 955
948 949
948 973
948 993
949 967
950 954
954 959
957 997
958 999
958 996
958 979
961 977
961 991
964 991
969 989
970 994
971 977
972 993
974 996
976 983
977 979
980 985
983 986
986 997
987 989
991 997
993 994
997 998
