0 296
0 683
0 388
0 139
0 401
0 224
0 724
0 23
0 65
0 180
0 331
0 552
0 612
0 705
0 727
0 846
0 942
0 991
1 708
1 8
1 119
1 816
1 81
1 377
1 443
1 613
1 337
1 132
1 451
1 160
1 379
1 589
1 192
1 410
1 247
1 297
1 668
1 727
1 766
1 876
2 784
2 421
2 411
2 636
2 884
2 946
2 213
2 134
2 477
2 761
2 887
2 966
3 881
3 534
3 665
3 474
3 227
3 312
3 219
3 873
3 547
3 900
3 589
3 174
3 266
3 382
3 418
3 517
4 496
4 742
4 97
4 663
4 525
4 799
4 20
4 38
4 44
4 46
4 64
4 86
4 94
4 298
4 494
4 502
4 566
4 575
4 664
4 702
4 786
4 996
5 410
5 459
5 126
5 691
5 263
5 782
5 116
5 66
5 152
5 175
5 197
5 202
5 270
5 278
5 445
5 468
5 499
5 502
5 565
5 722
5 958
5 999
6 294
6 678
6 527
6 24
6 973
6 444
6 498
6 918
6 465
6 694
6 720
6 660
6 943
6 726
6 392
6 134
6 348
6 390
6 448
6 852
6 935
6 997
7 222
7 337
7 835
7 667
7 245
7 329
7 360
7 879
7 369
7 979
7 600
7 139
7 661
7 970
7 264
7 901
7 850
7 228
7 284
7 395
7 443
7 485
7 571
7 606
7 645
7 982
8 133
8 43
8 994
8 772
8 421
8 992
8 434
8 820
8 257
8 485
8 568
8 648
8 245
8 296
8 362
8 388
8 876
8 912
8 988
9 769
9 119
9 425
9 746
9 353
9 77
9 306
9 955
9 810
9 913
9 340
9 805
9 584
9 183
9 473
9 87
9 202
9 292
9 358
9 370
9 664
10 373
10 109
10 277
10 297
10 561
10 160
10 53
10 621
10 281
10 132
10 654
10 144
10 372
10 381
10 421
10 448
10 530
10 602
10 645
10 820
10 870
10 876
10 994
11 204
11 363
11 55
11 515
11 250
11 262
11 347
11 439
11 482
11 497
11 585
11 757
11 880
11 959
12 997
12 831
12 275
12 865
12 813
12 692
12 115
12 426
12 108
12 427
12 742
12 69
12 314
12 532
12 182
12 340
12 240
12 531
12 53
12 76
12 317
12 318
12 321
12 511
12 698
12 752
12 937
13 218
13 970
13 177
13 395
13 822
13 627
13 245
13 768
13 132
13 129
13 486
13 16
13 286
13 329
13 377
13 422
13 464
13 713
13 820
13 828
13 899
13 949
13 954
13 958
14 660
14 99
14 170
14 755
14 315
14 831
14 834
14 122
14 152
14 185
14 223
14 368
14 483
14 716
14 745
14 770
15 477
15 479
15 831
15 113
15 92
15 981
15 949
15 66
15 403
15 725
15 771
15 312
15 200
15 18
15 330
15 594
15 871
16 49
16 631
16 830
16 587
16 132
16 350
16 401
16 448
16 468
16 606
16 782
16 816
16 820
16 929
17 597
17 454
17 497
17 41
17 66
17 202
17 458
17 538
17 560
17 570
17 703
17 847
17 928
17 955
18 819
18 981
18 851
18 791
18 725
18 665
18 512
18 780
18 112
18 154
18 423
18 457
18 660
18 693
18 807
18 961
19 513
19 537
19 570
19 29
19 243
19 311
19 75
19 883
19 542
19 813
19 168
19 200
19 144
19 171
19 285
19 287
19 292
19 313
19 396
19 411
19 468
19 563
19 642
19 684
19 715
19 753
19 777
19 908
20 933
20 171
20 710
20 76
20 639
20 923
20 60
20 202
20 345
20 467
20 735
20 821
20 872
20 906
20 915
20 939
21 574
21 949
21 965
21 58
21 428
21 593
21 732
21 451
21 218
21 901
21 651
21 156
21 164
21 334
21 561
21 728
22 660
22 825
22 507
22 274
22 48
22 52
22 108
22 227
22 264
22 311
22 655
22 738
22 746
23 929
23 297
23 36
23 954
23 727
23 401
23 211
23 540
23 132
23 645
23 380
23 434
23 568
23 129
23 520
23 618
23 661
24 448
24 660
24 744
24 801
24 66
24 223
24 225
24 286
24 307
24 314
24 460
24 465
24 477
24 479
24 644
24 740
24 953
24 964
25 402
25 997
25 877
25 457
25 513
25 654
25 984
25 94
25 305
25 356
25 390
25 444
25 472
25 617
25 702
25 808
25 898
26 725
26 644
26 62
26 237
26 215
26 100
26 560
26 901
26 726
26 886
26 114
26 184
26 235
26 271
26 354
26 606
26 617
26 761
26 793
26 988
27 233
27 900
27 51
27 868
27 57
27 658
27 566
27 958
27 95
27 818
27 603
27 91
27 97
27 98
27 218
27 263
27 344
27 439
27 546
27 558
27 586
27 627
28 162
28 927
28 129
28 963
28 224
28 773
28 229
28 859
28 95
28 939
28 293
28 923
28 938
28 116
28 86
28 190
28 202
28 259
28 262
28 447
28 454
28 579
28 590
28 626
28 663
28 780
28 817
28 849
28 995
29 200
29 318
29 90
29 65
29 358
29 71
29 85
29 181
29 236
29 240
29 248
29 279
29 346
29 564
29 608
29 698
29 721
29 847
30 142
30 660
30 484
30 220
30 448
30 122
30 508
30 709
30 511
30 497
30 92
30 99
30 113
30 275
30 444
30 747
30 770
30 807
30 851
30 898
31 529
31 755
31 471
31 918
31 147
31 421
31 151
31 155
31 522
31 527
31 706
31 898
32 122
32 443
32 879
32 90
32 108
32 85
32 267
32 447
32 637
32 95
32 98
32 175
32 176
32 298
32 359
32 361
32 366
32 459
32 588
32 603
32 682
32 828
32 863
32 868
32 948
32 999
33 56
33 596
33 48
33 165
33 429
33 448
33 660
33 765
33 859
33 941
34 294
34 35
34 268
34 224
34 664
34 274
34 518
34 823
34 603
34 115
34 166
34 179
34 219
34 292
34 458
34 532
34 547
34 577
34 612
35 922
35 768
35 556
35 243
35 230
35 210
35 183
35 985
35 240
35 544
35 758
35 824
35 570
35 557
35 313
35 511
35 480
35 62
35 189
35 311
35 461
35 718
35 839
35 847
36 660
36 112
36 930
36 488
36 247
36 39
36 119
36 133
36 139
36 180
36 251
36 272
36 389
36 451
37 860
37 573
37 237
37 703
37 709
37 966
37 168
37 759
37 304
37 542
37 340
37 642
37 896
37 90
37 228
37 358
37 484
37 507
37 887
38 86
38 786
38 996
38 270
38 827
38 291
38 558
38 366
38 603
38 619
38 110
38 114
38 267
38 487
38 590
38 659
38 895
39 820
39 331
39 157
39 754
39 842
39 117
39 772
39 654
39 845
39 763
39 664
39 298
39 42
39 195
39 278
39 336
39 599
39 678
39 922
39 994
40 935
40 431
40 184
40 763
40 647
40 312
40 864
40 634
40 913
40 382
40 539
40 658
41 149
41 221
41 989
41 847
41 219
41 556
41 913
41 753
41 781
41 77
41 130
41 141
41 155
41 166
41 200
41 246
41 370
41 442
41 481
41 532
41 578
41 634
41 810
41 836
41 908
42 994
42 160
42 978
42 331
42 249
42 326
42 69
42 116
42 850
42 146
42 495
42 548
42 648
43 907
43 845
43 247
43 72
43 218
43 68
43 129
43 205
43 251
43 260
43 296
43 297
43 360
43 361
43 448
43 529
43 530
43 612
43 650
43 768
43 860
43 879
43 921
43 967
44 660
44 743
44 496
44 854
44 200
44 691
44 902
44 263
44 637
44 197
44 359
44 175
44 135
44 878
44 51
44 190
44 145
44 267
44 996
44 46
44 77
44 757
44 958
45 493
45 656
45 429
45 660
45 403
45 303
45 956
45 710
45 123
45 140
45 148
45 360
45 465
45 504
45 549
45 675
45 765
45 890
45 919
45 934
45 997
46 592
46 759
46 85
46 343
46 452
46 461
46 794
46 84
46 603
46 146
46 175
46 269
46 291
46 309
46 323
46 410
46 566
46 571
46 700
46 726
46 773
46 862
47 643
47 614
47 274
47 312
47 141
47 65
47 288
47 480
47 491
47 712
47 79
47 95
47 104
47 138
47 174
47 258
47 397
47 660
47 800
47 854
48 583
48 237
48 59
48 737
48 578
48 996
48 104
48 213
48 219
48 241
48 352
48 354
48 385
48 411
48 547
48 556
48 703
48 718
48 815
48 865
48 884
48 897
48 920
48 992
49 496
49 475
49 53
49 337
49 474
49 925
49 277
49 449
49 369
49 833
49 951
49 639
49 64
49 93
49 103
49 400
49 491
49 660
49 828
49 906
49 970
50 675
50 760
50 345
50 732
50 861
50 881
50 356
50 737
50 125
50 169
50 222
50 334
50 390
50 658
50 660
50 687
50 720
51 451
51 868
51 740
51 520
51 91
51 110
51 316
51 439
51 515
51 666
51 669
51 714
51 859
51 938
51 983
52 376
52 531
52 82
52 430
52 333
52 722
52 515
52 196
52 176
52 191
52 263
52 341
52 398
52 409
52 447
52 473
52 495
52 555
52 565
52 586
52 605
52 779
52 799
52 818
52 857
52 924
53 319
53 417
53 921
53 667
53 395
53 631
53 607
53 727
53 648
53 922
53 160
53 787
53 747
53 96
53 587
53 211
53 376
53 632
53 119
53 129
53 422
53 614
53 237
53 146
53 862
53 948
53 68
53 72
53 207
53 213
53 277
53 296
53 297
53 303
53 329
53 364
53 377
53 431
53 464
53 469
53 561
53 577
53 599
53 660
53 674
53 695
53 764
53 766
53 816
53 822
53 846
53 853
53 929
53 979
54 593
54 153
54 489
54 251
54 327
54 907
54 660
54 335
54 725
54 617
54 616
54 992
54 312
54 998
54 847
54 142
54 144
54 317
54 373
54 527
54 769
54 796
54 949
55 780
55 633
55 333
55 590
55 669
55 585
55 73
55 722
55 528
55 895
55 102
55 942
55 98
55 262
55 269
55 356
55 583
55 874
55 923
55 939
56 760
56 802
56 524
56 611
56 905
56 936
56 981
57 814
57 416
57 89
57 501
57 775
57 813
57 546
57 603
57 799
57 76
57 625
57 615
57 126
57 506
57 103
57 107
57 181
57 325
57 520
57 696
57 752
57 818
57 833
57 909
57 970
58 276
58 660
58 581
58 170
58 534
58 402
58 103
58 121
58 250
58 272
58 324
58 448
58 478
58 729
58 831
58 933
59 286
59 905
59 278
59 253
59 810
59 62
59 311
59 448
59 535
59 603
59 610
59 737
59 871
59 931
59 988
60 562
60 143
60 452
60 181
60 84
60 332
60 94
60 238
60 343
60 387
60 489
60 513
60 649
60 682
60 774
60 849
60 888
60 896
61 986
61 268
61 393
61 536
61 274
61 653
61 737
61 674
61 686
61 106
61 432
61 172
61 374
61 677
61 761
61 937
62 742
62 406
62 806
62 715
62 610
62 746
62 74
62 946
62 759
62 603
62 639
62 75
62 297
62 385
62 642
62 736
62 805
62 980
62 982
63 448
63 378
63 303
63 283
63 933
63 405
63 660
63 136
63 273
63 428
63 483
63 504
63 521
63 611
63 738
63 949
64 871
64 487
64 97
64 783
64 916
64 519
64 332
64 670
64 98
64 250
64 262
64 394
64 605
64 618
64 733
64 743
64 938
65 538
65 785
65 689
65 817
65 93
65 138
65 168
65 215
65 224
65 226
65 450
65 578
65 636
65 731
65 750
65 777
65 822
65 843
65 900
65 989
66 851
66 158
66 894
66 142
66 342
66 591
66 569
66 137
66 435
66 268
66 915
66 134
66 529
66 660
66 678
66 707
66 755
66 920
66 936
66 964
67 533
67 275
67 894
67 479
67 660
67 448
67 804
67 920
67 767
67 348
67 154
67 170
67 405
67 641
68 992
68 772
68 337
68 650
68 667
68 391
68 648
68 71
68 199
68 264
68 326
68 625
68 705
68 789
68 837
69 388
69 540
69 968
69 179
69 193
69 985
69 864
69 235
69 887
69 71
69 884
69 183
69 589
69 620
69 825
69 832
69 875
69 944
69 982
69 988
70 444
70 550
70 953
70 484
70 804
70 524
70 414
70 660
70 158
70 690
70 894
70 165
70 473
70 512
70 702
70 910
70 952
71 675
71 147
71 295
71 887
71 761
71 306
71 312
71 382
71 902
71 90
71 143
71 246
71 366
71 412
71 537
71 606
71 626
71 647
71 662
71 703
71 913
72 326
72 434
72 370
72 105
72 119
72 210
72 213
72 296
72 362
72 372
72 475
72 599
72 695
72 912
72 979
73 201
73 646
73 310
73 740
73 786
73 633
73 135
73 850
73 126
73 238
73 423
73 176
73 185
73 206
73 210
73 332
73 410
73 482
73 510
73 659
73 718
73 782
73 792
73 859
73 906
73 958
74 256
74 241
74 985
74 620
74 709
74 753
74 210
74 173
74 813
74 967
74 292
74 873
74 603
74 233
74 594
74 672
74 824
75 494
75 292
75 210
75 175
75 77
75 168
75 320
75 427
75 458
75 609
75 735
75 736
75 763
75 790
75 812
75 813
75 854
76 417
76 956
76 437
76 528
76 86
76 525
76 91
76 196
76 293
76 691
76 214
76 566
76 633
76 478
76 505
76 546
76 701
76 718
76 773
76 781
77 760
77 630
77 213
77 988
77 614
77 823
77 466
77 636
77 144
77 736
77 578
77 106
77 115
77 168
77 254
77 352
77 448
77 509
77 584
77 758
77 779
77 894
77 926
78 557
78 236
78 543
78 653
78 988
78 805
78 450
78 762
78 736
78 867
78 466
78 637
78 88
78 153
78 164
78 171
78 179
78 210
78 306
78 779
78 789
78 813
78 828
78 839
79 303
79 500
79 184
79 962
79 339
79 185
79 696
79 794
79 658
79 799
79 175
79 268
79 293
79 506
79 856
79 896
79 959
80 650
80 481
80 659
80 615
80 487
80 145
80 116
80 624
80 267
80 110
80 217
80 227
80 263
80 562
80 794
80 934
80 976
80 977
81 96
81 979
81 475
81 282
81 496
81 83
81 616
81 464
81 372
81 621
81 544
81 203
81 247
81 351
81 377
81 395
81 629
81 668
81 683
81 846
81 866
82 175
82 440
82 398
82 392
82 991
82 701
82 97
82 162
82 347
82 423
82 439
82 509
82 525
82 691
82 719
82 752
82 990
83 257
83 860
83 129
83 610
83 298
83 662
83 117
83 245
83 260
83 290
83 302
83 485
83 567
83 576
83 599
83 668
83 787
84 912
84 467
84 553
84 344
84 704
84 497
84 454
84 146
84 227
84 487
84 525
84 572
84 696
84 745
84 779
84 786
84 951
84 977
85 804
85 496
85 939
85 461
85 991
85 734
85 361
85 250
85 238
85 97
85 201
85 263
85 398
85 437
85 453
85 482
85 619
85 713
85 895
85 949
86 403
86 834
86 660
86 882
86 726
86 108
86 792
86 531
86 959
86 387
86 437
86 476
86 558
86 696
86 666
86 127
86 433
86 626
86 640
86 700
86 821
86 863
86 923
87 481
87 815
87 104
87 221
87 242
87 248
87 224
87 823
87 824
87 131
87 180
87 311
87 556
87 735
87 825
87 917
87 967
87 968
88 288
88 887
88 847
88 886
88 873
88 825
88 131
88 382
88 990
88 144
88 193
88 223
88 349
88 469
88 613
88 619
88 823
88 966
89 656
89 690
89 986
89 660
89 283
89 405
89 513
89 599
89 665
89 673
89 892
90 222
90 249
90 715
90 989
90 221
90 104
90 183
90 242
90 597
90 854
90 985
90 93
90 227
90 268
90 294
90 752
90 763
90 832
90 913
90 967
91 545
91 452
91 339
91 745
91 410
91 525
91 999
91 487
91 252
91 343
91 350
91 476
91 531
91 626
91 660
91 718
92 345
92 289
92 191
92 927
92 943
92 122
92 275
92 791
92 848
92 660
92 115
92 620
92 134
92 448
92 521
92 612
92 622
92 776
92 851
92 889
92 951
93 581
93 661
93 940
93 210
93 544
93 887
93 847
93 901
93 547
93 790
93 320
93 279
93 338
93 427
93 542
93 698
94 877
94 148
94 289
94 194
94 356
94 492
94 676
94 784
94 911
94 935
94 949
94 975
95 702
95 686
95 833
95 945
95 152
95 696
95 977
95 849
95 733
95 97
95 197
95 999
95 740
95 938
95 177
95 259
95 267
95 343
95 363
95 445
95 486
95 745
95 856
95 901
96 965
96 964
96 798
96 775
96 816
96 322
96 582
96 290
96 474
96 133
96 177
96 526
96 507
96 379
96 512
96 671
97 657
97 288
97 939
97 135
97 803
97 740
97 267
97 520
97 341
97 321
97 525
97 783
97 181
97 856
97 818
97 756
97 363
97 410
97 102
97 711
97 888
98 191
98 953
98 996
98 888
98 439
98 663
98 160
98 285
98 317
98 339
98 347
98 553
98 619
98 654
98 669
98 745
98 753
98 852
98 962
99 972
99 420
99 791
99 342
99 356
99 918
99 527
99 660
99 978
99 365
99 478
99 347
99 293
99 225
99 442
99 504
99 611
99 628
99 657
99 927
99 953
99 986
100 660
100 607
100 778
100 379
100 358
100 143
100 427
100 287
100 556
100 144
100 200
100 349
100 356
100 617
101 198
101 323
101 571
101 344
101 366
101 316
101 331
101 640
101 649
101 906
102 959
102 841
102 262
102 339
102 519
102 718
102 752
102 786
102 945
102 991
102 999
103 527
103 733
103 519
103 662
103 717
103 626
103 263
103 571
103 164
103 229
103 259
103 319
103 351
103 362
103 420
103 670
103 701
103 757
104 107
104 108
104 538
104 500
104 154
104 164
104 168
104 181
104 213
104 254
104 278
104 302
104 312
104 354
104 584
104 594
104 639
104 693
104 759
104 790
104 829
104 926
104 976
105 158
105 149
105 421
105 835
105 661
105 602
105 475
105 775
105 984
105 830
105 552
105 326
105 435
105 385
105 130
105 585
105 164
105 255
105 284
105 310
105 313
105 384
105 395
105 413
105 422
105 439
105 530
105 652
105 727
105 882
105 950
106 477
106 660
106 523
106 490
106 749
106 108
106 742
106 709
106 338
106 926
106 963
106 246
106 923
106 113
106 117
106 144
106 274
106 411
106 620
106 698
106 808
106 844
106 960
107 315
107 367
107 809
107 457
107 272
107 660
107 838
107 220
107 706
107 893
107 950
107 612
107 843
107 432
107 411
107 539
107 641
107 744
108 402
108 644
108 215
108 379
108 909
108 967
108 761
108 560
108 753
108 313
108 544
108 115
108 237
108 246
108 275
108 311
108 352
108 543
108 655
108 692
108 711
108 731
108 750
108 811
108 931
108 934
109 903
109 820
109 648
109 621
109 177
109 446
109 157
109 210
109 261
109 272
109 357
109 417
109 434
109 514
109 600
109 660
109 678
109 746
109 766
109 772
109 828
109 876
109 882
109 991
110 761
110 318
110 999
110 265
110 663
110 991
110 127
110 185
110 229
110 291
110 752
110 904
110 976
111 982
111 246
111 393
111 200
111 131
111 253
111 542
111 547
111 710
111 805
111 829
111 884
111 932
112 801
112 294
112 997
112 744
112 776
112 400
112 272
112 660
112 373
112 123
112 483
112 334
112 494
112 738
112 312
112 229
112 137
112 140
112 419
112 441
112 508
112 672
113 416
113 725
113 676
113 521
113 251
113 933
113 403
113 415
113 279
113 153
113 266
113 294
113 368
113 646
113 660
113 769
113 907
113 914
113 934
114 410
114 782
114 959
114 531
114 878
114 497
114 126
114 141
114 181
114 299
114 430
114 437
114 588
114 605
114 745
114 773
114 951
115 930
115 541
115 385
115 542
115 967
115 412
115 230
115 726
115 666
115 722
115 138
115 725
115 913
116 391
116 247
116 377
116 948
116 916
116 196
116 958
116 333
116 461
116 722
116 519
116 229
116 252
116 308
116 392
116 659
116 730
117 972
117 973
117 820
117 845
117 380
117 836
117 383
117 434
117 472
117 568
117 599
117 683
117 695
117 860
118 964
118 494
118 208
118 852
118 326
118 818
118 276
118 362
118 448
118 702
118 858
119 158
119 514
119 846
119 282
119 667
119 954
119 205
119 230
119 337
119 350
119 459
119 627
119 722
119 734
119 764
119 912
119 913
120 431
120 507
120 606
120 759
120 608
120 200
120 287
120 908
120 756
120 545
120 778
121 660
121 345
121 673
121 373
121 628
121 795
121 471
121 175
121 156
121 524
121 675
121 702
122 861
122 914
122 137
122 405
122 660
122 797
122 165
122 201
122 665
122 687
122 719
122 774
122 788
122 935
123 457
123 673
123 534
123 834
123 187
123 681
123 607
123 251
123 294
123 348
123 425
123 448
123 489
123 713
123 804
123 819
123 898
123 910
124 981
124 562
124 866
124 391
124 133
124 281
124 826
124 677
124 978
124 180
124 930
124 149
124 820
124 568
124 246
124 938
124 299
124 135
124 297
124 400
124 474
124 695
125 660
125 613
125 318
125 710
125 279
125 144
125 883
125 873
125 614
125 226
125 715
125 988
125 313
125 224
125 518
125 349
125 598
125 900
125 850
125 163
125 178
125 326
125 604
125 620
125 686
125 703
125 731
125 839
125 864
126 209
126 455
126 196
126 554
126 454
126 190
126 181
126 263
126 948
126 696
126 298
126 325
126 361
126 439
126 487
126 519
126 585
126 670
126 718
126 764
127 660
127 238
127 794
127 990
127 467
127 478
127 850
127 190
127 216
127 398
127 461
127 486
127 506
127 511
127 572
127 615
127 818
127 828
127 939
128 660
128 413
128 414
128 345
128 814
128 280
128 182
128 191
128 276
128 404
128 494
128 536
128 549
128 767
128 852
128 890
128 910
128 999
129 997
129 844
129 218
129 147
129 768
129 866
129 422
129 654
129 826
129 600
129 177
129 380
129 203
129 381
129 568
129 687
129 845
129 876
129 992
130 943
130 887
130 382
130 812
130 987
130 597
130 425
130 692
130 604
130 491
130 144
130 236
130 314
130 178
130 253
130 271
130 408
130 502
130 592
130 931
131 677
131 480
131 426
131 210
131 901
131 815
131 226
131 166
131 230
131 347
131 785
131 873
131 968
131 998
132 194
132 688
132 600
132 257
132 277
132 343
132 362
132 364
132 395
132 417
132 548
132 577
132 866
132 961
133 729
133 616
133 186
133 826
133 775
133 362
133 652
133 463
133 485
133 592
133 928
133 321
133 818
133 974
133 149
133 218
133 282
133 336
133 621
133 803
133 855
133 984
134 508
134 665
134 148
134 840
134 660
134 534
134 611
134 732
134 600
134 337
134 944
134 153
134 334
134 673
134 910
134 932
134 934
135 497
135 902
135 666
135 586
135 619
135 718
135 439
135 868
135 904
135 432
135 323
135 267
135 366
135 605
135 640
135 651
135 857
135 863
135 945
136 294
136 830
136 865
136 561
136 970
136 161
136 261
136 388
136 530
136 559
136 652
136 552
136 496
136 797
136 594
136 325
136 147
136 205
136 290
136 337
136 389
136 415
136 489
136 623
136 654
136 766
136 771
136 816
136 978
137 283
137 348
137 807
137 797
137 401
137 595
137 151
137 223
137 251
137 660
137 681
137 716
137 732
137 831
137 898
137 934
138 429
138 816
138 555
138 143
138 913
138 937
138 736
138 450
138 658
138 996
138 207
138 227
138 253
138 258
138 306
138 447
138 494
138 872
138 891
138 985
139 972
139 485
139 257
139 879
139 391
139 768
139 944
139 300
139 384
139 449
139 764
139 771
139 790
139 984
140 707
140 660
140 676
140 706
140 523
140 356
140 169
140 927
140 286
140 151
140 656
140 718
140 827
140 386
140 444
140 449
140 755
140 831
141 653
141 219
141 354
141 152
141 166
141 232
141 300
141 703
141 736
141 761
142 191
142 378
142 194
142 905
142 182
142 603
142 691
142 229
142 234
142 273
142 495
142 641
142 910
142 946
143 891
143 232
143 829
143 808
143 636
143 183
143 944
143 164
143 235
143 271
143 354
143 395
143 674
143 737
143 746
143 779
143 780
143 855
143 869
143 932
144 328
144 355
144 160
144 937
144 240
144 226
144 311
144 823
144 578
144 634
144 821
144 663
144 193
144 236
144 763
144 815
144 908
145 277
145 461
145 945
145 308
145 181
145 175
145 915
145 579
145 942
145 648
145 704
145 786
145 815
145 827
145 983
146 421
146 291
146 880
146 531
146 553
146 250
146 257
146 259
146 262
146 293
146 303
146 343
146 344
146 359
146 363
146 365
146 478
146 525
146 558
146 564
146 576
146 619
146 624
146 777
146 868
146 959
147 660
147 266
147 789
147 979
147 540
147 159
147 501
147 389
147 863
147 245
147 257
147 326
147 380
147 449
147 607
147 671
147 829
147 835
147 855
147 865
147 912
147 969
147 984
148 676
148 997
148 563
148 660
148 276
148 664
148 170
148 345
148 374
148 448
148 738
148 872
148 935
148 936
148 986
149 724
149 257
149 336
149 343
149 381
149 422
149 431
149 449
149 627
149 631
149 705
149 822
150 720
150 455
150 940
150 733
150 590
150 519
150 603
150 262
150 331
150 375
150 565
150 714
150 841
150 863
150 871
150 902
151 416
151 949
151 890
151 378
151 941
151 471
151 656
151 527
151 907
151 912
151 154
151 297
151 679
151 828
151 927
151 947
152 739
152 980
152 216
152 850
152 682
152 361
152 756
152 410
152 197
152 995
152 701
152 904
152 502
152 553
152 590
152 745
152 752
152 887
152 913
153 656
153 418
153 848
153 840
153 716
153 660
153 875
153 169
153 534
153 687
153 681
153 606
153 906
153 938
153 571
153 371
153 448
153 646
153 802
154 492
154 420
154 251
154 927
154 914
154 342
154 660
154 207
154 246
154 856
154 441
154 450
154 479
154 544
154 738
154 911
155 881
155 409
155 941
155 861
155 934
155 219
155 362
155 445
155 489
155 513
155 522
155 533
155 539
155 648
155 672
155 837
155 918
155 998
156 907
156 961
156 840
156 660
156 831
156 521
156 315
156 400
156 276
156 986
156 334
156 784
156 690
156 380
156 777
156 206
156 288
156 448
156 472
156 767
156 881
156 941
156 956
157 530
157 855
157 203
157 797
157 688
157 369
157 992
157 228
157 336
157 364
157 448
157 457
157 464
157 469
157 495
157 652
157 683
157 820
157 841
157 860
157 971
157 998
158 533
158 374
158 795
158 208
158 222
158 275
158 312
158 335
158 448
158 660
158 668
158 765
158 843
158 914
158 934
158 943
158 947
158 952
158 953
158 961
158 964
159 797
159 199
159 648
159 449
159 627
159 912
159 925
159 865
159 278
159 456
159 160
159 161
159 270
159 284
159 337
159 362
159 421
159 621
159 728
159 835
159 844
159 879
160 300
160 260
160 787
160 488
160 388
160 376
160 399
160 655
160 247
160 261
160 284
160 292
160 372
160 401
160 727
160 855
160 936
161 954
161 648
161 830
161 464
161 797
161 296
161 256
161 408
161 701
161 999
161 451
161 530
161 613
161 780
161 860
161 876
161 930
161 950
161 965
162 294
162 802
162 251
162 776
162 419
162 559
162 343
162 646
162 660
162 807
162 848
162 889
163 660
163 828
163 891
163 741
163 810
163 192
163 557
163 643
163 476
163 200
163 536
163 811
164 348
164 580
164 762
164 230
164 511
164 909
164 242
164 246
164 541
164 556
164 913
164 338
164 408
164 937
164 412
164 274
164 333
164 232
164 332
164 589
164 748
164 777
164 839
165 273
165 927
165 943
165 660
165 841
165 234
165 508
165 738
166 885
166 411
166 595
166 480
166 886
166 836
166 937
166 711
166 237
166 466
166 664
166 989
166 352
166 597
166 519
166 603
166 750
166 811
167 931
167 213
167 198
167 939
167 229
167 722
167 740
167 999
167 615
167 515
167 265
167 317
167 730
167 811
168 987
168 318
168 674
168 424
168 908
168 721
168 955
168 258
168 179
168 636
168 639
168 427
168 509
168 779
168 810
168 812
168 815
168 875
168 887
168 946
169 660
169 483
169 504
169 665
169 403
169 245
169 201
169 266
169 484
169 611
169 622
169 675
169 705
169 761
169 875
170 707
170 330
170 471
170 660
170 416
170 294
170 204
170 886
170 906
170 220
170 267
170 318
170 355
170 442
170 448
170 569
170 769
170 838
170 881
170 914
170 952
171 426
171 900
171 314
171 500
171 189
171 253
171 897
171 235
171 553
171 983
171 227
171 239
171 351
171 508
171 583
171 598
171 647
171 655
171 703
171 704
171 731
171 810
171 819
171 860
171 871
171 883
171 898
171 989
172 602
172 532
172 887
172 928
172 302
172 610
172 189
172 268
172 424
172 535
172 988
173 732
173 561
173 360
173 813
173 412
173 306
173 320
173 709
173 800
173 182
173 815
173 589
173 891
173 232
173 235
173 450
173 811
173 884
173 944
173 998
174 875
174 652
174 389
174 989
174 537
174 578
174 908
174 900
174 737
174 674
174 748
174 777
174 253
174 312
174 338
174 354
175 801
175 660
175 890
175 994
175 339
175 752
175 269
175 651
175 756
175 316
175 682
175 572
175 566
175 452
175 515
175 190
175 197
175 198
175 235
175 250
175 351
175 365
175 445
175 454
175 510
175 565
175 588
175 590
175 605
175 718
175 757
175 781
175 859
175 862
175 863
175 914
175 916
175 917
175 945
176 275
176 269
176 461
176 996
176 487
176 332
176 361
176 445
176 505
176 603
176 605
176 700
176 752
176 757
177 417
177 925
177 865
177 587
177 787
177 469
177 577
177 747
177 179
177 296
177 319
177 661
177 671
177 837
178 358
178 433
178 458
178 940
178 966
178 541
178 980
178 183
178 227
178 268
178 304
178 352
178 466
178 592
178 660
178 746
178 947
178 955
178 967
178 969
179 725
179 921
179 636
179 900
179 655
179 737
179 578
179 500
179 239
179 184
179 468
179 491
179 604
179 353
179 811
179 883
179 722
179 597
179 686
180 905
180 405
180 739
180 844
180 695
180 766
180 376
180 845
180 490
180 451
180 835
180 182
180 370
180 256
180 261
180 381
180 446
180 464
180 540
180 822
180 837
181 311
181 833
181 793
181 482
181 640
181 299
181 991
181 185
181 265
181 267
181 323
181 520
182 286
182 807
182 538
182 761
182 358
182 759
182 468
182 711
182 908
182 989
182 551
182 200
182 233
182 304
182 379
182 729
182 735
182 813
182 864
182 955
183 314
183 608
183 274
183 610
183 580
183 491
183 810
183 210
183 221
183 285
183 427
183 560
183 735
183 744
183 901
184 523
184 413
184 753
184 236
184 960
184 800
184 955
184 232
184 192
184 763
184 900
184 928
184 609
184 703
184 383
184 570
184 629
184 692
184 737
184 815
184 894
184 952
185 496
185 449
185 200
185 236
185 586
185 959
185 308
185 546
185 904
185 259
185 730
185 948
185 531
185 669
185 718
185 827
185 923
185 974
186 305
186 251
186 362
186 613
186 256
186 844
186 464
186 917
186 228
186 257
186 277
186 322
186 396
186 417
186 421
186 537
186 548
186 631
186 632
186 695
186 728
186 787
186 950
187 209
187 569
187 953
187 702
187 679
187 660
187 239
187 266
187 309
187 315
187 428
187 529
187 539
187 581
188 672
188 272
188 283
188 660
188 286
188 838
188 985
188 330
188 386
188 448
188 502
188 575
188 732
188 770
188 809
188 907
188 920
188 953
189 992
189 385
189 411
189 737
189 313
189 240
189 597
189 944
189 570
189 343
189 482
189 271
189 606
189 742
189 983
190 905
190 393
190 773
190 571
190 452
190 857
190 603
190 262
190 267
190 282
190 321
190 624
190 635
190 718
190 775
190 850
190 878
190 923
190 938
190 958
191 479
191 660
191 251
191 462
191 581
191 986
191 272
191 471
191 472
191 513
191 593
191 665
191 807
191 840
191 875
192 825
192 268
192 580
192 458
192 693
192 715
192 810
192 346
192 491
192 507
192 759
192 240
192 731
192 248
192 288
192 427
192 468
192 541
192 578
192 806
192 937
192 948
192 956
193 997
193 548
193 200
193 946
193 224
193 610
193 507
193 509
193 985
193 230
193 304
193 314
193 424
193 829
194 838
194 356
194 871
194 522
194 660
194 675
194 400
194 374
194 706
194 644
194 892
194 222
194 225
194 324
194 368
194 444
194 484
194 622
194 699
194 877
194 937
195 222
195 256
195 858
195 260
195 488
195 957
195 762
195 878
195 249
195 319
195 537
195 660
195 866
196 373
196 674
196 597
196 571
196 520
196 983
196 394
196 436
196 439
196 510
196 547
196 565
196 700
196 792
196 798
196 874
197 986
197 819
197 599
197 363
197 666
197 895
197 942
197 959
197 566
197 344
197 482
197 615
197 624
197 702
197 792
197 818
197 827
198 681
198 769
198 407
198 637
198 487
198 995
198 344
198 200
198 362
198 453
198 714
198 917
198 931
198 951
198 957
198 974
199 581
199 766
199 530
199 364
199 556
199 283
199 311
199 326
199 346
199 422
199 540
199 561
199 577
199 598
199 613
199 667
199 828
199 860
199 930
199 969
200 276
200 602
200 227
200 258
200 358
200 547
200 847
200 235
200 335
200 470
200 540
200 553
200 594
200 614
200 620
200 676
200 703
200 742
200 810
200 815
200 887
200 913
200 955
201 479
201 305
201 697
201 907
201 549
201 986
201 462
201 286
201 294
201 448
201 575
201 744
201 767
202 526
202 740
202 849
202 734
202 423
202 238
202 682
202 718
202 241
202 317
202 389
202 461
202 691
202 696
202 868
203 290
203 844
203 680
203 282
203 256
203 464
203 399
203 582
203 389
203 407
203 929
203 456
203 296
203 297
203 632
203 705
203 739
203 950
204 521
204 660
204 941
204 952
204 335
204 420
204 607
204 502
204 275
204 276
204 460
204 851
204 877
204 961
204 964
205 660
205 943
205 630
205 978
205 512
205 994
205 775
205 599
205 496
205 602
205 530
205 357
205 810
205 427
205 499
205 300
205 376
205 561
205 614
206 238
206 447
206 341
206 482
206 308
206 730
206 298
206 332
206 635
206 752
206 889
207 749
207 787
207 573
207 695
207 632
207 431
207 612
207 421
207 912
207 357
207 844
207 968
207 544
207 279
207 311
207 496
207 530
208 660
208 402
208 457
208 804
208 830
208 358
208 472
208 563
208 732
208 851
209 681
209 529
209 732
209 534
209 660
209 504
209 303
209 914
209 320
209 442
209 537
209 917
209 941
209 943
209 949
210 660
210 836
210 937
210 753
210 824
210 237
210 741
210 230
210 968
210 354
210 868
210 557
210 586
210 597
210 693
210 698
210 872
210 946
210 963
211 514
211 820
211 925
211 654
211 772
211 600
211 573
211 249
211 253
211 290
211 368
211 382
211 596
211 631
211 766
211 950
212 660
212 884
212 253
212 560
212 799
212 904
212 983
212 214
212 440
212 452
212 445
212 478
212 506
212 510
212 817
212 874
213 986
213 843
213 609
213 397
213 226
213 254
213 255
213 864
213 292
213 762
213 412
213 967
213 456
213 999
213 248
213 385
213 480
213 511
213 689
213 742
213 968
214 646
214 277
214 674
214 467
214 347
214 793
214 565
214 904
214 267
214 339
214 878
214 923
214 298
214 459
214 461
214 473
214 476
214 506
214 696
214 745
214 817
214 942
214 991
215 386
215 600
215 736
215 741
215 239
215 518
215 241
215 956
215 721
215 873
215 543
215 850
215 849
215 243
215 541
215 597
215 692
215 743
215 750
215 785
216 407
216 312
216 598
216 730
216 551
216 332
216 339
216 359
216 827
216 878
216 890
216 995
216 999
217 782
217 917
217 817
217 439
217 939
217 752
217 321
217 554
217 734
217 747
217 818
218 755
218 490
218 668
218 391
218 839
218 337
218 380
218 434
218 449
218 594
218 754
218 799
218 822
218 830
218 912
218 954
218 994
219 233
219 481
219 279
219 843
219 241
219 412
219 417
219 446
219 536
219 655
219 750
219 753
220 892
220 405
220 679
220 975
220 981
220 754
220 775
220 618
220 411
220 529
220 660
220 678
220 699
220 927
221 690
221 664
221 408
221 813
221 800
221 232
221 227
221 312
221 370
221 536
221 761
221 779
221 802
222 660
222 802
222 838
222 516
222 429
222 709
222 633
222 924
222 394
222 419
222 420
222 523
222 702
222 814
222 819
222 852
223 795
223 315
223 266
223 657
223 660
223 569
223 286
223 457
223 251
223 972
223 484
223 965
223 708
223 943
223 564
223 819
223 858
224 431
224 281
224 424
224 241
224 246
224 242
224 928
224 466
224 397
224 537
224 750
224 433
224 317
224 543
224 556
224 636
224 742
225 348
225 523
225 941
225 442
225 465
225 660
225 471
225 802
225 419
225 720
225 898
225 264
225 334
225 355
225 483
225 840
226 644
226 660
226 456
226 253
226 532
226 592
226 254
226 294
226 324
226 352
226 458
226 538
226 615
226 655
226 693
226 710
226 726
226 746
226 770
226 931
226 979
227 812
227 864
227 825
227 518
227 664
227 759
227 909
227 241
227 557
227 382
227 908
227 338
228 844
228 435
228 431
228 828
228 388
228 436
228 847
228 370
228 437
228 331
228 362
228 422
228 596
228 601
228 766
229 793
229 238
229 454
229 432
229 659
229 293
229 430
229 250
229 786
229 794
230 336
230 541
230 535
230 812
230 836
230 985
230 411
230 555
230 517
230 239
230 243
230 292
230 302
230 352
230 507
230 605
230 653
230 685
230 703
230 864
230 937
231 917
231 308
231 321
231 525
231 778
231 799
231 897
231 913
231 942
232 831
232 613
232 312
232 481
232 560
232 836
232 320
232 535
232 726
232 547
232 825
232 686
232 235
232 243
232 310
232 354
232 406
232 466
232 525
232 689
232 718
232 839
232 963
232 982
233 844
233 311
233 584
233 813
233 636
233 235
233 248
233 243
233 302
233 382
233 491
233 543
233 703
233 742
233 753
233 788
233 836
233 897
233 901
234 563
234 660
234 986
234 378
234 462
234 575
234 848
234 356
234 471
234 403
234 894
234 457
234 866
234 549
234 665
234 679
234 907
235 448
235 424
235 899
235 240
235 302
235 580
235 823
235 570
235 564
235 555
235 332
235 408
235 450
235 614
235 711
235 758
235 926
235 988
236 834
236 710
236 242
236 762
236 993
236 937
236 763
236 931
236 536
236 313
236 425
236 850
236 274
236 674
236 735
236 848
236 899
236 913
237 281
237 689
237 985
237 547
237 312
237 407
237 433
237 592
237 597
237 693
237 703
237 736
237 805
237 813
237 829
237 847
237 926
237 980
238 942
238 497
238 917
238 999
238 637
238 365
238 482
238 473
238 317
238 325
238 363
238 643
238 827
238 878
238 991
239 282
239 518
239 397
239 292
239 382
239 437
239 534
239 536
239 608
239 642
239 643
239 843
239 883
240 727
240 500
240 481
240 940
240 884
240 349
240 352
240 470
240 737
240 753
240 864
240 909
240 953
241 543
241 709
241 406
241 839
241 800
241 551
241 306
241 313
241 775
241 777
241 937
242 334
242 642
242 839
242 570
242 543
242 433
242 908
242 285
242 868
242 243
242 466
242 564
242 583
242 806
242 812
242 813
242 824
242 960
242 982
243 677
243 685
243 908
243 517
243 544
243 989
243 385
243 556
243 604
243 726
243 926
244 257
244 372
244 291
244 915
244 850
244 588
244 290
244 307
244 312
244 366
244 454
244 461
244 565
244 618
244 704
244 714
244 777
244 786
244 868
244 924
244 948
245 775
245 559
245 739
245 837
245 969
245 768
245 607
245 256
245 277
245 350
245 401
245 475
245 463
245 391
245 496
245 629
245 754
245 882
245 921
245 922
246 693
246 536
246 608
246 531
246 805
246 891
246 897
246 957
246 963
247 997
247 521
247 369
247 475
247 648
247 747
247 845
247 705
247 552
247 600
247 627
247 485
247 488
247 930
247 630
247 421
247 828
247 778
247 990
247 295
247 357
247 573
247 631
247 660
247 780
247 876
247 942
248 609
248 711
248 692
248 836
248 535
248 785
248 864
248 686
248 660
248 698
248 715
248 824
248 960
249 326
249 599
249 817
249 434
249 468
249 526
249 587
249 607
249 652
249 749
249 999
250 419
250 563
250 602
250 346
250 634
250 437
250 874
250 603
250 571
250 904
250 916
250 554
250 546
250 317
250 682
250 270
250 659
250 626
250 311
250 640
250 700
251 920
251 390
251 679
251 448
251 660
251 289
251 575
251 934
251 468
251 307
251 484
251 513
251 553
251 601
251 685
251 905
251 953
252 998
252 670
252 663
252 558
252 990
252 528
252 585
252 649
252 783
252 985
253 266
253 686
253 913
253 884
253 450
253 737
253 480
253 306
253 458
253 538
253 559
253 853
253 980
254 708
254 336
254 648
254 815
254 379
254 595
254 823
254 758
254 320
254 609
254 271
254 686
254 703
254 715
254 847
255 766
255 726
255 956
255 854
255 686
255 586
255 812
255 951
256 616
256 290
256 623
256 326
256 759
256 310
256 350
256 380
256 399
256 448
256 469
256 582
256 601
256 680
256 798
256 835
256 846
256 855
257 501
257 668
257 443
257 384
257 632
257 380
257 820
257 312
257 294
257 337
257 395
257 514
257 613
257 623
257 627
257 677
257 822
257 853
258 775
258 372
258 689
258 824
258 426
258 597
258 312
258 982
258 311
258 316
258 271
258 685
259 406
259 398
259 291
259 999
259 440
259 951
259 452
259 734
259 554
259 856
259 495
259 590
260 788
260 879
260 798
260 607
260 842
260 705
260 552
260 846
260 337
260 354
260 370
260 296
260 314
260 336
260 379
260 389
260 417
260 496
260 601
260 667
261 364
261 688
261 464
261 629
261 768
261 296
261 297
261 337
261 381
261 387
261 474
261 567
261 828
261 845
261 882
261 925
261 937
262 370
262 606
262 382
262 669
262 565
262 718
262 497
262 717
262 756
262 323
262 604
262 691
262 786
263 948
263 423
263 467
263 453
263 269
263 339
263 571
263 670
263 690
263 803
263 818
263 880
264 936
264 830
264 372
264 820
264 353
264 808
264 282
264 329
264 349
264 350
264 360
264 388
264 417
264 436
264 455
264 559
264 660
264 695
264 846
264 865
264 882
265 854
265 951
265 473
265 723
265 347
265 267
265 990
265 476
265 821
265 489
265 495
265 799
265 880
266 448
266 660
266 898
266 875
266 498
266 936
266 309
266 325
266 342
266 681
266 809
266 834
266 852
266 903
266 949
266 972
267 454
267 962
267 923
267 410
267 351
267 365
267 531
267 615
267 691
267 803
267 817
267 841
267 888
267 974
268 280
268 692
268 748
268 352
268 426
268 447
268 703
268 715
268 746
268 813
268 887
268 940
269 561
269 823
269 782
269 585
269 874
269 551
269 740
269 745
269 757
269 951
269 975
270 795
270 340
270 782
270 317
270 923
270 945
270 398
270 487
270 505
270 546
270 553
270 554
270 649
270 670
270 696
270 752
270 859
270 904
270 915
270 976
271 327
271 763
271 608
271 815
271 759
271 647
271 560
271 340
271 511
271 620
271 685
271 955
272 920
272 961
272 330
272 907
272 791
272 448
272 593
272 665
272 541
272 737
272 357
272 827
272 834
273 429
273 732
273 660
273 706
273 498
273 373
273 751
273 441
273 837
273 587
273 667
273 448
273 676
273 708
273 805
273 952
274 762
274 518
274 280
274 785
274 499
274 542
274 598
275 877
275 765
275 522
275 660
275 472
275 457
275 448
275 485
275 418
275 429
275 431
275 498
275 808
275 933
276 628
276 533
276 348
276 689
276 309
276 390
276 423
276 441
276 448
276 527
276 620
276 660
276 668
276 690
276 702
276 814
276 827
276 834
276 875
276 898
276 910
276 929
277 765
277 368
277 754
277 336
277 380
277 381
277 417
277 431
277 435
277 475
277 654
277 661
277 718
277 919
278 559
278 357
278 372
278 866
278 971
278 395
278 415
278 436
278 474
278 475
278 490
278 747
278 789
279 405
279 750
279 320
279 946
279 883
279 686
279 353
279 393
279 556
279 647
279 761
279 806
279 993
280 845
280 642
280 686
280 884
280 544
280 291
280 427
280 450
280 451
280 517
280 594
280 801
280 836
280 985
281 616
281 629
281 979
281 336
281 357
281 477
281 702
281 876
281 927
282 775
282 764
282 610
282 901
282 757
282 296
282 371
282 401
282 577
282 586
282 844
282 846
282 866
282 922
282 970
283 831
283 660
283 755
283 851
283 814
283 751
283 681
283 324
283 448
283 477
283 494
283 570
283 609
283 611
283 672
283 740
283 788
283 838
284 465
284 530
284 654
284 567
284 879
284 747
284 372
284 522
285 610
285 790
285 311
285 352
285 642
285 980
286 660
286 367
286 875
286 448
286 664
286 896
286 356
286 373
286 665
286 890
286 893
286 934
287 424
287 731
287 336
287 468
287 541
287 547
287 722
287 741
287 742
287 762
287 807
287 808
287 847
287 884
288 918
288 660
288 909
288 598
288 597
288 314
288 395
288 406
288 434
288 450
288 458
288 541
288 549
288 620
288 643
288 705
288 748
288 810
288 811
288 900
289 903
289 301
289 305
289 414
289 448
289 529
289 581
289 707
289 765
289 934
289 935
289 972
290 335
290 407
290 705
290 930
290 842
290 381
290 349
290 389
290 401
290 640
290 680
291 640
291 502
291 618
291 626
291 651
291 461
291 585
291 565
291 439
291 473
291 505
291 558
291 605
291 666
291 783
291 818
291 827
292 930
292 685
292 570
292 642
292 937
292 873
292 899
292 583
292 557
292 412
292 433
292 536
292 604
292 686
292 790
293 660
293 590
293 691
293 637
293 792
293 833
293 323
293 392
293 398
293 649
293 682
293 696
293 718
293 862
294 628
294 907
294 861
294 936
294 697
294 356
294 367
294 766
294 520
294 330
294 374
294 419
294 448
294 479
294 497
294 641
294 685
295 972
295 630
295 488
295 443
295 766
295 540
295 754
295 337
295 436
295 599
295 964
296 861
296 978
296 501
296 607
296 754
296 992
296 422
296 469
296 326
296 455
296 434
296 629
296 866
296 658
296 496
296 552
296 573
296 602
296 797
296 929
297 331
297 599
297 602
297 621
297 780
297 797
297 739
297 343
297 369
297 377
297 407
297 450
297 771
297 957
298 395
298 506
298 308
298 782
298 603
298 440
298 323
298 756
298 430
298 682
298 387
298 990
298 317
298 476
298 497
298 525
298 602
298 619
298 651
299 657
299 477
299 881
299 369
299 930
299 833
299 615
299 821
299 553
299 565
299 640
299 654
299 716
299 722
299 781
299 888
299 938
299 939
300 645
300 777
300 917
300 364
300 376
300 381
300 431
300 443
300 602
300 791
300 796
300 849
300 855
301 697
301 716
301 932
301 852
301 356
301 372
301 368
301 418
301 468
301 655
301 725
301 819
301 920
301 963
302 739
302 901
302 839
302 928
302 778
302 900
302 823
302 500
302 643
303 465
303 444
303 657
303 941
303 400
303 660
303 342
303 429
303 750
303 788
303 807
303 965
303 981
304 420
304 643
304 778
304 507
304 338
304 551
304 458
304 536
304 537
304 684
304 832
304 847
304 928
305 327
305 471
305 527
305 448
305 569
305 660
305 665
305 702
305 716
305 894
306 660
306 577
306 642
306 541
306 869
306 985
306 867
306 883
306 741
306 847
306 711
306 757
306 309
306 322
306 349
306 352
306 399
306 647
306 735
306 783
306 808
307 760
307 409
307 947
307 483
307 451
307 883
307 452
307 334
307 428
307 477
307 494
307 504
307 516
307 611
307 660
307 673
307 675
307 678
307 767
307 769
307 834
307 870
307 898
307 927
307 997
308 763
308 499
308 633
308 339
308 453
308 701
308 640
308 438
308 325
308 398
308 437
308 470
308 483
308 495
308 730
308 799
308 859
308 883
308 945
309 660
309 390
309 751
309 953
309 699
309 665
309 986
309 702
309 706
309 776
309 828
309 852
309 890
310 648
310 950
310 879
310 380
310 835
310 577
310 337
310 845
310 401
310 456
310 999
310 638
310 768
310 780
310 858
311 491
311 458
311 987
311 741
311 509
311 635
311 488
311 571
311 643
311 836
311 928
312 322
312 596
312 800
312 869
312 758
312 424
312 506
312 635
312 583
312 660
312 836
313 578
313 426
313 393
313 758
313 397
313 867
313 883
313 379
313 535
313 547
313 594
313 746
313 815
314 710
314 689
314 517
314 847
314 884
314 338
314 381
314 382
314 660
314 731
314 737
315 646
315 492
315 770
315 591
315 501
315 583
315 335
315 374
315 416
315 533
315 660
315 729
315 738
315 772
315 853
316 530
316 389
316 608
316 467
316 565
316 974
316 849
316 439
316 505
316 639
316 663
316 792
316 841
316 888
317 319
317 955
317 452
317 850
317 502
317 833
317 633
317 344
317 347
317 459
317 473
317 478
317 669
317 730
317 859
318 660
318 825
318 867
318 426
318 985
318 595
318 411
318 456
318 873
318 909
318 763
318 578
318 594
318 665
318 742
318 779
318 790
318 901
318 913
319 421
319 326
319 388
319 866
319 540
319 337
319 474
319 504
319 552
319 554
319 660
319 713
319 732
319 950
320 742
320 762
320 909
320 499
320 660
320 674
320 750
320 777
320 897
321 789
321 587
321 397
321 691
321 476
321 497
321 528
321 603
321 701
321 752
321 856
321 923
322 728
322 667
322 350
322 921
322 548
322 828
322 396
322 449
322 559
322 612
322 680
322 683
322 731
322 912
322 971
322 994
323 683
323 700
323 359
323 939
323 990
323 478
323 633
323 333
323 419
323 459
323 480
323 553
323 624
323 733
323 794
323 854
323 863
323 874
323 875
323 977
324 834
324 889
324 462
324 419
324 876
324 355
324 378
324 679
324 681
324 788
324 927
325 495
325 637
325 394
325 659
325 701
325 781
326 337
326 970
326 475
326 443
326 689
326 436
326 576
326 599
326 612
326 805
326 810
326 828
326 969
326 992
327 448
327 660
327 493
327 871
327 765
327 409
327 644
327 672
327 673
327 687
327 870
327 875
328 462
328 660
328 678
328 448
328 972
328 981
328 373
328 892
328 409
328 471
328 364
328 470
328 405
328 436
328 665
328 898
329 789
329 853
329 978
329 833
329 399
329 548
329 582
329 648
329 650
329 683
329 730
329 820
329 837
330 892
330 809
330 489
330 660
330 893
330 973
330 368
330 374
330 448
330 765
330 988
331 957
331 443
331 984
331 775
331 357
331 360
331 396
331 713
331 797
332 520
332 461
332 551
332 553
332 588
332 594
332 659
332 817
332 826
332 863
332 938
332 948
333 440
333 974
333 722
333 392
333 394
333 453
333 631
333 649
333 658
333 691
333 942
333 957
334 834
334 513
334 791
334 498
334 342
334 371
334 660
334 889
334 890
334 902
334 965
335 660
335 725
335 420
335 830
335 486
335 999
335 484
335 521
335 681
335 729
335 852
335 892
336 617
336 563
336 787
336 768
336 582
336 388
336 613
336 584
336 811
336 363
336 514
336 535
336 632
336 930
337 725
337 516
337 463
337 853
337 514
337 667
337 798
337 401
337 587
337 743
337 601
337 648
337 684
337 764
337 822
337 842
337 860
337 921
337 962
338 420
338 589
338 721
338 987
338 847
338 491
338 544
338 638
339 717
339 723
339 365
339 476
339 487
339 494
339 525
339 712
340 457
340 778
340 346
340 560
340 685
340 916
340 536
340 620
340 714
340 742
340 748
341 404
341 470
341 786
341 712
341 906
341 603
341 361
341 459
341 565
341 792
341 794
341 821
341 959
342 513
342 581
342 345
342 898
342 441
342 741
342 390
342 788
342 932
342 933
343 884
343 962
343 948
343 531
343 387
343 439
343 478
343 510
343 541
343 566
343 588
343 635
343 733
343 775
343 786
343 818
343 841
343 863
343 878
343 938
343 947
344 497
344 658
344 361
344 794
344 833
344 558
344 803
344 977
344 389
344 459
344 660
344 734
344 792
344 992
345 569
345 484
345 986
345 819
345 369
345 660
345 696
345 783
345 795
345 820
345 910
346 864
346 885
346 779
346 909
346 382
346 417
346 458
346 481
346 536
346 578
346 604
346 721
346 843
346 869
347 919
347 568
347 896
347 565
347 590
347 439
347 487
347 497
347 551
347 799
347 807
347 951
347 959
347 962
348 483
348 694
348 563
348 679
348 617
348 576
348 696
348 729
348 807
348 810
349 428
349 758
349 811
349 456
349 647
349 358
349 624
349 684
349 899
349 913
349 926
350 611
350 559
350 381
350 789
350 512
350 407
350 638
350 713
351 492
351 388
351 475
351 865
351 437
351 363
351 995
351 447
351 651
351 510
351 448
351 576
351 635
351 923
351 998
352 524
352 982
352 779
352 750
352 674
352 664
352 538
352 810
352 812
352 458
352 543
352 532
352 660
352 701
352 711
353 472
353 512
353 450
353 610
353 704
353 541
353 573
353 731
353 758
353 785
353 909
353 928
354 411
354 937
354 960
354 643
354 761
354 397
354 647
354 505
354 597
354 670
354 777
354 839
354 913
354 993
355 472
355 894
355 905
355 802
355 521
355 660
355 738
355 883
355 502
355 445
355 448
355 549
355 672
355 767
355 769
355 848
355 870
356 660
356 936
356 861
356 416
356 513
356 981
356 494
356 911
356 749
356 403
356 628
356 784
357 644
357 484
357 632
357 921
357 372
357 652
357 568
357 916
357 386
357 496
357 530
357 567
357 615
357 621
357 627
357 636
357 820
357 926
357 930
358 395
358 466
358 901
358 778
358 886
358 370
358 433
358 545
358 636
358 761
359 941
359 532
359 696
359 605
359 793
359 659
359 437
359 439
359 525
359 554
359 722
359 841
359 939
360 574
360 489
360 978
360 865
360 667
360 602
360 463
360 421
360 430
360 443
360 585
360 601
360 627
360 631
360 661
360 789
360 797
360 871
361 648
361 559
361 999
361 624
361 857
361 603
361 904
361 470
361 553
361 712
361 878
361 888
361 939
362 460
362 504
362 660
362 446
362 638
362 866
362 567
362 865
362 909
362 901
362 626
362 375
362 464
362 474
362 488
362 607
362 623
362 677
362 750
362 796
362 798
362 876
362 879
362 950
362 970
363 793
363 733
363 640
363 938
363 752
364 616
364 443
364 380
364 582
364 587
364 499
364 421
364 434
364 612
364 623
364 970
365 457
365 503
365 440
365 850
365 712
365 792
365 906
365 381
365 603
365 696
365 723
365 734
365 745
365 818
365 916
366 632
366 600
366 626
366 999
366 478
366 605
366 579
366 670
366 619
366 398
366 786
366 635
366 734
366 916
366 651
366 477
366 590
366 603
366 883
366 942
367 373
367 400
367 870
367 374
367 919
367 640
367 666
367 676
367 689
367 819
368 694
368 708
368 429
368 848
368 660
368 929
368 530
368 651
368 371
368 409
368 460
368 492
368 617
368 809
368 840
368 851
368 918
369 559
369 573
369 376
369 475
369 385
369 634
369 810
369 383
369 434
369 514
369 561
369 562
369 621
369 632
369 650
369 670
370 507
370 606
370 689
370 450
370 385
370 578
370 592
370 692
370 715
370 818
370 926
370 931
370 989
371 975
371 373
371 533
371 673
371 549
371 584
371 418
371 660
371 662
371 679
371 770
371 953
372 612
372 431
372 600
372 384
372 399
372 430
372 448
372 632
372 638
372 664
372 853
372 858
372 994
373 508
373 986
373 513
373 929
373 378
373 448
373 465
373 574
373 660
373 722
373 765
373 814
373 973
374 708
374 720
374 964
374 402
374 617
374 788
374 981
374 574
374 997
374 798
374 663
374 403
374 660
374 918
375 465
375 816
375 381
375 602
375 772
375 879
375 395
375 530
375 384
375 469
375 488
375 747
375 844
376 765
376 978
376 844
376 787
376 860
376 971
376 463
376 909
376 940
376 567
377 623
377 912
377 422
377 845
377 820
377 766
377 530
377 451
377 380
377 667
377 580
377 698
377 900
377 733
377 991
377 434
377 648
377 830
377 954
377 971
378 699
378 804
378 870
378 975
378 660
378 428
378 817
378 478
378 448
378 460
378 574
378 641
378 898
379 600
379 835
379 865
379 810
379 761
379 412
379 955
379 833
379 450
379 466
379 544
379 643
379 655
379 685
379 731
379 753
379 928
379 931
379 963
379 985
380 688
380 930
380 388
380 407
380 434
380 501
380 764
380 798
380 835
381 581
381 707
381 490
381 855
381 879
381 671
381 648
381 787
381 789
381 455
381 383
381 662
381 501
381 638
381 683
382 839
382 966
382 536
382 592
382 685
382 908
382 614
382 543
382 474
382 523
382 535
382 618
382 647
382 741
382 742
382 897
382 985
382 988
383 941
383 577
383 530
383 780
383 526
383 798
383 726
383 395
383 487
383 501
383 559
383 619
383 865
383 902
383 950
383 984
384 683
384 844
384 596
384 713
384 978
384 600
384 822
384 677
384 490
384 434
384 568
384 826
384 996
385 587
385 778
385 693
385 944
385 542
385 518
385 560
385 620
385 636
385 672
385 750
386 791
386 660
386 673
386 877
386 479
386 706
386 986
386 563
386 923
386 890
387 510
387 781
387 640
387 945
387 423
387 487
387 535
387 590
387 625
387 649
387 682
387 827
388 475
388 876
388 845
388 978
388 613
388 531
388 548
388 561
388 599
388 629
388 728
388 743
388 771
388 789
388 796
388 811
388 858
389 496
389 632
389 449
389 568
389 616
389 713
389 865
389 954
390 673
390 622
390 804
390 660
390 617
390 770
390 894
390 858
390 783
390 448
390 462
390 493
390 539
390 550
390 817
391 660
391 992
391 613
391 451
391 401
391 439
391 488
391 506
391 511
391 539
391 581
391 587
391 602
391 638
391 661
391 766
391 978
392 657
392 937
392 962
392 440
392 469
392 551
392 618
392 651
392 666
392 714
392 752
392 757
392 782
392 916
393 580
393 437
393 625
393 763
393 836
394 999
394 817
394 486
394 712
394 811
394 868
394 896
394 986
394 996
395 941
395 474
395 443
395 780
395 717
395 396
395 536
395 562
395 645
395 820
395 828
395 844
395 950
396 552
396 789
396 739
396 845
396 415
396 475
396 749
396 430
396 412
396 487
396 616
396 950
397 698
397 867
397 793
397 465
397 521
397 573
397 605
397 685
397 741
397 837
397 960
397 963
398 660
398 651
398 938
398 588
398 888
398 510
398 423
398 712
398 803
398 917
399 826
399 654
399 652
399 971
399 607
399 844
399 938
399 526
399 528
399 548
399 568
399 860
399 925
399 950
400 679
400 765
400 413
400 419
400 434
400 448
400 645
400 646
400 660
400 760
400 890
400 898
400 920
400 936
400 953
400 981
401 645
401 992
401 844
401 837
401 440
401 496
401 526
401 631
401 764
401 795
402 550
402 408
402 682
402 438
402 448
402 641
402 681
402 687
402 769
402 783
402 855
402 905
403 498
403 831
403 890
403 884
403 448
403 522
403 622
403 646
403 707
403 932
403 933
404 513
404 893
404 419
404 941
404 472
404 870
404 584
404 447
404 660
404 687
404 973
405 708
405 660
405 448
405 534
405 676
405 625
405 681
405 927
405 949
406 573
406 653
406 580
406 584
406 532
406 500
406 425
406 748
406 450
406 664
406 466
406 987
406 836
406 901
406 560
406 808
406 883
406 917
406 955
407 457
407 747
407 485
407 994
407 844
407 463
407 741
407 995
407 434
407 526
407 660
408 621
408 940
408 721
408 985
408 800
408 433
408 535
408 589
408 594
408 603
408 686
408 753
408 759
408 805
408 988
408 989
409 903
409 428
409 494
409 707
409 414
409 679
409 698
409 748
409 429
409 489
409 533
409 729
409 953
410 951
410 658
410 459
410 461
410 659
410 701
410 817
410 859
410 877
410 902
411 891
411 570
411 790
411 542
411 569
411 602
411 746
411 867
411 968
411 993
412 627
412 872
412 689
412 536
412 620
412 517
412 823
412 556
412 688
413 947
413 660
413 422
413 554
413 448
413 460
413 494
413 527
413 656
413 725
413 756
413 868
413 869
413 949
413 962
413 965
414 494
414 720
414 744
414 660
414 910
414 600
414 633
414 612
414 617
414 725
414 936
415 677
415 630
415 451
415 879
415 661
415 680
415 966
415 449
415 540
415 621
416 477
416 725
416 907
416 952
416 795
416 789
416 498
416 516
416 660
416 965
417 954
417 627
417 630
417 602
417 713
417 671
417 601
418 462
418 524
418 660
418 914
418 716
418 641
418 822
418 770
418 905
419 489
419 660
419 716
419 441
419 508
419 523
419 604
419 646
419 790
419 855
419 892
419 905
419 927
420 550
420 801
420 708
420 448
420 460
420 660
420 733
420 973
421 460
421 656
421 879
421 846
421 746
421 449
421 599
421 728
421 739
421 747
421 783
421 876
422 680
422 536
422 568
422 797
422 822
423 690
423 660
423 616
423 568
423 447
423 476
423 588
423 603
423 821
423 904
424 484
424 988
424 589
424 426
424 647
424 762
424 908
424 604
424 878
424 833
424 873
424 884
424 891
424 985
425 853
425 535
425 555
425 592
425 456
425 873
425 748
425 542
425 452
425 503
425 579
425 647
425 741
425 758
425 806
426 989
426 698
426 759
426 542
426 685
426 688
426 742
426 873
426 946
426 963
427 518
427 806
427 985
427 608
427 813
427 884
427 447
427 698
427 726
427 742
428 920
428 673
428 687
428 943
428 972
428 592
428 487
428 489
428 679
428 919
429 660
429 804
429 951
429 707
429 767
430 475
430 608
430 614
430 461
430 447
430 868
430 432
430 586
430 696
430 487
430 637
430 640
430 856
431 600
431 789
431 435
431 568
431 882
431 463
431 455
431 530
431 562
431 616
431 631
431 680
431 747
431 766
431 930
431 968
432 702
432 980
432 803
432 499
432 445
432 704
432 531
432 551
432 603
432 658
432 738
432 814
432 880
432 908
432 939
433 623
433 647
433 480
433 468
433 564
433 721
433 620
433 698
433 742
433 790
433 963
433 886
433 674
433 854
434 925
434 749
434 970
434 797
434 455
434 978
434 739
434 519
434 938
434 600
434 612
434 754
434 868
435 660
435 801
435 562
435 797
435 464
435 705
435 713
435 796
436 581
436 455
436 842
436 820
436 816
436 456
436 591
436 602
436 646
436 796
436 865
436 929
437 704
437 938
437 856
437 792
437 519
437 722
437 810
437 817
438 607
438 818
438 603
438 467
438 506
438 510
438 572
438 701
438 735
438 942
439 801
439 676
439 698
439 551
439 546
439 633
439 476
439 506
439 571
439 888
439 974
439 603
439 859
440 993
440 723
440 701
440 857
440 585
440 588
440 906
440 571
440 554
440 841
441 660
441 865
441 665
441 677
441 802
441 920
441 936
441 975
442 516
442 660
442 593
442 672
442 465
442 788
443 739
443 677
443 749
443 602
443 493
443 621
443 713
443 882
444 563
444 448
444 660
444 494
444 965
444 941
444 934
445 851
445 833
445 553
445 588
445 794
445 915
445 482
445 631
445 638
445 660
445 781
445 821
445 905
445 945
445 974
446 501
446 629
446 766
446 607
446 496
446 826
446 630
446 566
446 878
446 449
446 475
446 567
446 692
446 798
446 838
446 852
446 984
447 999
447 868
447 817
447 546
447 651
447 520
447 558
447 566
447 615
447 923
447 976
447 991
448 484
448 657
448 894
448 660
448 550
448 918
448 694
448 690
448 483
448 708
448 840
448 673
448 961
448 965
448 738
448 593
448 533
448 975
448 770
448 964
448 676
448 767
448 981
448 622
448 687
448 898
448 591
448 656
448 524
448 493
448 574
448 972
448 707
448 732
448 776
448 911
448 765
448 679
448 769
448 479
448 871
448 606
448 982
448 746
448 779
448 813
448 686
448 748
448 651
448 658
448 473
448 888
448 501
448 505
448 535
448 539
448 569
448 603
448 791
448 869
448 875
448 973
448 997
449 809
449 848
449 680
449 582
449 490
449 654
449 638
449 599
449 969
449 630
449 816
449 980
449 909
449 915
449 613
449 623
449 858
449 890
450 754
450 944
450 883
450 594
450 684
450 839
450 480
450 647
450 884
450 989
450 579
450 522
450 998
451 697
451 526
451 968
451 561
451 593
451 688
451 713
451 798
451 912
451 922
452 830
452 812
452 906
452 990
452 996
452 525
452 734
452 505
452 572
452 586
452 624
452 800
453 815
453 551
453 983
453 696
453 945
453 605
453 467
453 689
453 722
453 781
453 869
454 660
454 682
454 827
454 476
454 669
454 640
454 722
454 752
454 803
454 868
454 974
454 999
455 488
455 954
455 602
455 485
455 671
455 830
455 695
455 654
455 963
455 705
455 747
455 822
455 858
456 777
456 710
456 610
456 609
456 537
456 692
456 829
456 897
456 914
456 966
456 975
457 533
457 524
457 879
457 471
457 784
457 920
457 936
458 660
458 979
458 480
458 931
458 674
458 836
458 901
458 928
458 570
458 891
458 730
458 553
458 556
458 710
458 959
459 898
459 942
459 717
459 817
459 850
459 916
459 793
459 794
459 700
459 525
459 603
459 701
459 891
460 725
460 660
460 527
460 533
460 974
460 522
460 644
460 712
460 760
461 660
461 465
461 788
461 773
461 603
461 717
461 576
461 587
461 618
461 757
461 774
461 782
461 786
461 888
461 969
462 523
462 881
462 550
462 801
462 877
462 910
462 936
463 954
463 530
463 667
463 671
463 562
463 668
463 692
463 787
464 601
464 780
464 803
464 512
464 514
464 541
464 548
464 577
464 616
464 630
464 631
464 632
464 742
464 796
464 876
465 697
465 936
465 644
465 660
465 903
465 595
465 894
466 842
466 901
466 884
466 642
466 557
466 560
466 511
466 864
466 634
466 636
466 692
466 693
466 913
466 998
467 906
467 962
467 799
467 487
467 730
467 682
467 506
467 625
468 987
468 610
468 800
468 908
468 545
468 597
468 714
468 731
468 761
469 860
469 573
469 739
469 826
469 645
469 789
469 530
469 503
469 600
469 612
469 650
469 677
469 798
469 824
469 844
470 484
470 958
470 487
470 506
470 586
470 833
470 794
470 659
470 691
470 916
470 942
471 660
471 690
471 494
471 533
471 550
471 681
471 751
471 847
471 910
471 936
472 527
472 947
472 603
472 566
472 575
472 725
473 945
473 730
473 502
473 553
473 649
473 826
473 976
474 918
474 611
474 488
474 631
474 727
474 830
474 835
474 859
475 504
475 660
475 930
475 921
475 994
475 544
475 547
475 561
475 577
475 613
475 654
475 713
475 764
475 771
475 772
475 822
475 853
475 865
476 877
476 482
476 525
476 786
476 717
476 520
476 958
476 662
476 888
476 945
477 767
477 611
477 628
477 679
477 690
477 697
477 788
477 840
478 739
478 677
478 634
478 959
478 857
478 603
478 566
478 733
478 624
478 752
478 649
478 757
478 841
478 856
478 878
479 660
479 784
479 501
479 522
479 835
479 905
479 914
480 988
480 825
480 800
480 864
480 985
480 543
480 658
480 538
480 620
480 634
480 664
480 867
480 931
480 966
480 998
481 604
481 847
481 535
481 560
481 576
481 664
481 762
481 926
481 940
481 960
481 977
481 998
482 740
482 849
482 546
482 603
482 613
482 722
482 917
483 760
483 591
483 660
483 628
483 981
484 903
484 660
484 523
484 524
484 918
484 494
484 549
484 648
485 743
485 865
485 820
485 921
485 705
485 714
485 846
485 922
485 986
486 774
486 561
486 576
486 603
486 565
486 704
486 525
486 637
486 718
486 917
487 970
487 535
487 615
487 659
487 862
487 733
487 637
487 660
487 722
487 792
487 827
487 849
487 902
487 908
488 599
488 835
488 728
488 837
488 573
488 666
488 552
488 660
488 846
488 866
488 872
488 978
489 678
489 986
489 660
489 914
489 751
489 581
489 568
489 545
489 504
489 675
489 941
489 953
490 774
490 882
490 648
490 747
490 820
490 925
490 559
490 600
490 775
490 787
490 796
490 822
490 912
490 922
491 813
491 968
491 867
491 709
491 737
491 763
491 791
491 839
492 892
492 681
492 755
492 591
492 660
492 760
492 815
492 544
492 513
493 563
493 973
493 683
493 637
493 660
493 807
493 918
493 949
494 707
494 819
494 936
494 903
494 681
494 660
494 941
494 689
494 641
494 851
495 708
495 737
495 571
495 793
495 959
495 558
495 603
495 945
495 619
496 501
496 845
496 766
496 577
496 548
496 740
496 743
496 760
496 835
496 882
496 955
497 996
497 722
497 519
497 904
497 983
497 499
497 639
497 502
497 712
497 942
498 825
498 521
498 595
498 812
498 898
498 910
498 912
498 947
499 620
499 748
499 895
499 974
499 528
499 586
499 618
499 503
499 605
499 632
499 658
499 691
499 714
499 803
499 859
499 872
499 921
499 996
500 913
500 987
500 544
500 746
500 538
500 620
500 680
500 698
500 743
500 825
500 832
500 964
501 683
501 677
501 844
501 616
501 662
501 680
502 660
502 670
502 945
502 939
502 803
502 817
502 863
502 626
502 605
502 773
502 895
502 988
503 508
503 839
503 551
503 619
503 850
503 714
503 730
503 624
503 817
503 915
503 983
504 947
504 981
504 867
504 682
504 576
504 612
504 681
504 716
505 646
505 978
505 566
505 649
505 938
505 510
505 827
505 915
506 682
506 588
506 586
506 743
506 921
506 937
506 983
507 797
507 805
507 517
507 843
507 564
507 759
507 763
507 777
507 806
507 867
507 995
508 732
508 617
508 916
508 560
508 567
508 708
508 766
508 964
509 928
509 598
509 813
509 742
509 960
509 709
509 987
509 704
509 653
509 763
510 691
510 618
510 528
510 546
510 917
510 783
510 880
510 895
511 824
511 674
511 854
511 547
511 560
511 779
511 993
511 606
511 664
511 715
511 746
511 748
511 757
511 758
511 829
511 885
511 897
511 963
512 911
512 984
512 667
512 754
512 978
512 864
512 735
512 601
512 866
512 897
513 678
513 521
513 628
513 687
513 523
513 660
514 672
514 527
514 957
514 844
514 683
515 874
515 818
515 669
515 566
515 625
515 635
515 734
515 923
515 959
516 660
516 527
516 676
516 708
516 776
516 890
516 932
516 933
517 911
517 653
517 634
517 980
517 698
517 684
517 709
517 674
517 557
517 761
517 875
517 893
517 897
517 968
517 979
518 848
518 544
518 715
518 564
518 584
518 693
518 731
518 779
518 897
518 926
518 952
519 957
519 546
519 962
519 658
519 902
519 571
519 572
519 668
519 724
519 756
519 833
519 860
520 596
520 576
520 717
520 566
520 615
520 707
520 792
520 895
520 938
521 706
521 877
521 617
521 871
521 660
521 657
521 689
521 980
521 681
521 728
521 817
521 926
522 694
522 660
522 819
522 779
522 823
522 755
522 788
522 809
522 934
522 949
523 834
523 575
523 646
523 660
523 676
523 699
523 870
524 881
524 788
524 660
524 861
524 903
524 910
524 922
524 927
525 987
525 757
525 888
525 618
525 863
525 562
525 724
525 773
525 786
525 809
525 874
525 951
525 955
526 727
526 787
526 984
526 796
526 559
526 760
526 969
526 994
527 891
527 759
527 533
527 838
528 755
528 706
528 753
528 995
528 701
528 558
528 658
528 571
528 579
528 551
528 817
528 983
528 999
529 660
529 539
529 574
529 701
530 797
530 846
530 820
530 552
530 587
530 632
530 739
530 889
530 980
531 744
531 794
531 618
531 718
531 803
532 811
532 655
532 909
532 671
532 689
532 778
532 824
532 869
533 591
533 660
533 911
533 972
533 795
533 760
533 555
533 628
533 707
533 840
534 795
534 591
534 558
534 549
534 597
534 619
534 686
534 914
535 578
535 684
535 944
535 538
535 810
535 808
535 886
535 758
535 604
535 711
535 908
536 897
536 811
536 779
536 609
536 746
536 827
536 762
537 813
537 614
537 557
537 811
537 785
537 852
537 960
537 999
538 805
538 592
538 966
538 944
538 684
538 899
538 693
538 963
538 815
538 886
538 583
538 715
538 758
539 765
539 656
539 935
539 927
539 965
539 760
539 769
539 660
539 690
539 943
539 697
539 858
540 612
540 860
540 552
540 970
540 561
540 562
540 563
540 621
540 627
540 797
540 826
540 912
541 847
541 610
542 621
542 595
542 543
542 931
542 805
542 669
542 560
542 570
542 642
542 693
542 703
542 759
542 913
542 982
543 653
543 709
543 854
543 908
543 960
543 967
543 779
543 750
543 584
543 608
543 759
543 884
544 574
544 660
544 854
544 884
544 603
544 692
544 746
544 763
544 806
544 815
544 899
544 909
544 966
544 993
545 968
545 674
545 884
545 901
545 634
545 659
545 703
545 808
545 869
545 897
545 913
545 988
546 843
546 904
546 962
546 817
546 603
546 682
546 895
546 799
546 635
546 637
546 670
546 923
546 945
547 660
547 688
547 956
547 812
547 886
547 758
547 832
547 592
547 931
547 966
547 557
547 604
547 709
547 778
547 937
548 616
548 629
548 713
548 685
548 906
548 605
548 564
548 744
548 828
548 846
549 660
549 767
549 870
549 707
549 716
549 888
549 892
550 765
550 660
550 715
550 817
550 641
550 708
550 725
550 806
550 889
550 947
551 850
551 603
551 615
551 585
551 904
551 700
551 767
551 817
551 818
551 843
551 906
552 562
552 602
552 749
552 954
552 582
552 612
552 648
552 650
552 893
553 700
553 637
553 724
553 781
553 719
553 809
554 925
554 564
554 724
554 740
554 996
554 700
554 959
554 576
554 633
554 645
554 745
554 856
555 676
555 815
555 642
555 692
555 869
555 952
555 965
555 980
556 660
556 708
556 768
556 664
556 762
556 836
556 909
556 931
556 570
556 854
556 583
556 674
556 560
556 572
556 598
556 698
556 790
556 876
556 960
557 846
557 885
557 977
557 594
557 660
557 684
557 735
557 761
557 779
557 963
557 982
558 681
558 762
558 923
558 773
558 793
558 590
558 701
558 821
558 853
559 567
559 797
559 772
559 602
559 568
559 749
559 844
559 950
560 660
560 982
560 785
560 737
560 759
560 996
560 594
560 726
560 786
560 899
560 931
561 596
561 921
561 728
561 616
561 743
561 677
561 638
561 600
561 678
561 913
562 708
562 747
562 921
562 645
562 957
562 616
562 727
562 954
563 569
563 965
563 622
563 697
563 886
563 917
563 660
563 861
563 870
563 933
563 952
563 972
564 832
564 955
564 938
564 653
564 709
564 710
564 762
564 812
564 847
564 909
565 573
565 976
565 888
565 945
565 637
565 939
565 704
565 983
566 828
566 625
566 599
566 701
566 711
566 729
566 856
566 857
567 727
567 629
567 971
567 602
567 573
567 721
567 624
567 582
567 623
567 654
567 853
567 925
568 922
568 612
568 677
568 764
568 775
568 984
568 994
569 641
569 681
569 733
569 810
569 848
569 933
570 774
570 873
570 854
570 966
570 785
570 832
570 778
570 726
570 595
570 693
570 763
570 909
571 924
571 605
571 640
571 712
571 868
571 874
572 627
572 923
572 995
572 669
572 714
572 745
572 979
573 835
573 797
573 582
573 930
573 826
573 623
573 798
573 587
573 873
573 627
573 638
573 743
573 766
573 897
573 922
574 918
574 660
574 893
574 934
574 633
574 604
574 875
574 936
575 840
575 753
575 634
575 981
576 633
576 691
576 701
576 704
576 649
576 729
576 977
577 660
577 930
577 835
577 787
577 873
577 631
577 665
577 772
578 853
578 741
578 913
578 829
578 946
578 895
578 759
578 777
578 968
579 752
579 803
579 658
579 605
579 734
579 746
579 841
579 904
579 915
579 995
580 883
580 777
580 867
580 836
580 980
580 779
580 812
580 868
580 872
580 874
580 966
581 889
581 660
581 907
581 851
581 902
581 781
581 702
581 910
582 660
582 768
582 978
582 654
582 766
582 855
582 921
583 647
583 731
583 825
583 777
583 779
583 884
583 888
584 812
584 736
584 761
584 850
584 674
584 715
584 778
584 811
584 910
584 963
585 682
585 991
585 603
585 613
585 786
585 868
585 896
585 948
585 990
586 614
586 756
586 938
586 895
586 896
586 722
586 724
587 992
587 629
587 631
587 911
588 676
588 783
588 996
588 799
588 637
588 626
588 991
588 792
588 976
588 782
588 868
588 977
589 753
589 891
589 598
589 610
589 990
589 660
589 763
589 790
589 844
589 847
589 908
590 644
590 750
590 980
590 618
590 724
590 752
590 794
590 841
590 977
591 660
591 851
591 678
591 738
591 949
592 746
592 967
592 839
592 759
592 604
592 606
592 608
592 649
592 655
592 763
592 886
593 694
593 707
593 892
593 660
593 767
593 723
593 947
594 677
594 854
594 595
594 999
594 897
594 993
595 686
595 634
595 833
595 677
595 684
595 709
595 847
595 926
596 921
596 940
596 671
596 696
596 771
596 796
596 822
596 930
597 836
597 901
597 606
597 758
597 926
597 703
597 674
597 634
597 940
597 982
598 608
598 703
598 663
598 741
598 778
598 785
598 854
598 937
599 652
599 739
599 648
599 661
599 771
599 619
599 728
600 621
600 873
600 883
600 754
600 787
600 798
600 946
601 860
601 661
601 766
601 621
601 631
601 638
601 705
601 758
602 631
602 612
602 820
602 787
602 971
602 950
603 734
603 923
603 896
603 619
603 662
603 895
603 915
603 615
603 625
603 659
603 669
603 691
603 700
603 724
603 757
603 786
603 796
603 856
603 862
603 867
603 880
603 891
603 906
603 942
603 995
604 778
604 998
604 748
604 655
604 685
604 810
604 927
605 712
605 781
605 691
605 868
605 904
605 745
605 803
605 874
606 815
606 901
606 642
606 989
606 779
606 899
606 960
606 977
606 982
607 979
607 629
607 787
607 780
607 813
607 619
607 680
607 749
607 957
608 646
608 688
608 716
608 920
609 929
609 887
609 655
609 982
610 660
610 966
610 960
610 885
610 722
610 758
610 785
610 836
610 847
610 854
610 928
610 980
611 852
611 838
611 949
611 660
611 795
611 914
612 678
612 648
612 912
612 667
612 853
612 645
612 835
612 922
612 705
612 854
613 720
613 789
613 650
613 667
613 764
613 780
613 978
613 994
614 993
614 891
614 989
614 733
614 625
614 636
614 692
614 742
614 884
615 724
615 951
616 855
616 929
616 954
616 621
616 630
616 658
616 749
616 842
616 858
616 876
616 912
617 732
617 708
617 919
617 660
617 697
617 804
618 931
618 887
618 651
618 704
618 773
618 821
618 996
619 671
619 966
619 821
619 782
619 849
619 900
619 915
619 945
620 675
620 685
620 867
620 748
621 768
621 627
621 650
621 979
621 866
621 632
621 671
621 855
622 660
622 656
622 657
622 665
622 673
622 774
623 936
623 852
623 660
623 727
623 844
623 739
623 979
623 717
624 640
624 651
624 696
624 752
624 807
624 817
624 859
624 959
624 983
625 652
625 741
625 946
625 967
625 999
625 792
625 723
625 856
626 775
626 658
626 662
626 701
626 939
626 902
626 633
626 666
626 817
626 868
626 923
626 948
627 720
627 749
627 667
627 772
627 766
628 708
628 660
628 953
628 681
628 767
629 912
629 633
629 826
629 844
629 984
630 979
630 680
630 798
630 879
630 638
630 727
630 683
630 705
630 713
630 796
631 865
631 680
631 671
631 921
631 797
631 957
631 766
631 685
631 864
631 638
632 866
632 654
632 713
632 787
632 816
632 845
632 858
633 904
633 722
633 747
633 750
633 824
633 916
633 976
634 742
634 674
634 864
634 926
634 956
635 864
635 976
635 938
635 717
635 743
635 803
635 838
636 954
636 815
636 715
636 726
636 686
636 643
636 993
637 640
637 951
637 700
637 804
637 821
637 970
637 995
638 770
638 771
638 835
638 826
638 865
638 954
639 863
639 955
640 796
640 647
640 990
640 821
640 859
640 924
640 976
641 660
641 755
641 838
641 814
641 911
642 912
642 741
642 909
642 736
642 998
642 873
642 800
642 758
642 811
642 823
642 866
642 940
643 830
643 736
643 686
643 937
643 985
643 899
643 737
643 726
643 771
643 931
643 966
644 660
644 834
644 754
644 788
644 903
645 853
645 969
645 689
645 775
645 835
645 896
645 941
645 971
646 699
646 660
646 834
646 861
646 724
646 687
647 768
647 885
647 985
647 980
647 664
647 685
647 731
647 736
647 737
647 778
647 811
647 873
647 955
648 992
648 922
648 650
648 749
648 772
648 925
648 689
648 695
648 842
648 882
648 912
649 904
649 658
649 740
649 704
649 786
650 797
650 691
650 780
650 828
650 858
650 994
651 829
651 948
652 760
652 967
652 971
653 926
653 960
653 735
653 772
653 808
653 827
653 899
654 747
654 797
654 728
654 999
655 790
655 692
655 968
655 962
655 666
655 843
655 913
656 660
656 681
656 877
656 720
656 795
657 660
657 910
657 672
657 732
657 933
657 936
658 707
658 984
658 991
658 863
658 701
658 673
658 782
658 789
658 817
658 981
659 992
659 958
659 663
659 722
659 945
660 861
660 665
660 953
660 802
660 675
660 893
660 972
660 981
660 819
660 905
660 838
660 755
660 676
660 894
660 719
660 975
660 934
660 927
660 961
660 986
660 791
660 997
660 765
660 907
660 875
660 774
660 795
660 965
660 801
660 918
660 871
660 834
660 911
660 804
660 807
660 973
660 903
660 935
660 770
660 992
660 667
660 860
660 779
660 928
660 714
660 782
660 773
660 999
660 733
660 672
660 673
660 678
660 680
660 681
660 687
660 688
660 690
660 694
660 698
660 699
660 702
660 706
660 707
660 716
660 725
660 732
660 735
660 744
660 747
660 760
660 767
660 769
660 776
660 788
660 789
660 814
660 840
660 848
660 849
660 851
660 852
660 856
660 869
660 870
660 889
660 892
660 906
660 910
660 914
660 920
660 923
660 926
660 932
660 936
660 941
660 943
660 947
660 949
660 952
660 956
660 958
660 964
660 969
660 991
661 796
661 789
661 970
661 845
661 727
661 747
661 787
662 669
662 757
662 977
662 714
662 691
662 888
662 948
663 740
663 794
663 756
663 823
663 849
664 811
664 800
664 989
664 836
664 926
664 988
665 732
665 851
665 892
665 942
665 706
665 776
666 880
666 983
666 999
666 734
666 833
666 670
666 757
666 821
666 836
666 879
667 680
667 912
667 978
667 677
667 860
668 971
668 695
668 688
668 994
668 912
668 737
668 844
668 865
669 848
669 674
669 906
669 782
669 916
669 783
669 670
669 962
670 679
670 999
670 859
670 924
670 945
670 974
671 772
672 889
672 907
672 774
672 725
672 961
672 966
673 949
673 773
673 795
673 831
673 840
673 870
673 919
674 881
674 698
674 714
674 685
674 811
675 935
675 807
675 953
675 986
676 952
676 894
676 932
676 964
677 877
677 796
677 749
677 780
678 981
678 804
678 866
678 759
678 875
678 890
679 819
679 767
679 790
679 832
679 840
679 852
679 881
679 893
679 905
680 766
680 727
680 837
680 853
681 997
682 704
682 756
683 894
683 979
683 865
683 739
683 693
683 822
683 866
683 912
684 824
684 854
684 761
684 746
684 692
684 721
684 800
684 886
684 960
685 886
685 785
685 825
686 867
686 960
686 750
686 812
686 847
686 889
686 926
686 937
686 982
686 988
687 936
688 921
688 929
688 844
688 876
688 710
688 855
688 971
689 980
689 884
689 864
689 897
689 955
690 811
690 738
690 809
690 848
690 953
691 782
691 951
691 888
691 923
691 856
691 868
691 878
691 915
691 991
692 836
692 806
692 736
692 873
692 908
693 993
693 883
693 885
693 901
693 938
694 934
694 881
694 914
694 949
694 975
696 851
696 752
696 958
696 999
697 716
697 902
697 840
697 851
697 973
698 804
698 899
698 824
698 748
698 810
698 901
699 755
699 947
699 802
699 706
699 723
699 814
699 871
700 792
700 799
700 895
701 775
701 904
701 756
701 793
701 817
701 999
702 910
702 838
702 875
702 938
703 753
703 790
703 813
703 955
703 735
704 841
704 793
704 896
704 921
704 942
705 822
705 925
705 930
706 914
706 991
707 898
707 840
707 934
707 720
707 807
707 738
707 876
707 919
708 732
708 784
708 851
708 920
708 957
708 810
708 741
708 860
709 805
709 867
709 908
709 885
709 909
709 746
709 832
709 960
710 812
710 742
710 854
710 746
710 829
710 883
710 897
710 913
710 975
711 982
712 721
712 904
712 947
712 968
713 925
713 816
714 923
714 724
714 951
715 815
715 829
715 839
715 758
715 726
715 909
715 867
715 899
715 810
715 818
715 721
715 954
716 804
716 774
716 892
716 950
717 793
717 915
717 863
717 939
717 942
718 987
718 983
718 868
718 757
718 974
718 723
718 817
718 878
719 934
719 996
720 881
720 927
720 842
720 753
720 726
720 767
720 952
720 955
721 944
721 899
721 955
721 823
721 832
721 908
722 794
722 827
722 773
723 787
723 856
723 863
723 757
723 888
723 827
723 871
724 989
724 799
724 904
724 950
724 953
725 804
725 883
725 801
726 759
726 805
726 829
726 883
726 897
726 916
726 989
727 879
727 787
727 992
728 971
728 739
728 832
728 872
729 975
729 947
729 997
730 880
730 756
730 949
731 835
731 928
731 735
731 982
732 802
732 757
732 743
732 792
733 782
733 948
733 983
733 773
733 827
733 831
733 863
733 878
733 996
734 951
734 895
734 799
734 762
734 862
734 916
734 962
734 990
735 967
735 750
735 960
736 843
736 883
736 963
736 790
736 823
736 887
737 748
737 806
737 825
737 913
737 750
737 763
737 808
737 854
737 896
738 814
738 943
739 821
739 826
740 992
740 909
740 888
740 757
740 851
740 976
741 748
741 926
741 867
741 872
741 978
741 991
742 748
742 759
742 806
742 887
742 901
742 999
743 865
743 796
743 771
743 971
743 922
743 909
743 764
744 871
744 845
744 973
745 902
745 863
745 962
746 940
746 753
746 928
746 980
746 763
746 813
746 887
746 995
747 866
747 749
747 968
748 811
748 864
748 900
748 989
748 998
749 992
749 921
749 764
749 891
749 866
749 917
749 970
749 979
750 869
750 854
750 980
750 790
750 805
750 944
750 989
751 905
751 913
752 799
752 983
752 915
752 939
752 827
752 857
752 893
753 758
753 980
753 836
753 948
753 790
753 940
753 942
754 806
755 934
755 795
756 838
756 904
756 976
757 857
757 793
757 976
757 773
757 786
758 823
758 987
758 762
758 913
758 931
759 765
759 850
759 836
759 918
759 922
759 944
759 955
759 977
760 949
760 776
760 788
760 791
760 831
760 875
761 968
761 884
761 778
761 811
761 864
761 865
761 955
761 963
762 985
762 899
762 998
763 779
763 778
763 854
763 966
764 882
764 798
764 842
764 820
764 817
764 766
765 871
765 920
765 918
765 975
765 981
766 834
766 994
766 980
766 787
767 919
767 871
767 861
767 823
767 858
768 777
769 941
769 871
769 852
769 877
769 975
770 910
770 795
770 995
771 870
771 816
771 978
771 860
771 775
772 842
772 985
772 787
772 822
773 788
773 858
773 990
773 888
773 783
773 938
773 827
774 881
774 972
774 784
774 964
774 973
775 921
775 971
776 972
776 914
776 941
777 832
777 823
777 836
777 826
777 913
777 938
778 813
778 820
778 824
778 955
778 956
779 854
779 899
779 815
779 857
779 987
780 870
780 855
780 957
780 902
780 826
780 845
780 989
782 849
782 799
782 817
782 874
782 880
782 999
783 995
783 962
783 974
783 983
784 894
784 934
785 885
785 908
785 823
785 839
785 982
786 895
786 902
787 837
787 879
787 828
787 855
788 851
788 795
788 840
789 853
789 835
789 944
789 794
789 798
789 822
789 979
789 998
790 844
790 811
790 937
790 926
790 872
790 985
790 928
790 946
790 998
791 936
791 889
791 819
791 881
791 961
791 872
791 999
791 802
791 852
791 863
791 973
792 939
793 802
793 863
793 945
793 991
793 902
793 794
793 811
794 795
794 800
794 841
794 821
794 868
794 938
794 999
795 934
795 938
796 975
796 844
796 970
796 966
796 798
796 882
797 835
798 930
798 858
798 969
798 971
798 879
798 974
799 827
799 857
799 896
800 878
801 817
801 877
801 880
801 932
801 975
802 981
802 834
802 903
802 952
802 975
803 945
803 833
803 863
804 829
804 864
804 877
804 892
805 806
805 812
805 843
805 864
805 869
805 968
806 934
806 928
806 897
806 987
807 957
808 869
808 854
808 908
808 909
808 980
809 890
809 852
809 910
810 854
810 815
810 813
810 897
810 913
810 931
810 993
811 836
811 900
811 897
811 884
811 815
811 985
811 887
812 948
812 928
812 982
812 991
813 824
813 843
813 985
814 826
814 884
815 823
815 839
815 872
816 879
817 945
817 821
818 939
818 827
818 957
818 995
819 903
819 943
820 925
820 830
820 885
820 919
820 988
821 956
821 895
821 996
821 888
821 974
821 851
821 948
822 860
822 921
822 991
823 854
823 836
823 853
823 869
824 891
825 887
825 901
825 966
825 968
826 888
826 833
826 961
827 924
827 958
827 896
827 976
828 930
829 943
829 966
829 885
830 853
830 992
831 918
831 975
831 840
832 873
832 897
833 841
833 916
834 838
834 905
834 975
835 925
835 844
835 954
836 943
836 891
836 908
836 839
836 937
837 964
837 921
837 882
837 969
837 842
837 994
838 865
838 918
838 961
839 980
839 928
839 966
839 946
839 885
839 956
839 989
840 919
840 903
840 907
840 960
841 843
841 880
841 856
841 991
842 978
842 858
842 879
843 952
843 940
843 980
843 963
844 912
845 930
845 979
845 912
845 969
845 853
845 879
846 882
846 957
846 857
846 979
847 999
847 926
847 988
848 932
848 911
848 965
848 951
848 889
849 999
849 880
849 905
849 942
850 925
850 923
850 990
850 959
851 919
852 892
854 873
854 884
854 913
854 985
855 865
855 950
856 880
856 878
857 906
857 951
857 859
857 880
857 904
857 976
858 925
859 917
859 874
859 939
860 971
860 912
861 997
862 938
862 895
863 878
863 962
863 994
864 900
864 867
864 897
865 922
866 978
867 963
867 967
867 928
868 916
868 990
868 939
868 895
868 995
869 940
869 937
869 883
869 885
870 872
870 947
871 882
871 904
871 943
871 961
871 975
872 979
872 891
872 901
873 946
873 885
873 980
875 953
875 972
876 929
876 966
876 882
876 934
877 946
878 951
878 974
878 923
878 880
879 978
879 952
879 994
881 935
882 967
883 901
883 984
884 940
885 909
885 931
885 967
886 944
886 985
886 894
886 931
887 970
888 951
888 945
890 935
891 998
892 934
892 947
894 965
895 994
895 959
895 948
896 974
897 968
897 967
897 909
897 931
897 985
897 998
898 986
899 993
899 963
900 909
900 915
900 966
901 984
901 928
902 939
902 924
903 920
904 932
904 917
904 939
904 999
905 949
905 973
906 951
906 916
907 986
907 975
908 966
908 931
908 982
909 928
910 920
910 934
910 943
911 949
912 957
912 970
912 984
913 960
913 928
914 986
914 973
915 959
915 948
915 999
916 999
916 942
916 962
916 990
917 948
917 977
918 965
919 943
920 936
920 961
921 970
922 954
923 932
923 991
924 937
924 945
924 962
926 985
929 930
930 954
932 941
932 943
932 961
933 986
933 966
935 964
936 973
937 988
937 946
937 955
938 977
938 948
939 995
941 973
942 959
943 952
943 957
944 955
945 972
945 990
945 958
945 996
947 998
947 986
951 995
952 977
953 999
954 992
955 998
955 966
958 974
959 996
960 970
961 972
962 999
964 973
966 996
968 987
968 999
972 975
974 976
977 996
977 983
978 994
980 985
981 985
989 998
990 995
