0 655
0 858
0 207
0 613
0 477
0 514
0 472
0 7
0 662
1 650
1 950
1 396
1 514
1 770
1 180
1 407
1 499
1 306
1 148
1 288
1 304
1 349
1 574
1 804
1 885
2 124
2 383
2 811
2 562
2 828
2 808
2 361
2 416
2 168
2 14
2 675
2 906
3 234
3 796
3 601
3 937
3 206
3 664
3 259
3 116
3 613
3 62
3 117
3 132
3 163
3 375
3 579
3 836
3 957
4 357
4 684
4 362
4 765
4 876
4 244
4 117
4 172
4 771
4 90
4 144
4 216
4 293
4 738
4 740
4 909
4 964
5 215
5 667
5 419
5 624
5 70
5 511
5 705
5 653
5 773
5 528
5 228
5 236
5 530
5 926
5 972
6 248
6 381
6 637
6 339
6 300
6 92
6 65
6 244
6 625
6 667
6 707
6 768
6 465
6 29
6 33
6 408
6 543
6 684
6 709
6 906
6 912
6 971
7 342
7 76
7 576
7 395
7 389
7 594
7 315
7 433
7 418
7 213
7 339
7 240
7 189
7 297
7 776
7 909
7 969
7 991
8 538
8 420
8 204
8 571
8 865
8 605
8 49
8 764
8 723
8 545
8 669
8 690
8 72
8 318
8 471
8 568
8 774
8 881
8 944
9 263
9 100
9 567
9 297
9 148
9 685
9 53
9 207
9 373
9 533
9 593
9 661
9 768
9 783
9 795
9 994
10 155
10 276
10 874
10 337
10 675
10 425
10 392
10 632
10 988
10 605
10 843
10 217
10 713
10 877
10 984
11 504
11 77
11 912
11 18
11 17
11 114
11 267
11 303
11 517
11 753
11 790
11 812
11 876
11 975
12 517
12 905
12 160
12 212
12 977
12 292
12 221
12 499
12 866
12 915
13 839
13 676
13 772
13 279
13 983
13 658
13 43
13 224
13 986
13 18
13 170
13 260
13 306
13 654
13 830
13 943
14 991
14 191
14 491
14 942
14 278
14 595
14 147
14 166
14 852
14 168
14 262
14 302
14 318
14 344
14 395
14 474
14 494
14 624
14 715
14 829
14 848
14 898
14 939
15 150
15 16
15 427
15 512
15 133
15 135
15 159
15 310
15 347
15 376
15 472
15 486
15 488
15 628
15 688
15 763
15 787
16 978
16 753
16 97
16 829
16 221
16 346
16 840
16 980
16 804
16 853
16 112
16 160
16 578
16 585
16 640
16 645
16 693
16 946
16 969
17 338
17 617
17 489
17 406
17 52
17 768
17 552
17 594
17 171
17 975
17 213
17 738
17 499
17 194
17 65
17 170
17 611
17 733
18 807
18 163
18 136
18 816
18 445
18 902
18 504
18 59
18 64
18 161
18 201
18 216
18 217
18 258
18 275
18 326
18 417
18 530
18 665
18 924
19 153
19 829
19 804
19 396
19 379
19 608
19 184
19 197
19 375
19 476
19 512
19 609
19 646
19 652
19 768
19 805
19 884
19 911
20 206
20 897
20 430
20 585
20 825
20 868
20 342
20 776
20 576
20 96
20 44
20 183
20 328
20 964
21 239
21 86
21 601
21 382
21 582
21 223
21 597
21 264
21 784
21 489
21 985
21 128
21 257
21 824
21 892
21 951
22 748
22 521
22 723
22 715
22 103
22 479
22 289
22 501
22 217
22 265
22 275
22 323
22 383
22 398
22 484
22 603
22 775
23 27
23 121
23 721
23 573
23 143
23 908
23 669
23 172
23 878
23 40
23 34
23 139
23 399
23 719
23 734
23 774
23 779
23 828
23 921
24 31
24 850
24 660
24 984
24 307
24 544
24 930
24 681
24 712
24 223
24 627
24 644
24 919
25 224
25 205
25 709
25 298
25 141
25 232
25 738
25 873
25 734
25 406
25 598
25 446
25 183
25 586
25 805
25 121
25 267
25 269
25 513
25 587
25 660
25 931
25 976
26 232
26 92
26 975
26 310
26 817
26 86
26 131
26 152
26 268
26 274
26 275
26 355
26 428
26 463
26 603
26 613
26 621
26 753
26 783
26 971
27 980
27 532
27 40
27 834
27 802
27 921
27 671
27 895
27 343
27 115
27 362
27 459
27 632
27 656
27 766
27 781
27 898
28 206
28 549
28 696
28 35
28 69
28 93
28 177
28 300
28 328
28 341
28 453
28 720
28 779
28 799
28 808
29 269
29 629
29 605
29 50
29 392
29 501
30 936
30 944
30 708
30 484
30 130
30 160
30 226
30 340
30 356
30 439
30 998
31 332
31 252
31 970
31 215
31 406
31 668
31 533
31 882
31 301
31 154
31 740
31 816
31 749
31 336
31 367
31 56
31 203
31 605
31 624
31 784
32 369
32 390
32 324
32 630
32 984
32 534
32 484
32 596
32 605
32 33
32 38
32 111
32 133
32 204
32 356
32 469
32 481
32 545
32 752
32 782
32 881
33 869
33 412
33 907
33 81
33 727
33 144
33 310
33 140
33 177
33 341
33 417
33 542
33 589
33 668
33 675
34 676
34 735
34 828
34 176
34 270
34 573
34 179
34 204
34 354
34 438
34 542
34 550
34 630
34 681
34 689
34 690
34 700
34 760
34 782
35 325
35 468
35 523
35 948
35 738
35 665
35 672
35 168
35 173
35 323
35 435
35 555
35 709
35 724
35 768
35 848
36 522
36 772
36 456
36 960
36 361
36 38
36 879
36 147
36 731
36 270
36 392
36 230
36 111
36 266
36 376
36 462
36 467
36 496
36 562
36 782
37 293
37 406
37 296
37 936
37 461
37 313
37 97
37 429
37 251
37 137
37 209
37 250
37 729
37 991
38 59
38 833
38 596
38 143
38 459
38 320
38 223
38 334
38 453
38 472
38 655
38 984
38 988
38 990
39 328
39 136
39 81
39 80
39 326
39 301
39 580
39 142
39 165
39 218
39 295
39 517
39 565
39 567
39 592
39 753
39 814
39 872
39 970
40 153
40 148
40 71
40 72
40 550
40 545
40 930
40 392
40 476
40 575
40 723
40 324
40 104
40 158
40 173
40 459
40 506
40 568
40 571
40 643
40 717
40 888
41 440
41 328
41 947
41 364
41 977
41 801
41 88
41 704
41 45
41 99
41 167
41 489
41 767
41 806
42 706
42 518
42 667
42 637
42 138
42 90
42 894
42 975
42 58
42 889
42 712
42 96
42 62
42 345
42 554
42 567
42 765
42 880
43 851
43 116
43 431
43 585
43 906
43 769
43 266
43 857
43 144
43 207
43 224
43 234
43 261
43 326
43 328
43 707
43 986
44 799
44 452
44 190
44 845
44 328
44 676
44 155
44 335
44 564
44 183
44 334
44 186
44 224
44 263
44 745
44 820
45 716
45 233
45 63
45 364
45 513
45 732
45 925
45 253
45 160
45 187
45 284
45 784
45 884
46 284
46 365
46 953
46 100
46 391
46 892
46 360
46 125
46 398
46 454
46 477
46 497
46 564
46 683
46 756
46 830
46 958
47 493
47 760
47 860
47 617
47 281
47 429
47 133
47 251
47 829
47 134
47 122
47 762
47 296
47 532
47 922
47 315
47 376
47 388
47 461
47 485
47 973
48 638
48 348
48 991
48 928
48 328
48 735
48 178
48 222
48 548
48 646
48 664
48 776
48 957
49 902
49 652
49 607
49 123
49 260
49 354
49 337
49 833
49 659
49 72
49 828
49 314
49 700
49 71
49 484
49 605
50 944
50 484
50 495
50 595
50 685
50 690
50 865
50 201
50 210
50 214
50 470
50 757
50 759
50 879
50 930
51 338
51 393
51 132
51 803
51 863
51 340
51 670
51 737
52 786
52 626
52 269
52 210
52 98
52 508
52 209
52 280
52 329
52 578
52 595
52 625
52 655
52 742
52 816
52 872
52 880
52 912
53 914
53 328
53 348
53 464
53 456
53 257
53 359
53 683
53 264
53 980
53 54
53 86
53 272
53 326
53 717
53 951
53 991
54 264
54 93
54 174
54 211
54 261
54 452
54 462
54 582
54 825
54 860
54 870
54 983
55 814
55 735
55 981
55 897
55 79
55 958
55 328
55 873
55 118
55 718
55 807
55 868
56 627
56 232
56 737
56 213
56 81
56 297
56 617
56 744
56 138
56 438
56 991
57 222
57 248
57 760
57 118
57 132
57 328
57 334
57 452
57 807
57 997
58 780
58 886
58 947
58 92
58 216
58 268
58 362
58 583
58 623
58 644
58 795
58 861
58 971
59 155
59 326
59 882
59 275
59 707
59 765
59 607
59 631
59 400
59 509
59 695
60 68
60 528
60 513
60 181
60 936
60 83
60 545
60 75
60 100
60 149
60 175
60 209
60 306
60 328
60 640
60 663
60 855
60 941
60 946
60 985
60 996
61 772
61 706
61 541
61 316
61 445
61 916
61 434
61 990
61 337
61 67
61 323
61 414
61 620
61 724
61 730
61 807
62 157
62 213
62 939
62 258
62 216
62 753
62 524
62 218
62 297
62 339
62 511
62 677
62 691
62 728
62 765
62 876
62 927
63 412
63 349
63 805
63 661
63 160
63 387
63 448
63 477
63 488
63 646
63 915
64 626
64 724
64 705
64 114
64 112
64 130
64 248
64 345
64 349
64 463
64 481
64 509
64 566
64 572
64 780
64 789
64 902
64 907
64 924
64 929
65 277
65 691
65 906
65 668
65 864
65 428
65 688
65 81
65 90
65 140
65 185
65 215
65 280
65 355
65 381
65 418
65 508
65 525
65 577
65 734
65 876
65 924
66 926
66 418
66 907
66 117
66 740
66 768
66 784
66 662
66 395
66 428
66 267
66 458
66 817
66 599
66 513
66 151
66 164
66 216
66 276
66 765
66 837
67 954
67 202
67 503
67 359
67 220
67 107
67 872
67 665
67 176
67 221
67 253
67 338
67 583
67 991
68 728
68 593
68 358
68 657
68 916
68 792
68 127
68 643
68 148
68 169
68 303
68 400
68 406
68 652
68 673
68 761
68 849
68 885
68 969
69 249
69 435
69 431
69 584
69 382
69 797
69 325
69 223
69 822
69 991
69 440
69 522
69 699
69 451
69 551
69 178
69 234
69 231
69 356
69 335
69 279
69 949
69 968
69 248
69 272
69 185
69 341
69 684
69 594
69 471
69 595
69 811
69 238
69 444
69 771
69 469
69 144
69 190
69 200
69 205
69 224
69 256
69 316
69 319
69 327
69 328
69 365
69 374
69 475
69 585
69 610
69 620
69 747
69 870
69 912
69 995
70 799
70 546
70 585
70 152
70 876
70 508
70 298
70 475
70 250
70 146
70 163
70 210
70 415
70 436
70 444
70 684
70 795
70 923
70 965
71 282
71 144
71 140
71 387
71 501
71 111
71 800
71 178
71 433
71 802
71 913
72 964
72 152
72 295
72 690
72 874
72 104
72 918
72 176
72 168
72 217
72 572
72 723
72 748
73 831
73 449
73 226
73 354
73 85
73 141
73 328
73 381
73 614
73 673
73 834
73 849
73 862
74 184
74 608
74 883
74 867
74 350
74 471
74 689
74 130
74 175
74 271
74 466
74 604
74 655
74 672
74 987
74 989
75 174
75 207
75 693
75 397
75 194
75 651
75 793
75 471
75 569
75 84
75 130
75 275
75 347
75 364
75 466
75 576
75 744
75 770
75 980
76 126
76 832
76 492
76 279
76 359
76 845
76 157
76 470
76 236
76 658
76 660
76 822
77 408
77 465
77 232
77 909
77 926
77 433
77 613
77 98
77 182
77 788
77 315
77 331
77 611
77 734
77 780
77 869
78 585
78 299
78 304
78 980
78 859
78 932
78 422
78 982
78 946
78 175
78 95
78 349
78 805
78 109
78 130
78 156
78 246
78 410
78 411
78 436
78 480
78 514
78 557
78 583
78 710
78 767
78 840
78 855
78 896
78 915
78 973
79 719
79 564
79 82
79 177
79 328
79 588
79 740
79 761
79 956
80 210
80 298
80 959
80 882
80 737
80 392
80 102
80 136
80 196
80 331
80 511
80 566
80 720
80 926
80 971
81 533
81 236
81 432
81 727
81 289
81 682
81 112
81 168
81 341
81 532
81 567
81 570
81 699
82 328
82 556
82 477
82 126
82 272
82 855
82 867
83 87
83 488
83 884
83 824
83 296
83 642
83 769
83 108
83 150
83 199
83 208
83 288
83 346
83 397
83 418
83 439
83 540
83 544
83 663
84 849
84 883
84 934
84 364
84 574
84 193
84 838
84 281
84 122
84 977
84 404
84 159
84 359
84 609
84 631
85 402
85 729
85 425
85 690
85 104
85 501
85 587
85 652
85 689
85 963
86 779
86 563
86 284
86 868
86 978
86 492
86 125
86 231
86 237
86 279
86 283
86 436
86 587
86 597
86 616
86 964
86 979
87 375
87 126
87 170
87 478
87 829
87 296
87 569
87 697
87 450
87 99
87 166
87 167
87 184
87 189
87 280
87 686
87 688
87 725
87 824
87 866
87 936
87 960
88 399
88 318
88 516
88 479
88 324
88 746
88 241
88 230
88 390
88 184
88 664
88 930
89 197
89 209
89 502
89 622
89 813
89 793
89 306
89 905
89 977
89 93
89 199
89 346
89 368
89 427
89 529
89 595
89 859
89 983
90 374
90 662
90 229
90 570
90 403
90 547
90 566
90 609
90 813
90 858
90 875
90 912
91 306
91 219
91 479
91 685
91 105
91 114
91 343
91 544
91 782
91 898
91 986
92 171
92 880
92 667
92 329
92 668
92 98
92 315
92 417
92 479
92 740
92 829
92 949
92 984
93 991
93 582
93 786
93 766
93 760
93 461
93 930
93 201
93 796
93 809
93 835
94 154
94 395
94 102
94 285
94 861
94 567
94 780
94 315
94 454
94 418
94 533
94 617
94 651
94 653
94 705
94 982
95 299
95 619
95 917
95 128
95 744
95 806
95 824
95 716
95 149
96 569
96 495
96 930
96 820
96 881
96 794
96 130
96 320
96 453
96 848
96 896
96 931
97 734
97 970
97 707
97 478
97 619
97 806
97 580
97 363
97 700
97 118
97 246
97 381
97 434
97 439
97 520
97 535
97 621
97 763
97 973
98 144
98 931
98 142
98 697
98 792
98 162
98 210
98 433
98 499
98 509
98 530
98 644
98 880
99 244
99 910
99 195
99 999
99 678
99 574
99 960
99 607
99 407
99 884
99 813
99 535
99 847
99 476
99 208
99 328
99 620
99 778
99 917
99 989
100 735
100 694
100 696
100 248
100 835
100 243
100 786
100 357
100 606
100 284
100 191
100 254
100 125
100 135
100 177
100 226
100 549
100 682
100 754
100 957
101 190
101 398
101 346
101 120
101 249
101 328
101 359
101 414
101 492
101 851
101 935
101 995
102 861
102 446
102 117
102 301
102 624
102 507
102 445
102 409
102 180
102 218
102 315
102 389
102 577
102 604
102 668
102 684
102 737
102 886
102 961
103 138
103 657
103 148
103 921
103 711
103 919
103 629
103 539
103 677
103 965
103 383
103 217
103 479
103 581
103 890
104 954
104 971
104 553
104 972
104 875
104 434
104 409
104 420
104 660
104 262
104 731
104 641
104 539
104 343
104 689
104 320
104 202
104 265
104 266
104 278
104 435
104 438
104 572
104 848
105 478
105 350
105 370
105 292
105 461
105 787
105 672
105 557
105 197
105 209
105 514
105 652
105 673
105 701
105 715
105 917
105 947
105 980
106 524
106 685
106 289
106 324
106 484
106 204
106 314
106 490
106 702
106 777
106 942
107 256
107 560
107 970
107 666
107 929
107 122
107 244
107 373
107 445
107 473
107 567
107 589
107 734
107 767
108 686
108 306
108 688
108 770
108 608
108 558
108 246
108 525
108 122
108 194
108 499
108 622
108 133
108 299
108 644
108 693
108 805
109 785
109 148
109 378
109 486
109 512
109 160
109 862
109 368
109 125
109 306
109 314
109 347
109 364
109 535
109 586
109 763
109 806
110 933
110 845
110 153
110 220
110 252
110 273
110 308
110 451
110 467
110 588
110 644
110 796
110 814
110 900
110 951
111 557
111 404
111 565
111 802
111 685
111 438
111 462
111 904
111 147
111 172
111 416
111 656
111 708
111 774
111 905
111 988
112 328
112 389
112 882
112 412
112 301
112 872
112 912
112 869
112 927
112 644
112 963
112 798
112 197
113 582
113 365
113 597
113 686
113 303
113 277
113 328
113 468
113 678
113 679
113 687
113 692
113 964
114 314
114 764
114 833
114 392
114 781
114 278
114 241
114 334
114 602
114 641
114 723
114 953
115 155
115 425
115 420
115 139
115 270
115 544
115 846
115 501
115 212
115 326
115 390
115 454
115 491
115 629
115 630
116 870
116 308
116 676
116 252
116 286
116 398
116 431
116 579
116 610
116 809
116 960
117 996
117 183
117 216
117 310
117 618
117 408
117 920
117 317
117 456
117 594
117 684
117 832
118 809
118 815
118 261
118 745
118 613
118 631
118 763
118 233
118 751
118 586
118 792
118 609
118 296
118 804
118 645
118 195
118 321
118 350
118 399
118 413
118 434
118 564
118 574
118 590
118 652
118 672
118 695
118 696
118 806
118 862
118 905
118 999
119 844
119 974
119 220
119 293
119 391
119 272
119 970
119 733
119 590
119 805
119 296
119 573
119 431
119 897
120 493
120 991
120 190
120 861
120 222
120 277
120 284
120 421
120 681
120 785
120 791
120 807
121 910
121 921
121 865
121 383
121 595
121 752
121 172
121 235
121 262
121 438
121 775
121 782
121 808
121 833
121 857
122 797
122 594
122 133
122 680
122 732
122 233
122 194
122 657
122 792
122 916
122 209
122 364
122 388
122 511
122 578
122 622
122 849
123 946
123 828
123 383
123 148
123 328
123 466
123 486
123 488
123 866
124 417
124 749
124 419
124 507
124 298
124 182
124 691
124 331
124 972
124 349
124 619
124 238
124 173
124 576
124 861
125 319
125 563
125 492
125 743
125 198
125 293
125 328
125 356
125 523
125 595
125 686
125 735
125 807
125 981
126 243
126 931
126 220
126 328
126 431
126 480
126 493
126 536
126 829
126 832
126 845
126 933
126 937
127 519
127 200
127 328
127 708
127 363
127 947
127 778
127 151
127 303
127 441
127 477
127 537
127 936
128 716
128 806
128 708
128 590
128 946
128 919
128 280
128 303
128 321
128 515
128 916
129 931
129 148
129 280
129 462
129 841
129 852
129 904
129 524
129 819
129 965
129 173
129 291
129 296
129 328
129 333
129 354
129 471
129 516
129 521
129 596
129 752
129 794
129 800
129 846
129 878
130 533
130 788
130 842
130 448
130 688
130 434
130 290
130 884
130 346
130 580
130 748
130 759
130 164
130 203
130 296
130 370
130 480
130 513
130 710
130 722
131 563
131 389
131 475
131 765
131 927
131 229
131 675
131 367
131 594
131 926
132 937
132 493
132 256
132 169
132 764
132 177
132 340
132 492
132 520
132 536
132 592
132 616
132 699
132 809
132 851
133 482
133 842
133 762
133 847
133 474
133 175
133 476
133 746
133 148
133 626
133 688
133 751
133 932
134 679
134 989
134 449
134 350
134 221
134 448
134 941
134 883
134 885
134 388
134 763
134 805
134 917
135 906
135 946
135 477
135 195
135 184
135 513
135 820
135 356
135 611
135 628
135 840
135 987
136 140
136 138
136 533
136 301
136 244
136 920
136 156
136 848
136 144
136 222
136 267
136 475
136 481
136 655
136 720
136 902
137 872
137 906
137 530
137 150
137 358
137 762
137 910
137 640
137 586
137 788
137 828
137 187
137 379
137 535
137 658
137 855
137 956
138 618
138 326
138 509
138 861
138 761
138 373
138 300
138 792
138 672
138 222
138 329
138 530
138 653
138 692
138 734
138 971
139 174
139 328
139 724
139 713
139 506
139 612
139 965
139 366
139 158
139 495
139 550
139 596
139 689
139 704
139 733
139 841
140 998
140 880
140 146
140 378
140 580
140 167
140 275
140 285
140 345
140 428
140 554
140 653
140 720
140 726
140 761
140 856
140 858
140 906
140 987
141 162
141 269
141 849
141 898
141 216
141 567
141 653
141 674
141 789
142 825
142 699
142 475
142 310
142 931
142 864
142 329
142 446
142 980
142 171
142 258
142 902
143 225
143 529
143 312
143 232
143 788
143 884
143 640
143 826
143 930
143 711
143 731
143 266
143 748
144 458
144 310
144 970
144 236
144 909
144 780
144 227
144 776
144 987
144 882
144 276
144 175
144 223
144 655
145 958
145 589
145 273
145 149
145 820
145 404
145 550
145 848
145 453
145 333
145 472
145 484
145 490
145 757
146 382
146 644
146 975
146 637
146 662
146 229
146 210
146 315
146 441
146 651
146 718
146 815
146 817
146 991
147 975
147 358
147 802
147 852
147 615
147 241
147 307
147 371
147 498
147 554
147 572
147 629
147 752
147 808
147 811
148 381
148 912
148 739
148 253
148 280
148 604
148 701
148 710
148 801
149 193
149 449
149 798
149 847
149 233
149 946
149 884
149 842
149 899
149 393
149 436
149 486
149 605
149 673
149 833
149 998
150 423
150 292
150 604
150 859
150 184
150 376
150 457
150 488
150 590
150 838
151 226
151 936
151 810
151 701
151 159
151 895
151 685
151 191
151 242
151 358
151 388
151 598
151 619
151 621
151 778
151 842
151 856
152 531
152 373
152 907
152 784
152 227
152 720
152 939
152 594
152 238
152 326
153 606
153 601
153 201
153 591
153 338
153 328
153 536
153 435
153 699
153 543
153 985
153 905
153 833
153 277
153 290
153 319
153 325
153 357
153 447
153 459
153 747
153 796
153 983
154 891
154 929
154 751
154 794
154 164
154 703
154 710
154 938
155 391
155 328
155 836
155 205
155 270
155 279
155 402
155 444
155 559
155 584
155 603
155 683
155 978
155 991
156 280
156 574
156 649
156 669
156 199
156 268
156 462
156 551
156 557
156 652
156 674
156 867
156 905
156 977
157 433
157 784
157 168
157 962
157 198
157 252
157 345
157 442
157 516
157 727
157 891
158 248
158 597
158 459
158 230
158 235
158 265
158 483
158 550
158 794
158 880
158 965
159 328
159 987
159 197
159 167
159 422
159 762
159 725
159 619
159 477
159 193
159 195
159 688
159 729
159 855
159 982
160 214
160 932
160 885
160 678
160 485
160 680
160 940
160 208
160 250
160 370
160 378
160 388
160 599
160 744
161 611
161 668
161 880
161 267
161 341
161 530
161 553
161 593
161 626
161 690
161 807
161 858
161 938
161 976
162 570
162 818
162 232
162 873
162 734
162 432
162 350
162 182
162 339
162 395
162 489
162 566
162 594
162 605
162 684
162 976
163 328
163 305
163 279
163 996
163 330
163 185
163 367
163 452
163 706
163 825
163 897
163 964
164 703
164 432
164 720
164 458
164 244
164 902
164 315
164 618
164 623
164 705
164 869
165 428
165 448
165 467
165 504
165 509
165 566
165 581
165 726
165 823
165 854
165 938
166 419
166 677
166 344
166 302
166 481
166 524
166 546
166 759
166 802
166 908
166 963
166 998
167 648
167 223
167 873
167 409
167 710
167 195
167 941
167 246
167 219
167 486
167 545
167 599
167 609
167 659
167 856
167 886
167 952
167 985
168 785
168 786
168 863
168 816
168 481
168 324
168 781
168 550
168 539
168 289
168 516
168 771
168 404
168 506
168 865
168 685
168 826
169 300
169 463
169 927
169 509
169 886
169 728
169 268
169 271
169 466
169 530
169 603
169 619
169 734
169 757
169 854
169 931
169 933
169 952
170 293
170 598
170 749
170 364
170 893
170 271
170 999
170 810
170 960
170 640
170 557
170 905
170 396
170 197
170 685
170 191
170 208
170 306
170 363
170 537
170 628
171 737
171 891
171 552
171 229
171 642
171 228
171 238
171 625
171 740
171 789
171 803
171 920
172 645
172 438
172 575
172 871
172 390
172 878
172 173
172 216
172 392
172 539
172 940
172 962
172 988
173 447
173 613
173 344
173 615
173 521
173 320
173 337
173 501
173 266
173 425
173 495
173 602
173 630
173 696
173 865
173 999
174 220
174 860
174 178
174 948
174 328
174 205
174 343
174 324
174 518
174 584
175 492
175 508
175 437
175 226
175 233
175 884
175 915
175 383
175 295
175 477
175 991
176 853
176 659
176 238
176 337
176 518
176 639
176 723
177 797
177 520
177 452
177 949
177 531
177 328
177 576
177 436
177 574
177 809
177 986
178 785
178 991
178 531
178 365
178 338
178 424
178 868
178 905
178 310
178 328
178 382
178 493
178 824
178 953
179 966
179 887
179 267
179 594
179 400
179 513
179 450
179 629
179 562
179 487
179 453
179 192
179 278
179 345
179 405
179 445
180 292
180 862
180 491
180 646
180 281
180 328
180 480
180 680
180 741
180 944
180 956
180 973
181 861
181 514
181 457
181 426
181 744
181 946
181 841
181 821
181 932
182 327
182 891
182 362
182 408
182 409
182 434
182 463
182 695
182 753
182 819
182 953
183 991
183 971
183 301
183 216
183 554
183 618
183 970
183 740
183 945
183 449
183 984
183 307
183 210
183 269
183 345
183 594
183 720
183 837
184 745
184 674
184 233
184 838
184 599
184 336
184 358
184 324
184 409
184 697
185 225
185 377
185 440
185 991
185 312
185 719
185 328
185 330
185 331
186 316
186 845
186 305
186 214
186 322
186 331
186 623
186 603
186 466
186 286
186 330
186 365
186 471
186 492
186 563
187 480
187 347
187 640
187 859
187 251
187 303
187 364
187 474
187 490
187 328
187 378
188 394
188 346
188 366
188 324
188 484
188 247
188 387
188 675
188 984
189 920
189 281
189 982
189 200
189 208
189 317
189 347
189 420
189 457
189 557
189 778
189 842
190 198
190 284
190 422
190 426
190 903
190 907
191 328
191 817
191 433
191 640
191 379
191 367
191 969
191 437
191 862
191 220
191 675
192 452
192 930
192 771
192 455
192 496
192 521
192 600
192 659
192 721
193 668
193 688
193 194
193 491
193 328
193 447
193 816
193 968
194 400
194 466
194 893
194 672
194 352
194 647
194 372
194 376
194 485
194 525
194 599
194 657
194 829
194 856
194 976
195 407
195 251
195 805
195 321
195 754
195 782
195 925
196 837
196 458
196 698
196 971
196 298
196 739
196 866
196 240
196 301
196 479
196 530
196 576
196 844
197 937
197 716
197 313
197 399
197 621
197 649
197 708
197 752
197 855
198 933
198 283
198 957
198 447
198 328
198 636
198 493
198 892
198 964
198 519
198 504
198 263
198 294
198 694
198 814
198 867
198 941
198 976
199 934
199 304
199 461
199 288
199 400
199 434
199 838
199 466
199 368
199 722
199 712
200 391
200 953
200 202
200 220
200 328
200 442
200 443
200 684
200 743
200 749
200 892
200 955
200 974
200 991
201 237
201 223
201 635
201 393
201 727
201 886
201 434
201 458
201 592
201 658
202 382
202 861
202 223
202 279
202 283
202 328
202 338
202 423
202 598
202 797
202 826
202 958
203 436
203 907
203 750
203 776
203 504
203 666
203 707
203 607
204 216
204 428
204 383
204 643
204 612
204 320
204 904
204 846
204 777
204 800
204 219
204 390
204 765
204 826
204 888
205 822
205 305
205 353
205 338
205 368
205 510
206 257
206 531
206 497
206 785
206 427
206 452
206 544
206 626
206 692
207 414
207 576
207 484
207 310
207 389
207 526
207 566
207 625
207 699
207 721
207 985
208 293
208 352
208 850
208 361
208 410
208 426
208 725
208 804
208 884
209 305
209 662
209 473
209 321
209 526
209 840
209 910
209 788
209 714
209 376
209 798
209 829
210 406
210 906
210 644
210 927
210 987
210 409
210 502
210 426
210 828
210 817
210 939
211 518
211 934
211 223
211 361
211 451
211 535
211 566
211 581
211 627
211 809
212 638
212 267
212 376
212 466
212 500
212 829
212 540
212 280
212 788
212 915
212 722
212 290
212 821
212 838
212 937
213 601
213 310
213 269
213 972
213 419
213 637
213 509
213 517
213 709
213 728
213 695
213 228
213 321
213 436
213 511
213 650
213 858
213 873
213 891
214 949
214 809
214 786
214 779
214 525
214 879
214 262
214 222
214 249
214 328
214 456
214 479
214 519
214 573
214 715
214 914
215 924
215 662
215 560
215 517
215 709
215 328
215 368
215 507
215 726
215 784
215 816
215 861
215 882
216 248
216 873
216 625
216 547
216 875
216 768
216 504
216 912
216 906
216 228
216 285
216 341
216 508
216 517
216 530
216 706
216 772
216 963
217 444
217 782
217 821
217 846
217 641
217 260
217 365
217 612
217 827
217 882
217 967
218 391
218 259
218 297
218 818
218 276
218 695
218 707
218 757
218 317
218 397
218 568
218 595
218 899
218 326
218 650
218 687
218 740
219 617
219 909
219 245
219 639
219 404
219 993
219 444
219 270
219 289
219 454
219 481
219 568
219 611
219 643
219 659
219 713
219 746
220 385
220 991
220 231
220 239
220 379
220 421
220 424
221 579
221 526
221 346
221 513
221 363
221 478
221 558
221 916
221 403
221 562
221 378
221 437
221 485
222 323
222 779
222 690
222 621
222 672
222 692
222 803
223 591
223 634
223 328
223 319
223 786
223 527
223 377
223 937
223 791
223 601
223 824
223 259
223 337
223 353
223 365
223 385
223 536
223 823
223 877
223 966
224 342
224 597
224 991
224 394
224 259
224 658
224 239
224 804
224 393
224 707
225 325
225 316
225 555
225 430
225 256
225 694
225 772
225 785
225 792
225 839
225 851
226 449
226 304
226 403
226 419
226 434
226 437
226 520
226 558
226 619
226 847
226 862
226 945
226 999
227 319
227 935
227 229
227 823
227 812
227 987
227 473
227 509
227 250
227 300
227 886
228 258
228 637
228 891
228 428
228 732
228 262
228 576
228 684
228 926
228 976
228 990
229 864
229 285
229 295
229 328
229 389
229 423
229 504
229 560
229 720
229 768
229 938
229 994
230 328
230 730
230 701
230 495
230 318
230 711
230 843
230 371
230 479
230 521
230 613
230 782
231 468
231 601
231 335
231 709
231 366
231 325
231 328
231 435
231 481
231 799
231 919
231 966
232 726
232 902
232 517
232 626
232 389
232 625
232 720
232 244
232 433
232 539
232 652
232 740
232 776
232 875
233 729
233 526
233 678
233 916
233 246
233 297
233 328
233 370
233 429
233 477
233 482
233 661
233 733
233 852
233 995
234 248
234 312
234 548
234 654
234 662
234 360
234 456
234 482
234 606
234 670
234 786
234 930
234 983
235 326
235 733
235 748
235 404
235 366
235 469
235 490
235 600
235 687
235 775
235 813
235 857
236 259
236 328
236 576
236 740
236 812
236 289
236 462
236 603
237 294
237 735
237 799
237 256
237 331
237 663
237 974
237 986
237 991
238 413
238 808
238 314
238 643
238 254
238 383
238 455
238 459
238 833
239 282
239 844
239 400
239 243
239 259
239 571
239 606
239 791
239 796
239 897
239 933
240 328
240 784
240 589
240 684
240 446
240 269
240 463
240 497
240 566
240 749
240 776
240 869
241 341
241 929
241 697
241 340
241 575
241 490
241 372
241 940
241 320
241 318
241 521
241 843
241 289
241 405
241 756
241 963
242 261
242 635
242 914
242 327
242 991
242 328
242 282
242 892
242 381
242 385
242 403
242 480
242 511
242 544
242 957
242 966
242 968
243 327
243 259
243 356
243 286
243 357
243 365
243 614
243 630
243 748
243 779
244 468
244 291
244 674
244 742
244 750
244 653
244 826
244 381
244 815
244 873
245 474
245 715
245 834
245 343
245 438
245 371
245 571
245 372
245 421
245 529
245 541
245 562
245 643
245 659
245 918
245 919
246 530
246 801
246 722
246 672
246 409
246 437
246 368
246 390
246 363
246 461
246 574
246 646
246 767
246 866
247 815
247 812
247 712
247 752
247 289
247 521
247 633
247 922
247 425
247 265
247 879
247 278
247 328
247 524
247 542
247 713
247 781
247 869
247 898
247 988
248 319
248 328
248 653
248 734
248 310
248 346
248 440
248 456
248 597
248 625
248 690
248 706
248 863
249 531
249 328
249 955
249 935
249 342
249 966
249 860
249 551
249 556
249 327
249 585
249 696
249 788
249 948
249 953
250 737
250 607
250 396
250 801
250 403
250 450
250 819
250 631
250 701
250 770
250 792
251 526
251 884
251 336
251 532
251 628
251 673
252 272
252 327
252 627
252 318
252 328
252 365
252 536
252 541
252 551
252 642
252 876
253 477
253 910
253 491
253 590
253 878
253 973
254 485
254 392
254 689
254 274
254 462
254 472
254 984
254 654
254 731
254 786
255 322
255 749
255 780
255 433
255 975
255 412
255 463
255 728
255 771
255 976
256 327
256 522
256 610
256 851
256 272
256 435
256 536
256 601
256 696
256 825
256 831
256 990
256 996
257 286
257 328
257 797
257 890
258 667
258 355
258 757
258 613
258 446
258 918
258 276
258 698
258 734
258 854
258 882
258 994
259 658
259 676
259 692
259 548
259 614
259 581
259 617
259 425
259 443
259 541
259 706
259 899
259 900
260 561
260 289
260 748
260 479
260 432
260 515
260 793
260 913
261 323
261 279
261 584
261 966
261 902
261 867
261 535
261 769
261 328
261 330
261 346
261 529
261 705
261 914
262 287
262 467
262 712
262 392
262 853
262 921
262 462
262 629
262 501
262 405
262 455
262 495
262 565
262 587
263 338
263 564
263 601
263 523
263 322
263 752
263 804
263 851
263 914
263 991
264 585
264 815
264 770
264 488
264 702
264 272
264 277
264 353
264 435
264 563
264 597
264 623
264 795
264 861
264 943
264 953
265 538
265 369
265 383
265 922
265 857
265 746
265 918
265 828
265 573
265 542
265 456
265 494
265 505
265 524
265 630
265 690
265 781
265 903
265 904
265 930
266 520
266 653
266 769
266 771
266 467
266 494
266 721
266 689
266 865
266 487
266 314
266 404
266 711
266 898
267 650
267 726
267 959
267 852
267 921
267 465
267 466
267 505
267 821
267 851
267 854
267 861
267 902
267 906
268 876
268 729
268 867
268 778
268 269
268 511
268 543
268 553
268 554
268 681
268 861
268 961
269 816
269 709
269 637
269 880
269 789
269 886
269 341
269 273
269 345
269 567
269 726
269 776
269 780
269 823
269 872
270 895
270 361
270 274
270 641
270 834
270 344
270 477
270 481
270 759
270 777
270 879
271 975
271 651
271 434
271 550
271 341
271 628
271 692
271 769
271 862
271 973
272 398
272 601
272 814
272 735
272 679
272 384
272 669
272 344
272 279
272 305
272 536
273 536
273 901
273 873
273 902
273 705
273 924
273 972
273 373
273 418
273 423
273 742
273 750
274 279
274 949
274 344
274 568
274 895
274 596
274 712
274 752
274 879
274 285
274 454
274 656
274 681
274 759
274 878
275 382
275 322
275 348
275 665
275 567
275 446
275 931
275 666
275 798
275 425
275 463
275 586
275 594
275 626
275 924
276 435
276 301
276 709
276 328
276 381
276 417
276 565
276 570
276 786
276 938
277 648
277 510
277 831
277 995
277 679
277 996
277 845
277 284
277 640
277 899
277 337
277 330
277 444
277 881
278 964
278 291
278 655
278 501
278 498
278 354
278 399
278 571
278 681
278 802
278 899
278 922
278 992
279 627
279 670
279 328
279 680
279 925
279 382
279 638
279 717
280 701
280 806
280 586
280 604
280 729
280 583
280 411
280 480
280 646
280 651
280 740
280 741
280 792
280 981
281 815
281 497
281 714
281 652
281 701
281 328
281 352
281 448
281 482
281 491
281 558
281 922
282 382
282 933
282 492
282 311
282 887
282 509
282 318
282 328
282 634
282 807
282 949
283 414
283 794
283 581
283 753
284 328
284 581
284 877
284 845
284 938
284 402
284 674
284 824
285 315
285 698
285 533
285 695
285 594
285 511
285 945
285 395
285 530
285 553
285 586
285 589
285 720
285 734
285 887
286 414
286 786
286 634
286 713
286 328
286 385
286 518
286 563
286 647
286 745
287 975
287 512
287 930
287 314
287 383
287 433
288 309
288 466
288 960
288 379
288 558
288 787
288 932
288 937
289 727
289 320
289 328
289 690
289 875
289 888
290 388
290 306
290 346
290 528
290 733
290 778
290 946
291 662
291 749
291 505
291 554
291 701
291 462
291 292
291 383
291 603
292 941
292 347
292 621
292 528
292 369
292 977
293 435
293 538
293 591
293 547
293 294
293 468
293 692
293 815
293 830
293 897
294 503
294 394
294 359
294 610
294 986
294 375
294 529
294 983
294 353
294 463
294 514
294 544
294 589
294 835
294 914
294 966
295 606
295 329
295 749
295 603
295 817
295 703
295 861
296 657
296 378
296 299
296 339
296 363
296 410
296 449
296 456
296 460
296 558
296 569
296 583
296 608
296 705
296 769
296 936
296 945
296 969
297 389
297 783
297 644
297 362
297 428
297 570
297 907
297 770
297 352
297 534
297 655
297 738
297 823
297 863
298 433
298 560
298 301
298 328
298 355
298 360
298 511
298 517
298 541
298 655
298 695
298 789
298 795
298 972
298 987
299 751
299 792
299 370
299 448
299 499
299 498
299 358
299 378
299 502
299 521
299 647
299 824
299 861
299 870
300 447
300 553
300 929
300 408
300 310
300 560
300 570
300 753
300 768
301 728
301 446
301 875
301 577
301 329
301 565
301 511
301 665
301 684
301 707
301 812
302 418
302 899
302 314
302 320
302 444
302 483
302 524
302 467
302 470
302 596
302 782
302 848
302 988
303 996
303 313
303 989
303 512
303 944
303 478
303 526
303 763
303 804
303 352
303 716
303 762
303 916
304 468
304 331
304 792
304 448
304 769
304 471
304 386
304 514
304 602
304 801
304 829
304 910
305 949
305 323
305 382
305 509
305 918
305 531
305 835
305 957
306 799
306 972
306 512
306 363
306 628
306 787
306 590
306 328
306 434
306 618
306 708
307 313
307 821
307 483
307 495
307 455
307 992
307 660
307 643
307 898
307 562
307 469
307 545
307 561
307 800
308 335
308 440
308 444
308 519
308 753
309 697
309 710
309 944
310 552
310 970
310 998
310 761
310 961
310 707
310 650
310 328
310 459
310 517
310 603
310 727
310 876
310 924
310 960
311 933
311 797
311 440
311 835
311 996
311 794
311 328
311 538
311 564
311 610
311 836
312 377
312 822
312 335
312 336
312 325
312 328
312 424
312 611
312 679
312 687
312 756
312 860
312 877
312 890
312 996
313 532
313 884
313 379
313 710
313 434
313 472
313 722
313 858
314 442
314 853
314 811
314 843
314 438
314 399
314 334
314 506
314 420
314 874
314 344
314 467
314 637
314 761
315 687
315 891
315 906
315 737
315 617
315 724
315 748
315 331
315 347
315 598
315 698
315 705
315 726
315 742
316 620
316 328
316 964
316 623
316 365
316 468
316 592
316 597
316 601
316 634
316 698
316 935
316 966
316 994
316 995
317 419
317 409
317 406
317 547
317 765
317 959
317 961
317 971
318 552
318 878
318 712
318 561
318 746
318 324
318 899
318 545
318 600
318 462
318 675
318 923
318 808
318 544
318 506
318 819
319 351
319 322
319 803
319 845
319 452
319 328
319 404
319 643
319 877
320 324
320 405
320 467
320 472
320 506
320 524
320 682
320 821
320 888
321 360
321 909
321 729
321 792
321 604
321 619
321 328
321 429
321 885
322 635
322 328
322 756
322 523
322 556
322 540
322 775
322 335
322 374
322 522
322 610
322 670
322 796
322 914
323 839
323 556
323 328
323 906
323 644
324 822
324 908
324 834
324 671
324 420
324 572
324 603
324 656
324 706
324 774
324 857
324 923
325 414
325 356
325 635
325 627
325 868
325 869
325 328
325 616
325 664
325 743
325 888
326 597
326 676
326 906
326 726
326 446
326 617
326 650
326 972
326 936
326 455
326 820
326 533
326 576
327 943
327 978
327 591
327 328
327 507
327 539
327 345
327 584
327 632
327 848
327 869
328 638
328 342
328 809
328 676
328 968
328 877
328 890
328 546
328 772
328 845
328 588
328 440
328 335
328 825
328 991
328 870
328 634
328 835
328 974
328 551
328 398
328 914
328 531
328 597
328 394
328 831
328 356
328 548
328 541
328 863
328 581
328 636
328 443
328 868
328 839
328 901
328 935
328 754
328 791
328 431
328 696
328 468
328 815
328 797
328 351
328 785
328 955
328 964
328 760
328 519
328 529
328 616
328 510
328 670
328 735
328 382
328 683
328 937
328 822
328 860
328 620
328 584
328 523
328 601
328 674
328 869
328 566
328 577
328 959
328 929
328 795
328 511
328 726
328 396
328 480
328 850
328 944
328 649
328 448
328 980
328 697
328 952
328 607
328 794
328 874
328 685
328 506
328 820
328 384
328 660
328 990
328 612
328 348
328 353
328 360
328 377
328 402
328 411
328 424
328 429
328 430
328 437
328 442
328 464
328 503
328 520
328 538
328 579
328 614
328 627
328 635
328 654
328 658
328 664
328 682
328 694
328 723
328 730
328 743
328 755
328 814
328 819
328 830
328 855
328 862
328 881
328 882
328 894
328 897
328 918
328 943
328 949
328 976
328 981
329 955
329 473
329 818
329 489
329 594
329 650
329 642
329 938
330 654
330 527
330 393
330 739
330 334
330 477
330 692
330 735
330 803
330 844
330 863
330 948
331 877
331 807
331 339
331 823
331 515
331 784
331 481
331 453
331 473
331 489
331 504
331 625
332 424
332 924
332 850
332 382
332 443
332 536
332 926
332 937
333 420
333 459
333 616
333 846
333 872
333 942
334 598
334 893
334 685
334 718
334 374
334 413
334 459
334 534
334 648
334 661
334 759
334 798
334 808
334 818
334 843
334 872
334 878
334 963
335 527
335 597
335 510
335 529
335 599
335 620
335 664
335 796
335 897
336 709
336 925
336 647
336 793
336 708
336 535
336 380
336 376
336 429
336 471
336 686
336 944
337 745
337 740
337 401
337 911
337 405
337 808
337 462
337 624
337 759
337 774
337 984
338 756
338 892
338 662
338 359
338 733
338 943
339 706
339 423
339 931
339 345
339 623
339 631
339 691
339 734
339 737
339 963
340 599
340 956
340 804
340 673
340 794
340 422
340 576
340 605
340 608
340 925
341 627
341 533
341 929
341 406
341 423
341 517
341 625
341 702
342 588
342 546
342 375
342 905
342 896
342 374
342 376
342 393
342 493
342 540
342 844
343 709
343 899
343 438
343 685
343 821
343 423
343 454
343 774
343 820
343 866
343 919
344 837
344 641
344 962
344 399
344 484
344 544
344 753
344 771
344 802
344 826
344 984
345 456
345 705
345 515
345 598
345 432
345 994
345 526
345 488
345 505
345 617
345 637
345 756
345 912
346 622
346 480
346 729
346 499
346 824
346 866
346 708
346 762
346 450
346 672
346 763
346 798
346 608
346 380
346 429
346 477
346 507
346 862
347 938
347 569
347 790
347 502
347 499
347 605
347 609
347 611
347 883
347 917
348 900
348 832
348 541
348 740
349 896
349 911
349 629
349 514
349 672
349 744
349 884
349 915
350 560
350 810
350 725
350 569
350 751
350 884
350 977
350 942
350 512
350 672
350 744
350 932
350 934
351 991
351 809
351 735
351 520
351 536
351 620
351 887
351 566
351 416
351 752
352 588
352 448
352 426
352 466
352 499
352 528
352 688
352 824
353 679
353 385
353 991
353 546
353 983
353 391
353 944
354 771
354 993
354 752
354 600
354 781
354 777
354 453
354 494
354 539
354 630
354 660
354 712
354 821
354 862
354 867
355 756
355 617
355 408
355 668
355 768
355 513
355 417
355 421
355 734
355 878
355 940
356 564
356 779
356 747
356 440
356 642
356 838
356 949
356 972
357 735
357 822
357 888
357 401
357 439
357 597
357 759
357 937
358 847
358 917
358 642
358 944
358 649
358 572
358 396
358 411
358 586
358 673
358 973
359 991
359 844
359 978
359 360
359 926
360 772
360 683
360 456
360 991
360 373
360 796
360 890
361 964
361 801
361 752
361 794
361 399
361 400
361 462
361 489
361 490
361 615
361 821
361 908
362 754
362 823
362 637
362 894
362 668
362 611
362 433
362 560
362 753
362 598
362 762
362 521
363 810
363 471
363 934
363 572
363 466
363 885
363 958
364 553
364 985
364 652
364 714
364 461
364 485
364 502
364 838
364 855
364 866
364 934
365 785
365 658
365 414
365 839
365 784
366 974
366 641
366 438
366 689
366 639
366 682
366 690
366 881
366 930
367 815
367 985
367 893
367 368
367 422
367 514
367 778
368 991
368 560
368 729
368 722
368 751
368 942
368 466
368 733
369 708
369 437
369 646
369 810
369 461
369 531
369 856
370 457
370 502
370 472
370 513
370 514
370 525
370 558
370 849
371 730
371 616
371 838
371 712
371 677
371 421
371 569
371 765
371 826
371 990
372 725
372 521
372 629
372 483
372 677
372 405
372 490
372 494
372 545
373 389
373 419
373 423
373 938
373 626
373 904
373 406
373 644
373 789
373 860
373 868
374 692
374 868
374 696
374 440
374 687
374 791
374 805
374 815
374 953
374 983
375 430
375 437
375 521
375 527
375 541
375 588
375 589
375 991
376 457
376 806
376 732
376 767
376 885
376 847
376 630
376 413
376 576
376 813
376 896
377 588
377 606
377 975
377 518
377 536
377 687
377 953
377 957
378 583
378 850
378 502
378 885
378 893
378 999
378 411
378 661
378 692
378 725
378 770
378 866
378 928
379 720
379 736
379 400
379 980
379 383
379 530
379 583
379 828
379 846
380 751
380 885
380 449
380 480
380 499
380 744
380 888
380 982
381 886
381 489
381 905
381 726
381 793
382 851
382 555
382 582
382 385
382 974
382 603
382 772
382 957
383 910
383 562
383 690
383 404
383 965
383 459
383 470
383 496
383 524
383 615
383 800
383 922
384 846
384 476
384 992
384 967
384 715
384 386
384 474
384 505
384 572
384 644
384 802
384 808
384 828
384 833
384 848
385 797
385 452
385 510
385 844
385 890
385 541
385 674
385 839
386 767
386 883
386 410
386 413
386 449
386 388
386 390
386 537
386 590
386 862
387 487
387 470
387 572
387 647
387 821
387 859
387 984
388 567
388 884
388 397
388 500
388 457
388 461
388 590
388 801
388 805
388 856
388 861
388 866
388 991
389 742
389 869
389 655
389 749
389 406
389 597
389 616
389 812
389 844
390 454
390 852
390 469
390 718
390 425
390 712
390 782
391 635
391 427
391 492
391 506
391 610
391 657
391 756
391 785
391 902
391 957
392 780
392 649
392 723
392 421
392 454
392 547
392 600
392 606
392 631
392 671
392 750
392 777
392 899
392 940
392 993
393 809
393 867
393 579
393 671
393 870
394 974
394 825
394 978
394 634
394 706
394 519
394 659
394 900
395 981
395 577
395 906
395 961
395 412
395 506
395 458
395 724
395 734
395 931
396 560
396 504
396 611
396 678
396 450
396 532
396 652
396 758
396 769
396 913
397 594
397 569
397 502
397 833
397 449
397 467
397 485
397 488
397 566
397 590
397 645
397 649
397 889
397 894
398 949
398 614
398 519
398 585
398 766
398 890
398 591
398 548
398 588
398 636
398 882
398 955
398 981
399 451
399 460
399 521
399 800
399 615
399 852
399 632
399 629
399 605
399 641
399 777
400 946
400 558
400 583
400 622
400 681
400 778
400 973
401 883
401 946
401 778
401 787
401 941
402 953
402 791
402 831
402 541
402 568
402 921
402 998
403 590
403 411
403 557
403 437
403 960
403 514
403 681
403 500
403 739
403 744
404 971
404 573
404 405
404 438
404 479
404 521
404 633
404 639
404 828
404 916
404 922
405 428
405 678
405 490
405 659
405 565
405 671
406 473
406 823
406 489
406 552
406 678
406 698
406 724
406 726
406 875
406 918
406 985
407 980
407 867
407 563
407 574
407 628
407 658
407 661
407 801
407 973
408 709
408 424
408 445
408 455
408 567
408 937
408 989
409 850
409 456
409 466
409 580
409 862
409 982
409 991
410 611
410 840
410 460
410 774
410 499
410 578
410 629
410 663
410 693
410 736
411 886
411 517
411 950
411 744
411 701
411 713
411 632
411 448
411 547
411 793
411 856
412 961
412 587
412 595
412 617
412 674
412 684
412 689
412 768
412 776
412 972
413 434
413 537
413 553
413 664
413 866
413 929
413 999
414 807
414 851
415 613
415 734
415 637
415 750
415 473
415 757
415 891
415 912
415 475
415 512
415 530
415 554
415 570
415 619
415 631
415 705
416 771
416 918
416 472
416 572
416 588
416 592
416 612
416 633
416 639
416 641
416 819
416 841
416 848
416 853
416 921
416 965
416 967
417 475
417 742
417 547
417 473
417 489
418 902
418 734
418 511
418 738
418 787
418 864
418 924
419 445
419 558
419 858
419 861
419 912
419 929
419 965
420 547
420 545
420 469
420 685
420 841
420 503
420 771
420 888
420 919
421 725
421 490
421 615
421 671
421 718
421 774
421 842
422 610
422 535
422 672
422 716
422 788
422 932
422 485
422 714
422 499
422 693
422 474
422 590
422 680
423 783
423 667
423 987
423 768
423 566
423 751
423 469
423 574
423 586
423 709
423 991
424 756
424 692
424 536
424 648
424 540
424 443
424 561
424 597
424 694
424 966
424 974
425 616
425 847
425 988
425 752
425 904
425 715
425 521
425 774
425 826
425 882
425 913
426 906
426 586
426 989
426 893
426 457
426 487
426 471
426 580
426 729
426 778
426 842
426 917
427 552
427 824
427 859
427 586
427 802
427 436
427 514
427 528
427 619
427 706
427 790
427 875
427 893
428 703
428 722
428 710
428 589
428 666
428 853
428 866
428 926
429 464
429 652
429 829
429 500
429 448
429 688
429 631
429 499
429 580
429 599
429 640
429 661
429 859
429 893
430 546
430 592
430 636
430 670
430 842
430 863
431 636
431 579
431 981
431 559
431 563
431 637
431 660
431 720
431 892
431 937
432 761
432 517
432 929
432 725
432 768
432 970
433 703
433 873
433 705
433 994
433 625
433 524
433 623
433 664
433 670
433 789
433 924
433 959
434 925
434 604
434 643
434 685
434 744
435 957
435 597
435 579
436 597
436 531
436 664
436 800
436 807
436 830
436 863
437 628
437 716
437 441
437 449
437 471
437 474
437 512
437 528
437 532
437 767
437 855
437 997
438 531
438 780
438 913
438 677
438 459
438 470
438 605
438 671
438 681
438 748
438 790
438 990
438 993
439 691
439 608
439 893
439 883
439 992
439 526
439 787
439 911
440 991
440 452
440 492
440 516
440 662
440 862
441 703
441 448
441 896
441 946
441 499
441 883
441 804
441 525
441 530
441 621
441 758
441 999
442 591
442 938
442 963
442 734
442 505
442 618
442 790
442 646
442 491
442 535
442 598
442 961
442 971
443 636
443 949
443 900
443 937
443 455
443 549
443 810
444 869
444 655
444 749
444 640
444 859
444 829
444 857
444 878
444 498
444 612
444 669
444 549
444 595
444 685
444 775
444 922
445 738
445 926
445 812
445 452
445 517
445 525
445 644
445 753
445 795
445 819
445 928
445 972
446 784
446 886
446 674
446 724
446 498
446 508
446 695
446 817
446 872
446 894
446 913
446 975
447 754
447 570
447 581
447 737
447 770
447 863
448 604
448 813
448 645
448 652
448 651
448 722
448 769
448 883
448 955
449 697
449 561
449 495
449 578
449 589
449 790
449 952
450 883
450 480
450 849
450 855
450 910
450 990
451 897
451 754
451 662
451 526
451 807
452 933
452 867
452 962
452 794
452 900
452 913
453 935
453 895
453 865
453 524
453 704
453 737
453 748
454 635
454 705
454 923
454 516
454 746
454 775
454 804
454 874
454 898
454 913
455 602
455 600
455 811
455 501
455 524
455 562
455 565
455 721
455 781
455 856
455 904
455 990
456 756
456 791
456 520
456 672
456 835
457 944
457 947
457 798
457 917
457 850
457 525
457 504
457 735
458 959
458 665
458 731
458 753
458 757
458 768
458 924
459 651
459 748
459 483
459 921
459 467
459 534
459 795
459 801
459 992
460 920
460 580
460 905
460 725
460 790
460 947
460 628
460 647
460 801
460 889
461 517
461 640
461 524
461 559
461 580
461 813
462 860
462 827
462 857
462 853
462 874
462 675
462 501
462 495
463 665
463 698
463 872
463 703
463 543
463 570
463 598
463 695
463 753
464 492
464 580
464 676
464 753
464 786
464 832
464 844
464 933
465 743
465 475
465 959
465 565
466 567
466 607
466 911
466 663
466 532
466 576
467 701
467 895
467 723
467 821
467 469
467 517
467 577
467 615
467 846
467 877
468 614
468 754
468 518
468 743
468 836
468 538
468 582
468 588
468 760
468 953
468 957
468 958
468 981
469 577
469 748
469 967
469 899
469 713
469 723
469 632
470 746
470 545
470 700
470 781
470 572
470 587
470 669
470 923
471 889
471 833
471 520
471 526
471 599
471 631
471 732
472 886
472 864
472 741
472 534
472 476
472 888
472 572
472 895
472 639
472 575
472 501
472 596
473 976
473 662
473 623
473 737
473 928
473 961
474 500
474 925
474 810
474 563
474 673
474 741
474 900
474 973
475 533
475 816
475 907
475 767
475 547
475 618
475 687
475 795
475 909
476 597
476 780
476 715
476 808
476 857
476 506
476 562
476 575
476 771
477 810
477 798
477 535
477 862
477 867
477 491
477 532
477 773
477 948
478 668
478 917
478 792
478 802
478 557
478 647
478 740
479 935
479 648
479 509
479 669
479 990
479 571
479 874
479 671
479 545
479 602
479 654
479 923
479 947
480 956
480 824
480 982
480 513
480 640
480 716
480 723
480 788
480 842
480 911
480 973
481 967
481 918
481 484
481 483
481 881
481 718
481 561
481 495
481 544
481 596
481 612
482 892
482 991
482 719
482 503
482 638
482 799
482 937
482 996
483 707
483 751
483 811
483 539
484 950
484 712
484 764
484 685
484 485
484 494
484 600
484 602
484 711
484 718
485 797
485 880
485 790
485 944
485 513
485 956
485 714
485 973
486 809
486 938
486 795
486 778
486 621
486 502
486 708
486 673
486 767
486 590
486 595
486 913
486 944
486 972
487 576
487 895
487 640
487 759
487 942
487 967
488 503
488 905
488 733
488 946
488 884
488 798
488 619
488 762
489 563
489 504
489 909
489 684
489 637
489 554
489 724
489 511
489 570
490 930
490 878
490 819
490 940
490 992
490 879
490 997
490 865
490 811
490 671
491 691
491 950
491 642
491 988
491 586
491 739
491 915
491 977
492 546
492 592
492 699
492 863
492 996
492 756
492 890
492 599
492 930
492 527
492 933
493 914
493 885
493 683
493 706
493 785
494 811
494 595
494 572
494 774
494 826
494 899
495 529
495 688
495 967
495 833
495 895
495 566
495 571
495 629
495 768
495 919
496 967
496 919
496 918
496 612
496 669
496 715
496 605
496 690
496 838
496 860
496 879
496 943
496 951
497 836
497 745
497 591
497 564
497 518
497 551
497 556
497 563
497 706
497 754
497 821
498 718
498 573
498 808
498 852
499 991
499 514
499 628
499 631
499 512
499 744
499 955
500 813
500 732
500 577
500 590
500 686
500 986
501 516
501 537
501 539
501 600
501 659
501 681
501 688
501 800
501 848
501 973
501 988
502 578
502 849
502 521
502 537
502 647
502 934
502 945
503 966
503 797
503 745
503 749
504 653
504 543
504 603
504 931
504 511
504 642
504 571
504 898
504 776
504 858
504 938
504 976
505 707
505 507
505 789
505 963
505 552
505 509
505 603
505 665
505 709
505 924
505 938
506 841
506 565
506 519
506 543
506 575
506 671
506 700
506 764
506 952
507 617
507 650
507 570
507 750
507 776
507 926
508 556
508 927
508 560
508 530
508 567
508 858
508 674
508 593
508 688
508 837
508 970
509 667
509 617
509 963
509 783
509 977
509 613
509 780
509 817
509 858
511 728
511 924
511 737
511 761
511 938
511 611
511 515
511 705
511 906
511 931
511 976
511 996
512 787
512 689
512 806
512 910
513 662
513 647
513 680
513 514
513 594
513 866
514 574
514 813
514 805
514 905
514 526
514 922
514 700
514 762
515 533
515 976
515 776
515 902
515 881
515 567
516 897
516 907
516 560
516 526
516 568
516 820
516 671
516 660
516 715
516 865
516 656
516 677
516 759
516 808
516 834
516 908
517 692
517 880
517 749
517 737
517 789
517 873
517 818
517 589
518 556
518 699
519 803
519 591
519 790
519 799
519 807
519 815
519 836
519 856
520 991
520 986
520 786
521 537
521 969
521 595
521 562
521 940
521 904
521 843
521 542
521 713
521 721
521 731
521 898
522 844
522 592
522 797
522 919
523 532
523 554
523 581
523 592
523 714
523 835
523 937
524 928
524 961
524 962
524 702
524 888
524 846
524 881
524 541
524 562
524 841
524 852
524 918
524 942
525 780
525 621
525 729
525 838
525 629
525 580
525 647
525 686
525 787
525 790
525 932
525 946
526 980
526 883
526 558
526 569
526 607
526 642
526 678
526 693
526 701
526 828
526 999
527 582
527 845
527 694
527 534
527 814
527 890
528 897
528 749
528 763
528 716
528 874
528 609
528 788
528 856
529 845
529 654
529 636
529 743
529 863
530 665
530 629
530 641
530 650
530 709
531 791
531 956
531 848
531 543
531 563
531 808
531 822
531 969
532 884
532 911
532 944
532 982
532 631
533 863
533 611
533 650
533 637
533 684
534 606
534 871
535 616
535 638
535 894
535 956
535 640
535 557
535 647
535 755
535 769
535 810
535 883
535 969
536 968
536 832
536 717
536 951
536 670
536 966
536 991
537 680
537 805
537 790
537 701
537 857
537 899
538 664
538 789
538 953
538 964
538 978
539 760
539 831
539 747
539 962
539 562
539 675
540 954
540 911
540 722
540 578
540 729
541 548
541 597
541 974
541 581
542 952
542 787
542 923
542 843
543 851
543 882
543 552
543 985
543 749
543 816
543 932
544 723
544 660
545 606
545 710
545 985
545 903
545 918
545 626
545 671
545 718
545 813
545 898
546 949
546 733
546 636
546 859
547 627
547 816
547 975
547 626
547 961
547 698
547 994
547 919
547 638
547 695
547 902
547 912
548 892
548 562
548 661
548 716
548 928
548 964
549 822
549 991
549 648
549 825
549 585
549 961
549 783
549 554
549 559
549 634
549 635
549 965
550 895
550 571
550 605
550 967
550 997
551 890
551 683
551 914
551 648
551 844
552 637
552 780
552 567
552 906
552 615
552 695
552 700
552 816
552 902
552 926
552 975
553 979
553 650
553 975
553 795
553 972
553 583
553 922
553 662
553 744
554 765
554 780
554 907
554 886
554 771
555 564
555 582
555 579
555 760
555 814
556 709
556 579
556 640
556 664
556 743
556 807
556 928
556 991
556 995
557 648
557 862
557 813
557 673
557 850
557 856
558 788
558 574
558 736
558 915
558 944
559 933
559 825
559 587
559 641
559 648
559 755
559 892
560 761
560 818
560 566
560 684
560 737
560 667
560 668
560 817
561 595
561 721
561 771
561 764
561 888
562 846
562 568
562 571
562 629
562 648
562 808
562 828
562 845
562 899
562 987
563 638
563 815
563 814
563 592
563 627
563 657
563 720
563 892
563 998
564 814
564 822
564 935
564 670
564 581
564 601
564 757
564 860
564 914
565 577
565 665
565 883
565 700
565 748
565 643
565 632
565 984
565 633
565 759
565 781
565 878
565 908
565 911
565 922
565 961
566 817
566 938
566 594
566 987
566 878
567 623
567 761
567 705
567 675
567 737
567 812
567 920
568 774
568 777
568 997
568 808
568 846
568 748
568 865
568 592
568 656
568 721
569 991
570 900
570 613
570 784
570 929
570 909
570 757
570 827
570 666
570 765
571 848
571 852
571 595
571 715
572 900
572 675
572 602
572 871
572 802
572 690
572 731
572 746
573 751
573 913
573 904
573 656
573 752
574 822
574 927
574 911
574 586
574 849
575 865
575 629
575 967
576 836
576 910
576 652
576 741
577 589
577 873
577 740
577 929
577 942
577 655
577 690
577 792
577 851
577 891
578 849
578 982
578 751
578 908
579 743
579 900
579 928
580 790
580 778
580 925
580 583
580 710
580 911
581 815
581 831
581 966
581 745
581 654
581 627
581 747
581 825
581 836
581 892
582 658
582 964
582 733
582 614
582 687
582 791
582 990
583 744
583 640
583 642
583 960
583 685
583 651
583 702
583 843
583 889
583 989
584 986
584 797
584 614
584 954
584 636
584 691
584 733
584 978
585 958
585 699
585 735
585 858
585 859
585 874
585 979
586 693
586 645
586 850
586 725
586 910
587 918
587 639
587 827
587 846
587 629
587 821
588 991
588 627
588 996
588 636
588 995
589 970
589 726
589 816
589 646
590 657
590 969
590 884
590 693
590 798
590 645
590 769
591 933
591 814
591 834
591 766
592 809
592 719
592 697
593 719
593 780
593 729
593 674
593 858
593 860
593 864
593 879
593 968
594 615
594 724
594 728
594 734
595 866
595 930
595 711
595 899
595 682
595 782
595 931
596 936
596 712
596 633
596 639
596 638
596 721
596 748
596 853
597 809
597 839
597 730
598 854
598 617
598 626
599 892
599 750
599 622
599 941
599 716
599 685
599 744
599 945
600 902
600 908
600 771
600 930
600 632
600 718
600 802
601 905
601 676
601 679
601 807
601 886
601 890
601 951
601 983
602 730
602 952
602 930
602 723
602 768
602 771
602 913
602 919
603 738
603 894
603 837
603 776
603 823
603 637
603 906
603 998
603 975
603 929
603 724
604 824
605 853
605 682
605 794
605 612
605 763
606 610
606 745
606 735
606 769
606 905
606 617
606 670
606 706
606 815
606 951
606 953
606 991
607 917
607 999
608 725
608 947
609 674
609 982
609 697
609 686
610 996
610 797
610 754
610 956
611 986
611 931
611 663
611 959
612 764
612 848
613 623
613 675
614 955
614 694
614 772
614 803
614 991
614 620
614 877
615 875
615 770
615 881
615 800
615 811
615 908
616 683
616 844
616 917
616 704
616 664
616 798
617 891
617 738
617 861
617 720
617 886
618 789
618 666
618 740
618 645
618 626
618 924
619 705
619 701
619 867
619 840
619 748
619 755
619 806
619 850
619 989
620 779
620 719
620 736
620 807
621 947
621 688
621 631
621 729
621 911
621 739
621 733
621 792
622 751
622 714
622 693
622 773
622 878
622 956
622 993
623 961
623 990
624 975
624 662
624 761
624 891
624 882
624 790
624 765
624 887
625 964
625 761
625 684
625 971
626 687
626 886
626 858
626 650
626 655
627 706
627 938
628 699
628 932
629 724
629 632
629 935
630 658
630 712
630 852
630 913
630 965
630 782
630 642
631 961
631 792
631 829
631 642
631 643
631 649
631 960
632 767
632 721
632 899
632 633
632 711
632 800
632 874
632 914
632 923
632 925
632 988
633 727
633 934
633 677
633 800
633 826
634 761
634 702
634 830
635 687
635 740
635 795
636 835
636 977
636 996
637 809
637 662
637 667
637 818
637 959
637 748
637 939
638 964
638 666
638 733
638 723
638 841
638 949
638 957
638 995
639 987
639 656
639 690
639 732
639 984
640 762
640 944
640 896
640 680
640 744
641 803
641 941
641 962
641 997
641 689
641 682
641 777
641 685
641 677
641 984
641 774
642 964
642 838
642 669
642 810
642 913
643 966
643 865
643 913
643 682
644 987
644 720
644 972
644 990
645 936
645 946
645 657
645 692
645 744
645 988
646 736
646 793
647 672
647 758
647 984
647 866
648 692
648 832
648 679
648 798
648 789
648 807
649 925
649 736
649 916
649 806
649 697
649 762
649 842
650 765
650 818
650 705
650 727
650 789
650 858
650 999
651 956
651 911
651 714
651 693
651 661
651 672
651 801
651 941
652 798
652 910
652 693
652 801
652 849
652 885
652 988
653 695
653 703
653 668
653 707
653 737
653 906
654 658
654 979
654 870
654 937
654 943
655 668
656 904
656 764
656 828
656 723
656 853
656 881
657 824
657 980
657 916
657 661
657 681
657 773
657 881
657 946
658 796
658 870
658 766
658 831
658 863
658 974
658 990
659 662
659 728
659 880
659 729
659 685
659 819
659 798
659 997
660 919
660 843
660 777
660 702
660 733
660 771
660 918
660 961
661 840
661 884
661 862
661 788
661 716
661 767
661 933
662 929
662 765
662 703
662 749
662 927
662 728
662 678
662 875
662 880
662 975
663 688
663 787
663 729
663 673
663 744
664 692
664 831
664 934
664 690
664 935
664 991
665 753
665 702
665 775
665 882
666 880
666 927
666 668
666 776
666 958
666 976
667 920
667 888
667 991
668 886
668 971
668 817
668 998
669 826
669 721
669 731
669 781
670 958
670 807
670 749
670 887
670 764
670 803
670 825
670 992
671 683
671 824
671 874
671 962
671 712
671 828
671 821
671 865
671 834
671 802
671 959
671 966
672 876
672 698
672 806
672 850
672 722
672 792
672 842
672 859
673 793
673 969
673 688
673 686
674 875
674 861
674 720
674 728
674 753
675 746
675 682
675 677
675 764
676 803
676 725
677 762
677 723
677 782
678 787
678 917
678 758
678 823
678 849
678 953
679 689
679 799
679 966
680 889
680 805
680 764
680 793
680 896
681 976
681 682
681 748
681 965
681 711
681 713
681 764
681 903
681 923
681 990
682 785
682 975
682 993
682 895
682 871
682 764
682 840
682 852
683 991
683 717
683 960
683 785
684 873
684 823
685 689
685 775
685 992
686 977
686 925
686 896
686 967
687 860
687 954
687 754
687 792
688 832
688 754
688 909
688 763
688 709
688 727
688 773
688 793
688 864
688 869
689 976
689 752
689 830
689 991
690 824
690 782
690 723
690 922
690 712
690 895
690 865
690 808
690 921
690 947
691 737
691 971
691 843
692 949
692 991
692 706
692 870
692 902
692 996
693 934
693 710
693 849
693 917
693 932
693 977
694 743
694 928
694 978
695 880
695 705
695 975
695 837
695 924
695 741
695 873
695 952
695 991
696 754
696 978
696 966
696 873
696 840
696 813
697 708
697 805
698 764
698 742
699 706
699 746
700 971
700 834
701 725
701 829
701 865
702 898
702 923
703 728
703 724
703 761
703 773
704 764
704 993
704 759
705 795
705 872
705 793
705 975
706 947
706 825
707 753
707 820
707 800
707 765
707 869
707 882
707 938
708 809
708 911
708 778
708 849
709 970
709 873
709 972
709 929
709 932
709 819
709 720
709 737
709 963
710 920
710 885
710 810
711 894
711 722
711 718
711 731
711 764
711 820
711 975
712 794
712 761
712 834
713 745
713 936
713 806
713 903
713 723
713 848
714 949
714 896
714 769
714 758
714 787
714 840
715 769
715 759
715 834
716 751
716 754
716 790
717 991
717 743
718 848
718 782
718 940
719 953
719 835
719 729
719 943
719 958
720 816
721 940
721 871
721 794
721 811
721 846
722 907
722 767
722 944
722 741
723 808
723 988
723 794
724 818
724 742
724 788
725 729
725 941
725 787
725 934
725 801
725 855
726 786
726 869
726 783
726 854
726 772
726 894
726 933
727 987
727 873
727 859
727 734
727 748
727 998
728 754
728 853
728 823
728 884
729 944
729 744
729 850
729 980
730 870
730 760
730 954
730 799
730 877
730 978
730 991
731 889
731 770
731 820
731 988
731 782
733 884
733 767
733 790
733 752
733 911
733 944
734 972
734 887
734 971
734 799
734 860
734 875
734 902
735 975
735 787
735 845
736 999
736 840
736 769
736 739
736 859
736 916
737 757
737 938
737 931
737 750
738 864
738 882
738 906
738 958
738 993
739 788
739 751
739 804
739 834
739 855
739 889
740 920
740 746
740 765
740 854
740 863
740 959
742 971
742 906
743 797
743 943
743 991
744 913
744 930
744 898
744 917
745 928
745 853
745 962
745 967
745 995
746 918
746 781
746 759
746 841
746 936
747 871
747 957
748 881
748 992
748 800
748 988
749 880
749 751
749 784
749 789
749 876
749 882
749 923
749 926
750 987
750 924
750 837
750 883
751 892
751 778
751 805
751 817
751 952
752 846
752 918
752 921
753 780
753 926
754 892
754 991
754 835
755 891
755 810
755 792
755 867
755 936
755 838
755 960
755 987
756 991
756 949
756 780
757 884
757 848
758 830
758 883
758 770
758 787
758 841
758 801
759 993
759 888
759 904
759 997
760 981
761 783
761 795
761 886
761 958
761 975
762 856
762 842
762 883
762 982
763 936
763 801
763 956
763 765
763 875
763 980
764 938
764 923
764 819
764 808
764 820
764 963
764 967
766 991
766 943
766 805
766 830
766 956
767 832
767 883
767 893
767 788
767 829
767 905
767 936
768 939
768 864
769 812
769 798
769 915
769 916
769 980
770 883
771 800
771 821
771 888
771 899
771 901
771 918
772 796
772 799
772 829
772 953
773 787
773 917
773 820
773 778
773 847
774 781
774 826
774 811
774 874
774 899
774 819
774 991
775 777
775 865
775 918
775 795
775 908
776 955
776 812
776 854
776 873
776 887
777 881
777 921
777 811
777 844
777 913
778 810
778 785
779 877
779 954
779 844
779 878
780 837
780 880
780 907
780 924
780 959
781 904
781 800
782 903
782 823
783 873
783 795
783 854
783 991
784 938
784 894
784 810
784 899
784 963
784 967
784 976
785 851
785 933
786 814
786 933
786 791
786 847
786 900
786 951
787 855
787 867
788 925
788 947
788 810
788 867
788 911
789 812
789 837
789 854
789 873
790 953
790 941
790 792
790 910
791 844
791 815
791 918
791 866
792 960
792 793
792 833
792 851
792 953
792 977
793 976
793 915
793 798
793 896
793 942
793 858
793 999
794 833
794 820
794 942
795 961
796 897
796 809
796 877
796 951
796 991
797 991
797 807
797 844
798 862
798 847
798 827
798 963
799 825
799 954
799 991
800 995
800 857
800 874
800 981
801 972
801 889
802 976
802 952
802 852
802 806
803 927
803 851
804 941
804 840
804 893
804 915
804 960
805 936
805 911
806 915
806 941
806 969
807 874
807 817
807 837
807 978
808 967
808 899
808 828
808 923
808 898
808 903
808 969
809 890
809 949
809 991
810 917
811 888
811 904
811 833
811 918
811 988
812 860
812 929
813 838
813 896
814 947
814 995
815 851
815 893
815 974
816 864
816 882
816 906
816 978
817 931
817 864
817 851
817 886
818 938
819 831
819 967
819 895
819 918
820 905
820 919
820 921
820 853
820 841
821 972
821 833
821 828
821 993
822 906
822 863
822 991
823 959
823 994
823 894
823 972
823 970
823 927
823 947
824 866
824 887
825 964
825 890
826 827
827 967
828 923
828 919
828 941
829 936
829 950
830 991
831 986
833 898
834 841
834 874
834 843
835 977
835 960
836 839
836 966
836 920
839 981
840 973
840 884
840 919
840 956
841 846
841 919
841 871
841 898
841 963
842 862
842 941
842 947
843 852
844 948
845 897
845 883
845 894
846 992
846 852
846 984
847 975
847 885
847 884
847 909
848 897
848 919
849 884
849 989
849 855
849 862
850 991
851 991
851 955
852 898
852 940
853 881
853 930
853 994
854 939
854 970
854 991
855 957
855 946
856 927
856 884
856 952
857 934
858 998
858 942
858 922
859 875
859 932
859 868
859 910
859 917
860 892
860 868
860 958
861 891
861 893
861 906
862 865
862 925
863 870
863 937
865 878
867 905
867 985
868 921
868 930
869 973
869 880
869 906
870 995
870 948
871 879
871 965
872 929
872 964
872 986
873 931
873 888
873 971
874 951
875 879
875 930
876 927
876 980
876 994
877 901
877 880
877 954
877 974
878 907
878 972
878 881
878 988
878 923
879 940
879 888
879 978
881 923
882 929
882 987
883 911
883 941
884 887
884 980
885 917
885 944
885 945
886 890
886 987
887 925
887 956
888 991
888 993
888 902
888 916
888 988
888 990
889 910
890 949
890 957
890 914
890 953
891 959
891 963
892 958
892 991
892 983
893 980
893 917
893 964
894 920
894 939
896 934
897 979
898 903
900 956
901 954
902 972
903 967
903 970
904 984
904 940
905 999
905 917
905 932
905 969
906 970
906 929
906 935
908 948
909 929
910 917
910 936
911 915
911 945
911 970
911 985
912 936
913 930
913 990
914 986
914 978
915 964
915 934
915 980
916 995
917 976
917 936
917 973
918 930
918 990
919 995
921 970
921 930
921 987
923 940
924 994
924 988
925 980
928 991
929 956
930 993
932 937
932 946
932 991
933 991
934 969
934 993
934 948
934 985
935 964
935 948
937 951
937 943
938 963
938 956
944 974
946 973
948 957
949 964
950 968
950 960
950 977
952 960
952 973
954 962
954 984
954 991
955 958
956 980
957 991
957 964
959 972
960 999
962 980
962 965
965 988
966 970
966 999
970 971
977 999
979 995
981 983
985 989
988 991
991 996
