0 349
0 618
0 653
0 568
0 140
0 258
1 716
1 619
1 13
1 647
1 817
2 740
2 750
2 891
2 836
2 720
2 974
2 107
2 459
2 699
2 716
2 945
3 72
3 930
3 279
3 432
3 318
3 322
3 444
3 669
3 763
4 624
4 206
4 272
5 104
5 872
5 131
5 36
5 391
5 535
5 774
5 859
6 233
6 148
6 358
6 360
6 752
6 906
6 922
7 269
7 746
7 668
7 271
7 201
7 361
7 588
7 798
8 267
8 987
8 371
8 145
8 767
8 791
8 685
8 166
8 415
8 510
8 680
8 831
9 935
9 307
9 959
9 996
9 530
9 148
9 936
9 143
9 333
9 808
10 790
10 49
10 178
10 540
10 740
10 776
10 900
11 110
11 503
11 580
12 910
12 391
12 466
12 691
13 968
13 986
14 939
14 716
14 970
14 668
14 767
14 708
14 685
14 34
14 370
14 429
14 550
14 721
15 550
15 352
15 612
15 140
15 32
15 106
15 449
16 430
16 132
16 135
16 139
16 250
16 292
16 428
16 460
16 623
17 163
17 718
17 543
17 786
17 734
17 801
17 920
18 452
18 534
18 30
18 41
18 71
18 171
18 579
18 668
18 717
18 842
18 851
19 886
19 279
19 672
19 449
19 514
19 566
19 690
19 973
20 152
20 305
20 407
20 475
21 969
21 960
21 191
21 201
21 634
21 944
22 998
22 699
22 154
22 319
22 149
22 466
22 596
22 828
22 954
23 624
23 823
23 222
23 61
23 279
23 354
23 474
23 597
23 981
24 669
24 492
24 754
24 151
24 266
24 275
24 523
24 734
24 883
25 738
25 497
25 342
25 390
25 425
25 538
26 557
26 279
26 38
26 147
26 392
26 452
26 945
27 411
27 279
27 850
27 697
27 665
28 296
28 386
28 608
28 120
28 86
28 78
28 750
29 620
29 592
29 311
29 574
29 652
29 837
29 996
30 392
30 774
30 895
30 863
30 558
30 74
30 123
30 878
31 982
31 468
31 48
31 744
31 568
31 727
31 751
32 70
32 645
32 486
32 279
32 76
32 248
33 129
33 127
33 172
33 217
33 298
34 728
34 75
34 505
34 641
34 677
34 829
35 524
35 103
35 566
35 599
35 764
36 655
36 186
36 850
36 344
36 375
36 670
37 419
37 640
37 554
37 508
37 604
38 175
38 273
38 436
38 942
38 414
38 43
38 329
38 343
38 515
39 492
39 69
39 926
39 956
40 279
41 928
41 673
41 988
42 380
42 222
42 491
42 263
42 868
42 314
42 526
42 553
43 886
43 333
43 834
43 254
43 584
43 732
44 213
44 672
44 339
44 606
44 935
45 426
45 710
45 276
45 279
45 548
45 320
45 824
45 172
45 105
45 153
46 358
46 57
46 347
46 596
46 599
47 189
47 168
47 502
47 800
48 395
48 984
48 881
48 260
48 331
48 561
48 862
49 369
49 332
49 681
49 995
50 55
50 330
50 984
50 181
50 712
50 413
50 510
50 860
51 151
51 279
51 534
51 951
51 78
51 974
51 215
51 397
52 683
52 127
52 152
53 692
53 577
53 615
54 758
54 209
54 661
54 821
54 932
54 939
54 977
55 562
55 273
55 755
55 791
55 796
55 944
56 745
56 990
56 63
56 721
56 910
56 60
56 176
56 362
56 380
56 395
56 446
56 467
56 648
56 823
56 837
57 335
57 122
57 275
57 276
57 374
57 526
57 706
57 710
57 908
57 913
58 174
58 116
58 325
58 580
58 658
58 705
59 142
59 211
59 852
59 296
59 303
59 625
59 646
59 884
59 959
59 969
59 972
60 573
60 504
60 581
60 69
60 113
60 173
60 588
60 806
60 943
60 948
61 984
61 524
61 753
61 869
62 474
62 199
62 328
62 183
62 255
62 404
62 415
62 438
62 724
63 254
63 935
63 716
63 926
63 770
63 730
63 759
63 857
64 957
64 114
64 203
64 351
64 429
65 499
65 444
65 279
65 512
65 570
66 827
66 170
66 112
66 636
66 85
67 990
67 928
67 82
67 390
67 657
67 791
68 952
68 655
68 279
68 671
68 145
68 486
68 918
68 984
69 286
69 668
69 945
69 478
69 850
69 119
69 665
69 858
70 842
70 122
70 206
70 224
70 262
70 710
70 758
71 289
71 523
71 662
71 96
71 276
71 359
72 99
72 111
72 722
73 513
73 667
73 590
73 997
74 219
74 683
74 533
74 728
74 87
74 242
74 443
75 905
75 698
75 161
75 801
75 251
75 397
75 410
75 796
76 354
76 560
76 431
76 533
77 92
77 275
77 904
78 640
78 335
78 631
78 145
78 421
78 452
78 757
79 85
79 86
79 158
79 449
79 458
79 558
79 781
79 828
79 895
80 107
80 147
80 763
80 369
80 843
80 619
81 335
81 547
81 917
81 215
81 703
81 771
81 869
81 992
82 586
82 684
82 847
82 830
82 148
82 778
82 153
82 466
82 675
83 113
83 255
83 233
83 91
83 497
83 518
83 578
83 908
84 957
84 527
84 176
84 105
84 712
84 877
84 192
84 329
84 582
84 648
84 666
84 673
84 718
84 857
85 486
85 391
85 971
85 507
85 783
86 377
86 770
86 141
86 316
86 840
86 412
86 601
86 737
86 863
86 935
87 355
87 298
87 648
87 187
87 922
88 437
88 755
88 662
88 97
88 461
88 490
88 493
88 727
88 862
89 124
89 356
89 876
89 687
90 147
90 880
90 647
90 723
90 312
90 607
91 244
91 126
91 463
91 579
91 954
92 279
92 278
92 410
92 612
92 592
92 441
92 679
93 423
93 893
93 746
93 476
93 501
93 970
94 791
94 543
94 218
94 585
95 339
95 283
95 318
95 771
96 205
96 623
96 734
96 967
96 231
96 460
96 698
97 806
97 388
97 876
97 552
98 437
98 479
98 389
98 381
98 831
98 328
98 152
99 595
99 320
99 268
99 343
99 355
99 906
100 335
100 659
100 855
101 481
101 864
101 279
101 626
101 569
101 655
102 325
102 214
102 920
103 938
103 981
103 356
103 948
103 572
104 400
104 403
104 166
104 445
104 452
104 763
105 117
105 693
105 245
105 341
105 410
105 421
106 351
106 292
106 320
107 800
107 721
107 273
107 540
107 581
107 135
107 876
107 922
107 947
108 255
108 831
108 324
108 139
108 673
109 279
109 859
109 605
109 272
109 306
109 316
109 330
109 947
110 913
110 324
110 366
110 588
110 721
110 963
111 245
111 891
111 714
111 384
111 610
112 790
112 370
112 556
112 179
112 901
112 379
112 435
112 623
113 608
113 662
113 801
114 266
114 490
114 309
114 279
114 516
114 766
115 358
115 279
115 261
115 443
115 856
115 943
116 613
116 707
116 441
116 428
116 350
116 574
116 242
116 281
116 263
116 405
116 536
117 156
117 666
117 125
117 241
117 574
117 752
118 445
118 302
118 946
118 463
118 717
118 288
118 294
118 893
119 488
119 401
119 514
119 230
119 738
119 964
120 278
120 415
120 195
120 445
120 556
120 924
121 193
121 132
121 830
121 305
121 405
121 513
121 573
121 774
122 547
122 906
122 703
122 123
122 485
122 613
122 884
123 279
123 368
123 142
123 146
123 406
123 474
123 573
124 170
124 460
124 736
124 743
125 394
125 812
125 976
125 425
125 785
126 521
126 734
126 917
127 252
127 835
127 189
127 319
127 844
127 816
127 649
127 727
127 967
127 144
127 439
127 537
127 547
128 287
128 550
128 774
128 643
128 693
128 771
129 396
129 134
129 620
129 924
129 774
129 951
130 663
130 279
130 632
130 469
130 910
130 213
130 216
130 407
130 636
130 818
131 150
131 565
131 624
131 761
131 810
131 995
132 946
132 538
132 173
132 447
132 479
132 598
132 803
132 840
133 573
133 837
133 297
133 964
133 528
133 546
133 203
133 684
134 869
134 363
134 463
135 650
135 941
135 220
135 290
135 346
135 397
135 533
135 752
135 925
135 986
136 891
136 887
136 953
136 464
136 852
137 228
137 271
137 340
137 620
137 773
138 950
138 279
138 627
138 209
138 394
138 503
138 621
139 776
139 421
139 602
139 860
140 577
140 470
140 496
140 614
140 618
140 684
140 916
140 979
141 356
141 215
141 775
141 973
142 603
142 261
142 459
142 497
142 565
142 635
142 644
142 700
142 769
143 277
143 319
143 575
144 382
144 911
144 419
144 337
144 881
144 360
144 849
144 149
144 161
144 568
144 898
145 382
145 276
146 749
146 629
146 231
146 443
146 478
147 964
147 785
147 742
147 516
147 182
147 233
147 389
147 521
147 705
147 947
148 797
148 434
148 159
148 875
149 960
149 337
149 523
149 223
149 195
149 240
149 310
149 341
149 425
150 572
150 432
151 363
151 400
151 452
151 984
151 236
151 329
151 611
152 732
152 804
152 299
152 420
152 697
152 355
152 940
153 524
153 981
153 862
153 256
154 213
154 329
154 941
155 481
155 279
155 373
155 670
155 177
155 978
156 210
156 395
156 350
156 934
156 696
156 893
157 217
157 578
158 563
158 271
158 890
158 724
159 893
159 280
159 826
159 887
160 749
160 956
160 444
160 261
160 353
160 379
160 421
160 960
161 364
161 166
161 310
161 338
161 847
162 642
162 226
162 307
162 398
163 310
163 304
163 192
163 202
164 763
164 374
164 420
164 449
164 493
164 635
165 305
165 177
165 275
165 281
165 332
166 176
166 913
166 770
167 440
167 858
167 802
168 827
168 307
168 549
169 646
169 456
169 851
169 815
169 453
169 840
169 304
169 249
169 590
169 956
170 706
170 205
170 443
170 808
170 310
170 572
170 301
170 371
170 532
170 569
171 827
171 760
171 578
171 709
172 329
172 267
172 701
172 876
172 424
172 509
173 189
173 316
173 504
173 578
173 603
173 679
174 581
174 851
174 175
174 257
174 266
174 539
175 980
175 880
175 914
176 989
176 826
176 331
176 369
176 620
177 292
177 967
178 986
178 262
178 675
179 802
179 371
179 249
179 354
179 844
179 907
179 951
180 343
180 676
180 443
180 937
180 361
180 471
180 677
180 820
180 895
181 905
181 227
181 261
181 262
181 279
181 301
181 523
181 740
181 891
182 919
182 990
182 448
182 284
182 212
182 278
182 476
182 836
183 654
183 354
183 460
183 480
183 807
183 908
184 254
184 721
184 237
184 743
185 688
185 218
186 351
186 259
186 285
186 574
186 597
186 773
187 864
187 507
187 337
187 704
187 468
187 786
188 957
188 730
188 500
189 640
189 309
189 398
189 331
190 620
190 799
191 471
191 469
191 761
192 743
192 229
192 804
192 955
192 652
192 687
193 817
193 774
193 535
193 654
194 725
194 225
194 279
194 846
195 971
195 627
195 262
195 310
195 395
196 245
196 902
196 742
196 279
196 761
196 853
196 877
197 224
197 577
197 765
197 624
197 516
197 850
197 922
198 604
198 289
198 895
198 921
198 881
198 638
198 281
198 305
198 425
198 840
198 841
199 554
199 786
199 410
199 956
199 612
199 624
199 774
199 779
200 272
200 976
200 301
200 336
200 544
201 412
201 439
201 240
201 617
201 793
201 863
202 255
202 279
202 780
202 691
203 989
203 881
203 680
203 855
204 479
204 258
204 279
204 268
204 504
204 511
204 656
204 942
205 699
205 210
205 335
205 279
205 393
205 500
206 579
206 726
206 324
206 673
207 895
207 792
207 406
207 910
207 666
207 515
208 257
208 286
208 711
208 803
208 926
209 930
209 680
209 503
209 513
209 652
210 487
210 955
210 449
210 472
210 896
211 822
211 707
211 439
211 689
211 832
211 851
212 676
213 512
213 378
213 875
213 431
213 674
213 723
214 632
214 644
215 634
215 687
215 828
215 251
215 416
215 519
216 695
216 847
216 805
216 560
216 625
216 895
217 240
217 503
217 693
217 976
218 226
218 452
218 713
218 524
218 510
218 242
218 406
218 507
219 358
219 220
219 332
219 363
219 451
219 577
219 784
219 850
219 979
220 917
220 261
220 808
221 707
221 906
221 520
221 588
222 224
222 532
222 360
222 730
223 388
223 541
223 829
223 949
224 405
224 382
225 897
225 252
225 347
225 436
225 532
225 623
225 663
225 749
225 827
225 872
225 877
225 887
226 362
226 291
226 860
226 954
227 614
227 353
227 465
227 860
228 575
228 821
228 408
228 448
228 559
228 626
229 368
229 993
229 656
229 771
230 366
230 346
230 502
230 665
230 868
231 745
231 733
231 526
231 542
232 274
232 895
232 703
232 735
232 919
233 716
233 683
233 709
233 463
233 648
233 554
234 419
234 367
234 521
234 630
235 819
235 288
236 777
236 831
236 356
236 921
236 338
236 910
237 378
237 512
237 240
237 660
237 819
238 810
238 284
238 635
238 244
238 919
238 929
239 711
239 702
239 686
239 963
239 847
239 519
239 596
240 618
240 535
240 244
240 247
240 425
241 528
241 433
241 986
241 357
241 710
242 296
242 347
242 288
242 724
243 556
243 253
243 506
243 599
243 653
243 969
244 818
244 469
244 843
245 745
245 691
246 298
246 648
246 259
246 615
247 964
247 540
247 654
247 761
248 860
248 710
249 723
250 694
250 912
250 530
250 312
250 901
250 262
250 279
250 437
250 501
250 679
250 744
250 876
250 895
251 266
251 920
251 994
251 719
252 986
253 674
253 279
253 454
253 895
254 867
254 722
254 663
254 930
254 737
254 269
254 273
254 356
254 856
255 270
255 883
256 311
256 615
256 471
256 955
256 507
256 663
256 895
257 301
257 619
257 778
258 269
258 966
258 701
258 774
258 955
259 946
259 308
259 993
260 324
260 455
260 392
260 470
260 641
260 697
260 912
261 380
261 433
261 627
262 959
262 863
262 308
262 555
263 529
263 603
263 444
263 538
263 540
263 813
264 550
264 511
264 970
264 364
265 811
265 527
265 461
265 494
265 348
265 752
265 867
265 904
266 736
266 545
266 971
266 376
266 427
267 667
267 303
267 561
267 877
267 461
267 480
267 707
267 852
268 562
268 608
268 487
268 457
268 659
268 425
268 690
268 796
269 613
269 745
269 539
269 638
269 548
269 816
270 645
270 539
270 381
270 582
270 702
270 846
270 889
270 996
271 386
271 636
272 575
272 477
272 283
272 352
272 472
272 656
272 726
273 474
273 385
273 840
273 974
274 279
274 388
274 581
275 622
275 909
275 658
276 324
276 625
276 388
276 586
276 976
277 707
277 472
277 350
277 885
277 290
277 687
278 681
278 790
278 279
278 345
278 446
278 560
278 578
279 957
279 335
279 412
279 324
279 644
279 352
279 872
279 402
279 432
279 856
279 902
279 632
279 569
279 539
279 661
279 560
279 651
279 933
279 803
279 558
279 284
279 299
279 782
279 846
279 641
279 617
279 670
279 464
279 304
279 283
279 286
279 316
279 338
279 348
279 362
279 391
279 396
279 416
279 420
279 439
279 460
279 475
279 480
279 496
279 509
279 522
279 527
279 537
279 541
279 545
279 546
279 549
279 559
279 579
279 584
279 597
279 630
279 648
279 665
279 668
279 693
279 698
279 705
279 706
279 710
279 715
279 720
279 737
279 741
279 760
279 781
279 793
279 804
279 817
279 822
279 853
279 865
279 909
279 929
279 938
279 939
279 950
279 960
279 976
279 988
279 992
280 759
280 617
280 727
280 877
281 472
281 408
281 637
281 535
281 336
281 924
281 754
281 574
281 773
281 803
281 872
281 948
282 488
282 547
282 496
283 330
283 967
284 700
284 587
284 828
284 911
284 920
285 489
285 863
285 972
286 933
286 759
286 439
286 475
286 997
287 412
288 501
288 684
288 452
288 704
289 907
289 681
289 609
290 492
290 755
290 885
290 942
290 983
291 771
291 863
291 843
291 551
291 733
292 834
292 320
292 804
292 850
293 338
293 349
293 540
293 778
293 937
293 968
294 494
294 939
294 837
294 490
294 514
294 567
294 706
294 811
295 622
295 736
295 499
295 372
295 832
295 396
295 501
295 646
295 846
296 324
296 395
296 641
296 874
296 941
296 960
297 853
298 511
298 568
298 754
298 774
298 871
298 876
299 317
299 553
299 532
299 548
299 574
300 809
300 807
300 347
300 422
300 831
301 428
301 666
302 512
303 322
303 628
303 869
303 903
303 791
304 545
304 770
304 500
304 610
304 856
304 921
305 680
305 330
305 732
305 843
306 821
306 989
307 886
307 492
307 365
307 423
307 467
307 521
308 490
308 338
308 903
308 388
308 452
308 568
309 322
309 639
309 892
309 482
309 846
309 465
310 597
310 983
310 466
310 828
311 479
311 735
311 872
312 356
312 342
312 500
312 551
312 568
312 633
312 692
312 951
313 966
313 605
313 426
313 628
314 786
314 855
315 873
315 386
315 782
316 894
316 332
316 399
316 881
316 510
316 778
316 568
317 384
317 549
318 841
318 429
318 602
318 885
318 387
318 403
318 739
318 556
318 588
318 667
319 861
319 679
319 568
319 600
319 621
320 445
320 945
320 687
320 590
321 939
322 667
322 424
323 382
323 405
323 993
324 712
324 821
325 979
325 767
325 847
326 396
326 432
326 890
326 448
326 753
326 962
326 652
326 878
326 744
326 946
327 479
327 812
327 399
327 413
327 838
327 905
327 929
328 892
328 332
328 489
328 515
328 714
328 895
329 915
329 770
329 917
329 839
330 882
330 831
330 926
330 510
330 648
330 916
330 936
331 397
331 335
331 443
331 538
332 888
332 695
332 755
332 727
332 516
332 572
333 646
333 942
333 426
333 572
333 793
333 874
334 985
334 482
335 893
335 975
335 957
335 667
335 573
336 902
336 496
336 713
336 814
336 922
337 556
337 619
337 908
338 715
338 895
339 787
339 793
339 608
339 486
339 589
340 646
340 874
340 774
340 752
340 343
340 482
340 681
340 744
340 907
341 895
341 361
341 394
341 563
342 822
342 533
342 658
342 385
342 933
343 616
343 642
343 687
343 905
344 461
344 870
344 593
344 774
344 935
345 521
345 893
345 483
345 414
345 380
345 558
347 430
347 895
347 971
347 647
347 791
348 372
348 607
348 626
348 690
348 401
348 450
348 561
348 638
348 763
348 766
349 722
349 823
349 364
350 650
350 583
350 672
350 851
351 789
351 558
351 812
351 509
351 740
351 796
352 359
352 591
352 649
353 870
353 511
353 846
353 906
355 732
355 842
355 542
355 527
355 665
356 375
356 955
357 951
357 845
357 918
357 930
358 971
358 812
358 543
358 932
359 821
359 455
360 980
360 750
360 880
360 986
360 646
360 754
360 824
361 721
361 754
362 505
362 934
362 668
362 728
363 385
363 802
363 839
364 613
364 534
364 794
364 810
364 905
365 756
365 748
366 858
366 789
366 775
366 881
366 603
366 639
366 809
366 942
367 565
367 399
367 592
367 654
368 893
368 746
368 750
368 842
368 541
368 595
368 836
368 919
369 661
370 965
370 406
370 412
370 431
370 678
371 413
372 797
372 689
372 458
372 605
372 666
372 590
372 714
372 817
373 661
373 629
373 611
373 971
374 375
374 549
374 536
374 720
374 840
375 865
375 577
375 852
376 629
376 449
376 482
376 589
376 599
376 743
377 770
378 434
378 972
379 581
379 717
379 501
379 654
379 817
380 400
380 916
380 761
380 928
381 755
381 490
381 566
381 783
382 562
383 438
384 607
384 629
384 651
384 617
384 711
384 959
385 888
385 743
385 642
385 595
385 882
386 881
386 501
387 703
387 833
388 486
388 691
388 781
388 956
388 521
388 775
388 794
389 445
389 639
389 771
389 888
389 975
390 869
391 882
391 867
391 507
391 720
391 740
392 589
392 626
393 574
393 414
393 964
394 559
394 538
395 634
395 563
395 974
395 419
396 736
396 793
396 661
396 855
397 726
397 637
397 880
397 778
398 645
398 910
398 542
399 828
399 563
399 701
399 878
399 978
400 800
400 985
400 594
400 810
401 455
401 479
401 747
401 826
403 893
403 848
403 748
403 764
403 793
403 837
403 867
404 886
404 467
404 503
404 948
404 819
404 897
405 468
405 543
406 749
406 418
406 698
407 882
407 958
407 658
407 517
407 666
408 804
408 876
409 465
409 739
409 566
409 574
410 551
410 484
410 546
410 561
410 610
410 728
410 802
411 940
411 721
411 972
411 827
411 454
411 448
412 696
412 862
412 896
413 882
413 598
413 811
413 907
413 857
413 419
413 661
413 876
413 521
413 774
413 868
414 790
414 712
414 600
415 595
415 446
415 463
415 534
416 607
416 736
416 437
416 996
417 888
417 618
417 691
417 955
418 774
418 535
418 762
418 824
418 943
419 510
419 607
419 758
419 865
419 939
420 847
420 459
420 615
420 654
421 598
421 761
422 501
422 988
422 444
422 799
423 660
424 923
424 616
424 712
424 786
425 743
425 664
425 808
425 868
426 459
426 584
426 953
428 577
428 468
428 535
428 759
428 480
428 837
429 787
429 835
429 461
429 981
430 524
430 485
430 507
431 586
431 768
431 833
431 812
431 945
432 521
432 484
432 734
432 769
432 779
432 876
433 624
433 962
433 529
433 788
433 800
434 667
434 843
434 953
435 667
435 463
435 644
435 888
436 525
436 599
436 769
436 804
436 895
437 518
438 871
438 664
438 723
439 980
439 907
439 731
439 702
439 930
440 562
440 563
440 692
440 530
440 587
440 795
441 604
441 681
441 895
441 644
441 789
442 984
442 905
443 756
443 781
443 823
443 964
443 996
444 535
444 780
444 944
445 907
445 971
445 823
445 670
445 874
446 919
446 626
446 801
446 468
447 879
447 523
447 617
447 685
447 689
447 907
447 925
448 689
448 590
448 658
448 983
449 838
449 639
449 833
449 595
450 870
450 471
450 526
450 456
450 720
450 813
450 909
450 996
451 963
451 748
451 542
451 705
451 791
451 810
452 660
453 584
454 702
454 545
454 466
454 955
454 753
455 469
455 962
456 853
456 513
456 535
456 880
456 774
457 956
457 799
457 838
457 927
457 988
458 692
459 711
459 808
460 906
460 668
460 635
460 908
461 504
461 860
461 544
461 573
461 714
461 791
461 832
462 914
462 664
462 668
462 807
462 992
463 722
463 822
463 469
463 512
463 665
464 508
464 786
465 932
465 537
465 755
465 830
466 714
466 942
466 825
466 766
466 656
466 935
467 797
467 634
467 898
467 796
468 745
468 943
468 913
468 773
469 762
469 714
469 720
469 920
470 865
470 679
470 735
470 564
470 910
471 573
471 856
471 529
471 491
471 741
472 496
472 714
473 734
474 641
475 995
475 596
475 624
475 928
475 961
476 608
476 595
476 755
477 541
477 713
477 762
477 500
477 864
478 513
478 668
478 727
478 517
478 614
479 800
479 587
480 990
480 895
481 864
481 869
481 918
482 750
482 512
483 651
483 903
484 633
484 634
484 720
485 900
485 576
485 942
485 692
486 550
486 988
486 966
486 814
486 921
487 847
487 811
487 876
488 860
488 519
488 579
488 744
488 925
489 788
490 987
490 889
490 946
490 535
490 707
490 761
491 608
491 812
492 920
492 524
492 627
493 584
493 540
493 548
494 739
494 680
494 568
494 540
494 589
494 654
495 847
495 771
497 709
497 728
497 751
498 700
498 789
499 806
499 980
499 610
499 812
499 864
500 806
500 816
501 937
501 513
501 806
502 863
502 618
503 573
503 907
503 811
503 635
504 557
504 644
504 771
504 992
505 541
505 557
505 628
506 539
506 849
506 568
506 516
506 886
507 707
507 802
507 632
507 967
508 565
509 943
509 581
509 918
510 724
510 862
510 548
510 720
510 774
511 904
511 556
512 995
512 702
512 796
512 972
513 780
513 806
514 978
514 629
514 754
514 561
514 887
515 592
515 903
515 852
516 832
516 670
516 806
516 994
517 615
517 651
517 918
517 947
517 970
518 895
518 775
518 821
519 912
519 954
520 703
520 680
521 654
521 667
521 617
521 603
522 583
522 580
522 939
523 909
523 793
523 644
523 710
524 718
524 739
524 893
525 721
525 873
525 698
526 797
526 883
526 812
526 821
526 968
527 820
527 881
527 694
528 919
528 804
528 579
528 599
529 756
530 592
530 648
530 690
530 809
531 648
531 813
531 662
533 982
533 805
533 709
534 980
534 897
534 892
534 652
534 699
535 992
535 618
535 863
535 985
536 985
536 848
537 747
537 754
537 878
537 702
537 757
537 920
538 800
538 756
538 895
538 713
538 993
539 547
539 626
539 973
540 990
540 552
540 597
540 851
541 929
541 646
541 621
541 718
542 756
542 591
542 851
542 566
542 941
543 984
543 581
543 641
543 658
543 687
544 573
544 547
544 939
544 982
545 769
545 788
545 664
545 548
545 756
545 794
546 740
546 588
546 643
546 715
546 595
547 891
547 877
548 787
548 956
548 735
548 946
549 572
550 925
550 551
551 560
551 734
551 627
551 910
551 606
551 823
552 671
552 854
552 891
552 938
553 986
554 617
554 635
554 730
554 760
554 937
555 575
555 951
556 996
556 660
556 944
557 607
557 872
557 935
558 586
558 630
558 849
558 561
558 742
559 763
560 937
561 892
561 949
561 754
562 753
562 855
562 865
564 874
565 738
565 885
565 970
566 632
566 885
566 627
566 906
567 978
567 936
567 990
568 745
568 920
568 791
568 583
568 670
568 686
569 827
569 620
569 654
569 940
570 774
570 946
570 954
571 802
571 584
571 996
572 903
572 813
573 939
573 740
573 795
574 895
574 934
574 619
575 964
575 860
575 652
576 600
576 713
576 725
576 728
576 790
577 778
577 890
579 850
579 859
579 900
580 849
580 934
581 602
581 704
581 774
582 689
582 798
583 632
583 985
584 727
584 670
585 712
585 747
585 766
586 669
586 698
586 962
586 643
586 931
587 682
587 770
587 745
587 867
588 958
588 903
589 971
590 813
591 665
591 774
591 820
591 821
591 880
591 919
592 956
592 813
592 979
594 714
594 610
594 668
594 687
596 803
597 622
597 980
598 686
599 900
599 697
599 751
599 796
600 670
601 895
601 904
601 970
602 886
604 608
605 664
606 856
606 739
606 741
606 767
607 738
608 938
608 947
609 956
610 672
610 647
610 850
611 967
612 791
613 857
613 623
613 688
613 810
614 883
614 821
616 713
616 659
616 678
616 752
616 896
617 896
617 967
617 748
618 749
619 652
619 907
620 663
620 625
621 689
621 954
621 737
621 928
622 947
622 922
623 867
624 716
624 708
624 878
624 853
625 678
625 933
625 973
626 824
627 854
627 634
627 826
628 650
628 742
628 779
628 941
628 991
629 916
629 833
630 849
630 709
630 782
630 651
630 660
631 889
631 880
631 776
631 972
632 874
632 938
632 931
632 661
632 984
633 655
633 955
634 839
634 894
634 897
634 904
635 814
635 750
635 956
635 816
635 842
636 790
636 925
636 994
636 778
636 817
636 964
637 658
637 947
638 839
638 988
638 715
639 659
640 943
640 699
640 749
641 899
641 709
642 729
642 689
642 758
642 894
643 762
643 708
644 912
644 895
644 952
645 660
645 661
645 680
645 930
645 951
646 783
646 877
646 755
646 830
647 992
647 755
648 945
649 667
649 722
649 873
650 943
650 975
650 707
650 982
652 695
652 705
653 677
655 750
655 756
655 714
655 868
655 882
655 984
656 810
656 995
656 681
657 722
657 911
659 747
660 919
661 930
661 861
661 750
661 897
661 913
663 744
664 763
664 845
664 670
664 875
664 887
665 886
666 978
666 672
666 733
666 865
667 874
668 918
669 784
669 857
669 807
669 901
670 895
671 702
671 704
671 868
673 969
673 735
674 891
674 701
674 946
674 762
674 988
675 783
676 749
676 698
676 916
677 843
677 733
677 760
677 954
677 996
678 969
678 892
678 703
678 733
678 749
678 763
678 890
679 787
679 943
680 804
680 913
680 953
680 970
681 762
683 742
683 955
684 831
685 952
685 878
686 944
686 917
687 903
687 747
688 782
688 785
688 955
689 794
690 884
690 742
691 744
691 741
693 798
693 824
693 833
694 984
694 923
694 918
695 973
695 790
697 707
697 786
698 909
698 707
699 742
700 843
700 814
701 756
701 926
702 950
702 787
703 832
704 847
704 994
705 926
705 720
705 742
705 745
705 780
706 787
707 895
707 748
708 725
708 954
709 777
709 910
711 888
712 786
712 917
713 935
714 774
715 764
716 750
716 731
716 953
717 877
717 852
717 762
718 821
718 749
718 908
719 773
719 840
720 735
720 854
720 995
721 840
722 927
722 768
722 794
722 804
722 900
723 949
723 948
723 830
723 840
723 864
724 907
724 814
724 895
726 895
727 915
727 845
728 797
728 885
728 934
729 816
730 733
731 935
731 918
732 742
733 766
734 895
735 742
736 896
737 874
737 774
737 757
737 920
738 898
738 912
739 844
740 795
741 944
741 965
741 897
741 973
741 976
742 952
743 838
743 905
743 938
744 936
744 948
745 854
745 749
745 772
746 997
746 927
747 818
749 754
749 942
749 973
751 963
752 759
753 803
753 942
753 792
754 896
754 997
756 885
757 942
757 877
758 837
758 808
758 889
759 993
760 977
760 799
761 835
761 898
762 964
762 824
763 966
764 804
764 933
764 978
766 962
766 877
766 819
767 959
767 783
767 847
768 882
769 782
769 925
770 774
770 877
771 774
771 833
771 850
771 788
774 789
774 931
775 895
776 875
777 873
777 954
778 919
778 958
780 982
781 853
781 909
782 909
782 849
783 952
784 795
784 811
786 923
789 888
789 915
790 913
790 984
791 936
791 793
792 933
792 871
792 949
793 950
793 975
795 921
796 802
798 879
798 806
798 878
799 918
804 872
804 947
805 944
806 952
806 989
807 933
807 962
807 874
808 853
808 846
809 829
809 824
811 969
811 980
814 991
815 828
815 892
815 928
815 982
815 998
816 995
816 818
816 855
817 957
817 852
819 928
822 900
822 836
823 992
825 901
826 946
827 889
828 861
828 910
828 979
829 938
832 923
832 941
832 951
835 890
835 990
836 900
837 838
838 896
839 888
839 938
840 912
841 874
841 858
842 896
845 909
845 881
847 885
847 913
848 896
848 921
848 993
849 956
849 967
850 933
851 987
852 861
853 903
853 858
853 895
854 945
855 868
857 881
857 876
858 951
858 966
858 933
860 993
861 946
862 974
863 885
863 894
864 886
865 980
865 943
866 940
868 990
871 960
874 927
875 994
876 933
876 944
877 912
878 917
879 950
880 902
884 958
884 924
884 995
886 903
886 946
887 983
888 932
889 990
889 969
890 983
892 975
892 993
894 933
895 986
895 961
895 955
895 968
897 974
902 926
903 920
904 958
904 943
906 944
908 916
908 967
912 924
916 989
918 971
919 945
920 970
922 958
922 997
923 998
924 976
926 952
927 943
928 955
928 949
933 947
934 968
935 976
936 977
937 962
938 996
940 972
944 994
945 974
947 955
947 979
948 972
949 989
952 982
962 968
962 977
965 993
968 972
969 971
