0 464
0 847
0 965
0 320
0 726
0 824
0 516
0 183
0 343
0 370
0 722
0 775
0 911
0 950
1 357
1 666
1 240
1 539
1 232
1 77
1 212
1 886
1 441
1 986
1 635
1 863
1 544
1 11
1 113
1 214
1 397
1 474
1 479
1 703
1 783
1 954
2 616
2 900
2 245
2 326
2 605
2 107
2 20
2 66
2 75
2 108
2 283
2 328
2 434
2 458
2 490
2 526
2 548
2 640
2 681
2 732
2 764
2 932
3 928
3 221
3 135
3 589
3 284
3 515
3 523
3 720
3 259
3 478
3 482
3 553
3 566
3 704
3 742
3 826
3 925
4 314
4 334
4 93
4 156
4 533
4 348
4 817
4 440
4 461
4 837
4 335
4 419
4 220
4 13
4 139
4 192
4 218
4 355
4 359
4 454
4 486
4 577
4 597
4 606
4 626
4 631
4 655
4 700
4 788
4 891
5 987
5 420
5 456
5 250
5 164
5 883
5 541
5 792
5 684
5 91
5 135
5 136
5 170
5 553
5 586
5 650
5 657
5 718
5 803
5 805
5 852
5 902
6 950
6 112
6 911
6 921
6 505
6 247
6 406
6 199
6 123
6 864
6 685
6 633
6 101
6 141
6 185
6 275
6 557
6 571
6 595
6 662
6 684
6 771
6 791
6 909
6 967
7 511
7 694
7 459
7 538
7 121
7 783
7 916
7 14
7 41
7 198
7 244
7 329
7 922
8 451
8 449
8 330
8 55
8 414
8 326
8 93
8 304
8 529
8 634
8 678
8 963
9 54
9 542
9 115
9 714
9 149
9 396
9 698
9 324
9 420
9 467
9 646
9 919
9 968
10 278
10 334
10 788
10 39
10 689
10 700
10 686
10 727
10 105
10 180
10 192
10 193
10 238
10 277
10 295
10 348
10 800
11 620
11 971
11 703
11 979
11 420
11 553
11 707
11 416
11 114
11 289
11 523
11 96
11 110
11 215
11 225
11 370
11 385
11 529
11 540
11 657
11 805
12 950
12 619
12 186
12 121
12 479
12 97
12 547
12 416
12 91
12 157
12 301
12 612
12 635
12 654
12 658
12 709
12 860
12 913
13 304
13 904
13 156
13 543
13 277
13 444
13 732
13 895
13 823
13 955
13 842
13 327
13 109
13 184
13 273
13 400
13 765
13 787
13 869
14 619
14 549
14 746
14 249
14 534
14 482
14 500
14 77
14 887
14 94
14 316
14 794
14 418
14 677
14 246
14 305
14 338
14 488
14 595
14 652
14 827
14 894
14 961
14 978
15 283
15 193
15 699
15 338
15 982
15 344
15 561
15 138
15 672
15 599
15 290
15 622
15 275
15 133
15 353
15 435
15 527
15 638
15 843
15 980
16 494
16 56
16 622
16 778
16 144
16 811
16 276
16 401
16 686
16 976
16 951
16 756
16 968
16 245
16 29
16 137
16 155
16 279
16 373
16 693
16 970
17 20
17 388
17 365
17 912
17 507
17 627
17 40
17 51
17 109
17 197
17 272
17 286
17 300
17 400
17 613
17 621
17 800
17 853
17 937
17 973
17 976
17 989
18 835
18 97
18 352
18 264
18 122
18 148
18 763
18 568
18 87
18 261
18 768
18 848
18 326
18 113
18 130
18 183
18 301
18 404
18 538
18 549
18 638
18 679
18 779
18 886
18 902
19 429
19 830
19 132
19 716
19 859
19 286
19 332
19 218
19 171
19 104
19 597
19 651
19 489
19 292
19 400
19 496
19 575
19 577
19 594
19 823
19 912
19 951
19 973
20 285
20 947
20 536
20 441
20 960
20 290
20 121
20 812
20 352
20 828
20 587
20 287
20 250
20 856
20 272
20 399
20 534
20 593
20 619
20 641
20 654
20 701
20 868
20 887
21 340
21 572
21 875
21 308
21 514
21 935
21 741
21 22
21 461
21 489
21 515
21 535
21 560
21 603
21 628
21 629
21 669
21 799
22 622
22 795
22 914
22 856
22 31
22 382
22 521
22 853
22 314
22 543
22 278
22 341
22 387
22 578
22 626
22 734
22 778
22 929
22 946
23 199
23 309
23 813
23 326
23 183
23 153
23 160
23 308
23 310
23 419
23 548
23 686
23 704
23 791
23 955
23 966
24 35
24 508
24 352
24 504
24 608
24 45
24 398
24 318
24 305
24 974
24 857
24 364
24 41
24 112
24 187
24 212
24 301
24 349
24 463
24 513
24 625
24 884
25 888
25 381
25 879
25 256
25 474
25 947
25 117
25 638
25 519
25 975
25 852
25 206
25 211
25 470
25 527
25 604
25 666
26 331
26 287
26 474
26 111
26 241
26 124
26 208
26 246
26 263
26 313
26 398
26 579
26 728
26 774
26 822
26 860
26 868
26 945
26 989
27 850
27 712
27 92
27 54
27 529
27 820
27 467
27 221
27 487
27 274
27 972
27 816
27 688
27 164
27 532
27 902
28 472
28 710
28 54
28 907
28 316
28 942
28 161
28 816
28 68
28 79
28 102
28 173
28 280
28 478
28 541
28 623
28 625
28 659
28 692
28 693
28 699
29 666
29 818
29 731
29 645
29 598
29 847
29 437
29 771
29 970
29 756
29 454
29 56
29 93
29 856
29 333
29 139
29 182
29 190
29 297
29 307
29 468
29 577
29 867
29 954
29 973
29 992
30 65
30 347
30 36
30 115
30 324
30 326
30 550
30 714
30 766
30 826
30 833
30 969
31 852
31 91
31 293
31 337
31 748
31 422
31 628
31 815
31 878
31 689
31 139
31 651
31 787
31 39
31 49
31 640
31 581
31 600
31 736
32 536
32 991
32 214
32 41
32 186
32 910
32 55
32 74
32 164
32 179
32 206
32 270
32 352
32 397
32 429
32 600
32 635
32 655
32 694
32 705
32 930
32 961
32 968
33 729
33 424
33 326
33 445
33 49
33 846
33 252
33 475
33 44
33 183
33 245
33 275
33 346
33 376
33 681
33 726
33 813
34 887
34 506
34 663
34 390
34 940
34 819
34 360
34 410
34 326
34 475
34 528
34 402
34 216
34 327
34 619
34 667
34 684
34 836
34 861
34 912
34 932
35 357
35 179
35 604
35 879
35 234
35 549
35 250
35 60
35 76
35 224
35 251
35 404
35 493
35 654
35 676
35 715
35 798
35 847
35 961
35 999
36 349
36 916
36 444
36 847
36 56
36 144
36 134
36 359
36 154
36 139
36 480
36 446
36 82
36 808
36 882
36 583
36 189
36 195
36 668
36 689
36 698
36 867
36 929
36 946
36 964
37 274
37 752
37 182
37 620
37 483
37 71
37 172
37 385
37 416
37 449
37 476
37 532
37 681
37 715
37 742
37 791
37 824
37 831
37 850
37 919
37 950
37 971
37 994
38 555
38 925
38 688
38 793
38 520
38 813
38 629
38 72
38 864
38 205
38 727
38 43
38 186
38 269
38 450
38 475
38 488
38 526
38 751
38 871
38 875
38 885
39 986
39 397
39 367
39 407
39 628
39 473
39 697
39 461
39 725
39 663
39 732
39 837
39 533
39 131
39 642
39 223
39 243
39 348
39 507
39 689
39 777
39 795
39 981
40 858
40 211
40 143
40 976
40 808
40 200
40 374
40 583
40 314
40 277
40 289
40 94
40 336
40 359
40 386
40 400
40 428
40 446
40 476
40 539
40 543
40 594
40 651
40 748
40 867
40 878
40 992
41 894
41 179
41 352
41 881
41 271
41 584
41 45
41 322
41 905
41 428
41 631
41 480
41 58
41 133
41 178
41 214
41 290
41 382
41 402
41 460
41 600
41 638
41 654
41 720
41 859
42 689
42 332
42 704
42 99
42 184
42 195
42 197
42 209
42 230
42 324
42 408
42 480
42 622
42 656
42 697
42 702
42 725
42 765
42 849
42 867
42 946
43 166
43 826
43 994
43 572
43 417
43 680
43 603
43 633
43 683
43 840
43 563
43 681
43 101
43 199
43 674
43 452
43 328
43 462
43 412
43 738
43 119
43 223
43 326
43 419
43 546
43 592
43 807
43 846
43 853
44 165
44 915
44 514
44 209
44 247
44 569
44 69
44 48
44 849
44 119
44 289
44 298
44 330
44 402
44 825
45 378
45 318
45 513
45 271
45 322
45 325
45 684
45 47
45 187
45 266
45 290
45 398
45 429
45 527
45 599
45 617
45 682
45 745
45 887
46 816
46 566
46 464
46 68
46 792
46 172
46 279
46 389
46 744
46 111
46 981
46 326
46 92
46 164
46 254
46 362
46 371
46 439
46 483
46 589
46 694
46 707
46 928
47 903
47 919
47 367
47 462
47 726
47 770
47 84
47 125
47 209
47 447
47 227
47 49
47 107
47 127
47 157
47 311
47 394
47 458
47 520
47 563
47 717
47 741
48 768
48 53
48 738
48 864
48 565
48 100
48 105
48 209
48 210
48 326
48 366
48 382
48 402
48 636
48 683
48 712
48 791
48 825
48 899
48 965
49 53
49 640
49 262
49 247
49 921
49 179
49 209
49 252
49 310
49 381
49 442
49 582
49 642
49 675
49 704
49 720
49 735
49 759
50 883
50 324
50 831
50 55
50 120
50 144
50 155
50 196
50 238
50 299
50 329
50 341
50 421
50 454
50 533
50 573
50 589
50 636
50 653
50 728
50 769
50 778
50 843
50 867
51 352
51 371
51 131
51 440
51 235
51 414
51 134
51 144
51 159
51 196
51 382
51 400
51 408
51 528
51 663
51 768
51 778
51 853
51 904
51 962
52 268
52 223
52 269
52 160
52 245
52 252
52 445
52 560
52 563
52 685
52 861
52 955
52 995
53 947
53 778
53 523
53 125
53 799
53 411
53 940
53 944
53 845
53 241
53 309
53 188
53 421
53 610
53 646
53 704
53 721
53 864
54 491
54 330
54 273
54 388
54 467
54 225
54 933
54 646
54 670
54 659
54 62
54 326
54 362
54 464
54 495
54 505
54 541
54 620
54 660
54 707
54 790
54 792
54 801
54 988
55 219
55 671
55 722
55 463
55 79
55 518
55 647
55 483
55 368
55 350
55 468
55 909
55 92
55 143
55 149
55 353
55 420
55 630
55 660
55 766
55 816
55 917
55 963
55 994
56 767
56 981
56 481
56 422
56 725
56 359
56 277
56 937
56 817
56 788
56 891
56 964
56 551
56 104
56 126
56 375
56 428
56 454
56 601
56 775
56 803
56 951
56 976
57 783
57 433
57 60
57 650
57 972
57 790
57 805
57 872
57 623
57 744
57 934
57 532
57 853
57 496
57 856
57 577
57 906
57 62
57 146
57 161
57 162
57 229
57 384
57 588
57 660
57 696
57 857
58 887
58 357
58 625
58 920
58 66
58 179
58 391
58 94
58 62
58 124
58 306
58 421
58 344
58 433
58 828
59 286
59 93
59 769
59 557
59 700
59 99
59 174
59 297
59 326
59 367
59 387
59 494
59 533
59 584
59 601
59 697
59 800
59 853
59 997
60 122
60 356
60 457
60 217
60 781
60 963
60 660
60 855
60 295
60 229
60 242
60 294
60 323
60 371
60 377
60 653
60 740
60 777
60 823
61 460
61 301
61 392
61 810
61 433
61 88
61 669
61 624
61 247
61 735
61 801
61 207
61 948
61 505
61 706
61 220
61 685
61 85
61 119
61 147
61 162
61 185
61 209
61 241
61 272
61 326
61 560
61 629
61 662
61 757
61 813
61 911
62 395
62 766
62 998
62 873
62 347
62 68
62 714
62 602
62 279
62 359
62 265
62 340
62 452
62 454
62 472
62 492
62 581
62 696
62 708
63 843
63 132
63 421
63 314
63 769
63 578
63 89
63 155
63 196
63 228
63 374
63 387
63 594
63 754
63 759
63 808
64 664
64 77
64 699
64 361
64 527
64 989
64 635
64 513
64 676
64 772
64 182
64 117
64 291
64 332
64 482
64 499
64 500
64 579
64 599
64 689
64 694
64 851
64 881
65 588
65 650
65 135
65 130
65 892
65 797
65 618
65 817
65 819
65 182
65 304
65 460
65 464
65 586
65 623
65 707
65 794
65 876
65 966
66 482
66 973
66 591
66 312
66 843
66 129
66 986
66 587
66 97
66 416
66 669
66 67
66 909
66 76
66 211
66 518
66 579
66 590
66 694
66 717
66 812
66 863
67 264
67 872
67 754
67 415
67 470
67 631
67 200
67 808
67 375
67 99
67 156
67 171
67 393
67 442
67 486
67 665
67 787
67 815
67 832
67 891
68 979
68 781
68 707
68 902
68 963
68 637
68 586
68 629
68 79
68 80
68 124
68 130
68 165
68 304
68 364
68 376
68 467
68 568
68 646
68 703
68 878
68 988
69 159
69 582
69 267
69 409
69 723
69 603
69 209
69 157
69 172
69 185
69 226
69 282
69 412
69 455
69 475
69 690
69 778
69 814
69 907
69 921
70 693
70 744
70 972
70 169
70 399
70 934
70 79
70 144
70 242
70 254
70 353
70 602
70 648
70 698
70 722
70 802
71 457
71 862
71 274
71 531
71 780
71 903
71 259
71 302
71 820
71 714
71 83
71 446
71 299
71 569
71 265
71 422
71 588
71 657
71 703
71 718
71 777
71 943
72 255
72 605
72 674
72 394
72 75
72 108
72 161
72 168
72 252
72 310
72 326
72 417
72 632
72 729
72 789
72 814
73 290
73 657
73 153
73 633
73 809
73 562
73 84
73 123
73 235
73 318
73 326
73 358
73 405
73 505
73 610
73 661
73 706
73 821
73 863
73 897
73 906
74 474
74 608
74 77
74 779
74 593
74 290
74 524
74 894
74 208
74 448
74 564
74 391
74 460
74 591
74 612
74 953
74 989
75 646
75 317
75 824
75 327
75 900
75 624
75 360
75 319
75 326
75 345
75 453
75 465
75 677
75 747
76 175
76 361
76 865
76 397
76 611
76 193
76 672
76 285
76 288
76 973
76 927
76 116
76 212
76 249
76 413
76 517
76 890
77 234
77 534
77 858
77 503
77 604
77 363
77 349
77 441
77 582
77 699
77 863
77 889
77 930
77 974
78 717
78 733
78 630
78 184
78 970
78 426
78 996
78 831
78 379
78 461
78 908
78 333
78 808
78 981
78 386
78 819
78 163
78 278
78 296
78 307
78 577
78 578
78 627
79 810
79 306
79 518
79 820
79 959
79 998
79 356
79 712
79 294
79 893
79 96
79 120
79 242
79 366
79 472
79 476
79 501
79 659
79 740
79 786
79 857
79 925
80 485
80 637
80 356
80 657
80 671
80 463
80 284
80 588
80 997
80 203
80 431
80 559
80 777
80 841
81 549
81 506
81 744
81 135
81 979
81 781
81 934
81 542
81 939
81 956
81 370
81 987
81 752
81 470
81 96
81 98
81 180
81 182
81 454
81 698
81 809
81 919
82 188
82 992
82 277
82 314
82 421
82 867
82 514
82 443
82 326
82 571
82 86
82 131
82 431
82 823
82 856
82 919
83 146
83 342
83 724
83 96
83 832
83 120
83 559
83 670
83 766
83 780
83 893
84 152
84 802
84 484
84 475
84 239
84 345
84 90
84 209
84 321
84 351
84 445
84 452
84 485
84 526
84 544
84 564
84 641
84 876
84 926
84 948
85 369
85 395
85 944
85 475
85 569
85 825
85 107
85 108
85 157
85 200
85 319
85 328
85 605
85 638
85 703
85 721
85 846
85 848
85 884
85 896
85 993
86 881
86 933
86 502
86 177
86 261
86 693
86 747
86 487
86 111
86 169
86 173
86 215
86 350
86 356
86 369
86 556
86 698
86 877
86 916
87 927
87 579
87 339
87 506
87 919
87 383
87 792
87 913
87 204
87 939
87 237
87 943
87 172
87 571
87 96
87 213
87 215
87 347
87 481
87 518
87 659
87 667
87 744
87 934
87 956
87 963
87 988
88 805
88 297
88 181
88 829
88 537
88 481
88 341
88 93
88 941
88 651
88 962
88 154
88 293
88 407
88 440
88 544
88 243
88 324
88 418
88 489
88 598
88 601
88 655
88 697
88 734
88 777
88 823
88 900
88 918
88 954
89 620
89 815
89 293
89 665
89 769
89 334
89 601
89 750
89 183
89 272
89 277
89 278
89 359
89 583
89 596
89 628
89 715
89 838
89 989
90 425
90 780
90 93
90 496
90 453
90 434
90 198
90 729
90 262
90 721
90 885
90 150
90 824
90 809
90 255
90 103
90 427
90 511
90 528
90 530
90 565
90 723
90 743
90 995
91 397
91 822
91 190
91 710
91 467
91 752
91 972
91 385
91 180
91 829
91 161
91 176
91 326
91 449
91 478
91 625
91 630
91 883
91 936
92 284
92 816
92 670
92 389
92 169
92 693
92 451
92 250
92 977
92 585
92 154
92 242
92 434
92 467
92 598
92 752
92 769
92 802
92 903
92 916
92 921
93 547
93 99
93 859
93 104
93 831
93 811
93 700
93 150
93 292
93 355
93 373
93 426
93 464
93 477
93 525
93 759
93 762
93 946
93 954
93 962
94 887
94 133
94 361
94 638
94 980
94 318
94 285
94 240
94 305
94 499
94 608
94 635
94 821
94 945
95 606
95 690
95 311
95 207
95 394
95 527
95 565
95 681
95 721
95 885
95 988
96 463
96 302
96 149
96 872
96 541
96 531
96 696
96 952
96 497
96 475
96 965
96 624
96 565
96 215
96 389
96 464
96 495
96 576
96 766
97 982
97 858
97 584
97 212
97 301
97 325
97 363
97 391
97 477
97 519
97 591
97 610
97 784
97 827
97 853
97 860
97 872
97 920
97 974
98 930
98 586
98 177
98 229
98 648
98 880
98 862
98 777
98 416
98 233
98 362
98 221
98 650
98 741
98 143
98 242
98 356
98 366
98 449
98 476
98 482
98 503
98 685
98 718
98 852
98 873
99 666
99 923
99 127
99 116
99 756
99 728
99 355
99 373
99 223
99 450
99 197
99 628
99 957
99 782
99 996
99 765
99 655
99 617
99 597
99 797
99 695
99 845
99 729
99 386
99 732
99 800
100 630
100 788
100 326
100 677
100 741
100 220
100 354
100 445
100 488
100 515
100 519
100 581
100 663
100 745
100 876
100 958
100 996
101 372
101 284
101 510
101 154
101 239
101 615
101 523
101 216
101 842
101 505
101 955
101 741
101 681
101 809
101 704
101 730
101 187
101 210
101 397
101 406
101 571
101 674
101 952
102 264
102 619
102 522
102 167
102 487
102 243
102 282
102 901
102 326
102 345
102 926
102 447
102 252
102 711
102 436
102 269
102 178
102 193
102 430
102 514
102 516
102 546
102 661
102 677
102 691
102 948
103 259
103 657
103 757
103 938
103 458
103 326
103 209
103 528
103 247
103 616
103 252
103 488
103 556
103 624
103 727
103 137
103 406
103 202
104 810
104 669
104 578
104 473
104 131
104 728
104 787
104 946
104 132
104 276
104 645
104 627
104 686
104 477
104 898
104 327
104 875
104 222
104 292
104 374
104 426
104 468
104 512
104 573
104 653
104 823
104 869
104 941
105 587
105 425
105 615
105 430
105 119
105 402
105 680
105 445
105 525
105 644
105 202
105 252
105 403
105 412
105 424
105 434
105 457
105 520
105 582
105 911
105 916
105 967
106 483
106 749
106 165
106 304
106 366
106 506
106 719
106 987
106 988
106 781
106 655
106 113
106 143
106 524
106 678
106 714
106 744
107 923
107 442
107 861
107 730
107 252
107 704
107 825
107 726
107 160
107 206
107 477
107 490
107 520
107 629
107 729
107 785
107 809
107 849
108 417
108 993
108 319
108 900
108 644
108 247
108 255
108 281
108 326
108 410
108 544
108 567
108 582
108 588
108 675
108 739
108 763
108 944
108 965
109 746
109 403
109 386
109 686
109 788
109 800
109 230
109 651
109 823
109 702
109 521
109 486
109 446
109 267
109 292
109 295
109 797
109 869
109 913
110 724
110 678
110 225
110 531
110 369
110 596
110 326
110 117
110 131
110 776
110 860
110 913
111 399
111 259
111 254
111 143
111 575
111 568
111 707
111 501
111 966
111 364
111 418
111 351
111 434
111 538
111 541
111 802
111 959
111 988
112 804
112 314
112 957
112 238
112 688
112 181
112 200
112 286
112 402
112 422
112 601
112 606
112 633
112 676
112 853
112 929
113 325
113 709
113 166
113 830
113 122
113 608
113 772
113 705
113 957
113 825
113 490
113 148
113 179
113 201
113 260
113 283
113 290
113 329
113 349
113 372
113 482
113 527
113 865
114 176
114 221
114 149
114 165
114 383
114 385
114 448
114 472
114 541
114 637
114 933
114 959
115 441
115 416
115 182
115 280
115 767
115 688
115 837
115 123
115 563
115 172
115 209
115 236
115 242
115 281
115 423
115 481
115 568
115 646
115 650
116 246
116 872
116 371
116 420
116 169
116 232
116 323
116 350
116 436
116 472
116 495
116 502
116 511
116 637
116 650
116 707
116 790
116 971
117 910
117 810
117 866
117 920
117 206
117 604
117 301
117 271
117 321
117 344
117 527
117 538
117 548
117 587
117 625
117 652
117 755
117 779
117 798
117 855
117 868
117 927
118 868
118 463
118 307
118 938
118 351
118 836
118 909
118 497
118 554
118 394
118 121
118 320
118 357
118 515
118 526
118 730
119 649
119 190
119 422
119 194
119 227
119 465
119 326
119 203
119 730
119 412
119 603
119 735
119 269
119 410
119 419
119 436
119 488
119 528
119 661
119 680
119 726
119 728
120 331
120 254
120 204
120 542
120 173
120 698
120 857
120 284
120 742
120 182
120 710
120 483
120 598
120 958
120 366
120 471
120 623
121 936
121 701
121 232
121 930
121 619
121 549
121 991
121 989
121 206
121 555
121 860
121 705
121 784
121 855
121 326
121 175
121 178
121 256
121 459
121 664
121 920
121 980
122 547
122 978
122 973
122 595
122 392
122 178
122 260
122 352
122 535
122 593
122 608
122 706
122 784
122 858
122 896
123 942
123 603
123 528
123 684
123 452
123 326
123 799
123 736
123 727
123 565
123 141
123 183
123 245
123 311
123 909
124 600
124 304
124 284
124 841
124 768
124 297
124 345
124 164
124 173
124 274
124 282
124 476
124 585
124 650
124 703
124 816
125 135
125 712
125 723
125 773
125 360
125 735
125 140
125 231
125 280
125 328
125 548
125 560
125 582
125 629
125 651
125 809
125 814
125 899
125 907
126 834
126 663
126 496
126 969
126 668
126 278
126 238
126 276
126 962
126 756
126 981
126 230
126 488
126 131
126 454
126 481
126 796
127 600
127 724
127 383
127 204
127 708
127 774
127 678
127 164
127 169
127 268
127 326
127 492
127 862
127 955
128 130
128 464
128 715
128 942
128 880
128 284
128 483
128 575
128 956
128 908
128 796
128 204
128 550
128 671
128 678
128 879
129 672
129 983
129 318
129 519
129 522
129 546
129 558
129 701
129 798
129 810
129 830
129 866
129 887
129 920
130 910
130 786
130 760
130 388
130 790
130 804
130 870
130 781
130 687
130 913
130 195
130 171
130 213
130 294
130 316
130 350
130 353
130 476
130 588
130 646
130 925
130 928
130 963
131 287
131 149
131 665
131 734
131 348
131 578
131 762
131 132
131 155
131 314
131 355
131 419
131 543
131 748
131 765
131 946
131 954
132 867
132 334
132 583
132 134
132 215
132 407
132 408
132 422
132 543
132 702
132 766
132 771
132 788
132 793
132 844
132 891
133 271
133 429
133 649
133 517
133 256
133 818
133 960
133 753
133 301
133 608
133 413
133 635
133 336
133 616
133 958
133 244
133 263
133 639
133 732
133 941
133 973
134 401
134 778
134 702
134 665
134 797
134 583
134 174
134 308
134 143
134 258
134 333
134 341
134 621
134 654
135 217
135 742
135 774
135 225
135 180
135 471
135 994
135 987
135 467
135 747
135 273
135 958
135 197
135 429
135 483
135 492
135 692
135 775
135 943
135 948
135 949
135 965
136 368
136 933
136 164
136 532
136 956
136 719
136 389
136 161
136 949
136 917
136 758
136 959
136 439
136 787
136 805
136 925
136 934
137 475
137 157
137 729
137 605
137 147
137 248
137 140
137 209
137 785
137 551
137 723
137 207
137 281
137 326
137 462
137 846
137 900
137 940
138 372
138 827
138 980
138 305
138 828
138 625
138 781
138 174
138 241
138 213
138 240
138 290
138 470
138 519
138 549
138 566
138 635
138 652
138 672
138 924
138 929
138 982
138 999
139 597
139 414
139 626
139 750
139 686
139 431
139 677
139 295
139 533
139 697
139 837
139 954
140 598
140 551
140 723
140 458
140 846
140 326
140 447
140 721
140 497
140 203
140 317
140 488
140 514
140 548
140 965
141 980
141 795
141 269
141 764
141 162
141 247
141 405
141 319
141 227
141 661
141 560
141 202
141 209
141 203
141 301
141 310
141 490
141 556
141 642
141 683
142 865
142 260
142 920
142 693
142 829
142 723
142 417
142 308
142 525
142 885
142 861
142 554
142 675
142 684
142 406
142 516
142 864
142 884
143 182
143 518
143 485
143 708
143 988
143 221
143 804
143 204
143 742
143 883
143 364
143 905
143 907
143 368
143 805
143 622
143 563
143 169
143 302
143 476
143 566
143 623
143 790
143 870
143 928
143 939
144 673
144 477
144 159
144 295
144 184
144 468
144 192
144 431
144 904
144 910
145 201
145 251
145 810
145 983
145 705
145 822
145 361
145 271
145 229
145 869
145 205
145 147
145 169
145 186
145 246
145 500
145 575
145 866
145 905
146 692
146 722
146 237
146 977
146 383
146 456
146 532
146 805
146 687
146 902
146 463
146 630
146 457
146 576
146 718
146 919
147 804
147 703
147 327
147 641
147 642
147 326
147 209
147 309
147 311
147 173
147 262
147 436
147 505
147 516
147 581
147 616
147 921
148 503
148 549
148 587
148 889
148 894
148 960
148 208
148 974
148 753
148 304
148 589
148 875
148 313
148 372
148 547
148 592
148 739
149 826
149 354
149 742
149 832
149 259
149 165
149 188
149 217
149 243
149 580
149 623
149 646
149 781
149 841
149 913
149 934
149 957
150 505
150 153
150 319
150 209
150 849
150 239
150 785
150 605
150 633
150 993
150 436
150 445
150 636
150 799
151 179
151 983
151 204
151 188
151 786
151 172
151 552
151 259
151 509
151 943
151 660
151 219
151 314
151 340
151 399
151 449
151 648
151 678
151 777
151 871
151 880
151 917
152 167
152 586
152 833
152 620
152 563
152 250
152 274
152 279
152 284
152 295
152 585
152 588
152 749
152 777
152 792
152 822
152 872
152 963
153 203
153 814
153 210
153 455
153 770
153 390
153 475
153 674
153 741
153 773
153 328
153 345
153 427
153 520
153 633
153 864
154 279
154 332
154 627
154 867
154 645
154 577
154 673
154 892
154 668
154 696
154 697
154 728
154 734
154 838
154 912
154 957
154 999
155 212
155 602
155 464
155 440
155 844
155 690
155 891
155 292
155 243
155 365
155 737
155 332
155 170
155 227
155 273
155 314
155 356
155 414
155 431
155 773
155 829
155 908
155 976
156 657
156 306
156 968
156 598
156 645
156 407
156 847
156 473
156 365
156 373
156 385
156 427
156 596
156 608
156 627
156 669
156 769
156 817
156 874
156 941
156 964
157 198
157 309
157 825
157 320
157 730
157 436
157 200
157 205
157 267
157 721
157 751
157 757
157 801
157 836
157 975
157 977
157 985
158 781
158 916
158 172
158 966
158 174
158 162
158 164
158 229
158 237
158 242
158 383
158 445
158 511
158 553
158 568
158 592
158 718
158 761
158 928
158 943
159 682
159 774
159 829
159 823
159 393
159 293
159 174
159 218
159 348
159 445
159 752
159 817
159 912
159 941
159 946
160 706
160 410
160 346
160 836
160 554
160 624
160 516
160 417
160 764
160 944
160 909
160 241
160 291
160 310
160 519
160 558
160 633
160 743
160 801
160 809
160 918
160 990
161 273
161 994
161 294
161 457
161 826
161 880
161 942
161 464
161 674
161 216
161 302
161 368
161 708
161 745
161 754
161 760
162 936
162 555
162 169
162 326
162 220
162 603
162 674
162 846
162 720
162 776
162 792
162 845
163 224
163 907
163 602
163 790
163 215
163 438
163 416
163 222
163 796
163 164
163 176
163 803
163 855
163 862
163 870
163 902
163 987
164 225
164 420
164 553
164 852
164 905
164 172
164 261
164 719
164 740
164 749
164 758
164 942
165 608
165 244
165 456
165 229
165 467
165 804
165 222
165 297
165 396
165 718
165 903
165 971
165 994
166 283
166 300
166 974
166 378
166 950
166 649
166 482
166 432
166 371
166 727
166 610
166 694
166 707
166 759
166 810
166 812
166 865
166 927
167 524
167 671
167 952
167 634
167 342
167 703
167 647
167 463
167 471
167 968
167 170
167 180
167 302
167 356
167 389
167 528
167 559
167 595
167 654
167 707
167 820
167 874
167 895
167 903
167 987
168 736
168 205
168 489
168 711
168 320
168 443
168 479
168 488
168 607
168 629
168 791
168 824
168 858
168 932
168 938
168 958
168 989
169 979
169 792
169 648
169 370
169 388
169 176
169 382
169 671
169 707
169 742
169 781
169 820
170 467
170 274
170 254
170 943
170 451
170 540
170 173
170 265
170 376
170 377
170 340
170 353
170 362
170 388
170 485
170 492
170 541
170 829
171 682
171 325
171 188
171 693
171 510
171 981
171 446
171 669
171 194
171 400
171 437
171 558
171 596
171 597
171 626
171 634
171 728
171 904
171 957
171 969
172 719
172 602
172 221
172 259
172 328
172 383
172 389
172 598
172 778
172 841
172 920
173 435
173 952
173 714
173 760
173 388
173 893
173 396
173 281
173 502
173 687
173 692
173 794
173 998
174 277
174 543
174 969
174 408
174 578
174 314
174 421
174 414
174 844
174 806
174 195
174 383
174 435
174 486
174 533
174 699
174 762
174 811
174 946
175 352
175 329
175 246
175 672
175 404
175 425
175 433
175 978
175 500
175 666
175 441
175 560
175 234
175 288
175 331
175 604
175 775
175 854
175 910
175 945
175 991
176 234
176 761
176 749
176 568
176 366
176 558
176 707
176 747
176 780
176 968
177 588
177 873
177 478
177 279
177 671
177 304
177 575
177 670
177 949
177 749
177 925
177 236
177 630
177 710
177 532
177 382
177 935
177 353
177 802
177 821
178 978
178 679
178 482
178 508
178 830
178 356
178 286
178 187
178 251
178 325
178 447
178 559
178 587
178 600
178 604
178 605
178 784
179 835
179 212
179 894
179 983
179 694
179 187
179 186
179 266
179 868
179 850
179 378
179 974
179 539
179 652
179 701
179 717
179 860
179 911
180 746
180 942
180 933
180 708
180 998
180 537
180 273
180 326
180 456
180 478
180 747
180 928
181 313
181 877
181 578
181 543
181 686
181 848
181 200
181 297
181 365
181 450
181 469
181 668
181 688
181 762
181 835
181 962
181 968
182 879
182 760
182 956
182 259
182 463
182 731
182 841
182 917
182 998
182 416
182 541
182 592
182 648
182 765
182 781
182 814
182 832
182 852
182 971
182 985
183 784
183 307
183 562
183 245
183 462
183 741
183 484
183 544
183 326
183 202
183 262
183 310
183 458
183 721
183 743
183 923
183 929
183 931
183 958
183 967
184 862
184 817
184 771
184 697
184 823
184 380
184 953
184 473
184 415
184 878
184 295
184 200
184 895
184 914
184 292
184 408
184 421
184 533
184 598
184 618
184 643
184 686
184 968
185 289
185 528
185 571
185 360
185 367
185 453
185 599
185 624
185 721
185 757
185 786
185 825
185 861
185 948
186 894
186 779
186 349
186 534
186 584
186 214
186 322
186 344
186 391
186 503
186 513
186 538
186 676
186 694
187 504
187 991
187 584
187 986
187 253
187 812
187 290
187 413
187 305
187 425
187 256
187 614
187 224
187 331
187 398
187 500
187 679
187 960
188 439
188 242
188 731
188 384
188 204
188 353
188 592
188 923
188 472
188 542
188 767
188 552
188 647
188 796
188 497
188 451
188 744
188 774
188 841
188 907
188 988
189 432
189 332
189 867
189 543
189 653
189 446
189 386
189 272
189 277
189 831
189 665
189 453
189 935
189 215
189 336
189 366
189 655
189 663
189 675
189 732
189 823
189 895
189 981
190 871
190 478
190 371
190 196
190 213
190 300
190 350
190 360
190 472
190 537
190 541
190 712
190 794
191 277
191 643
191 762
191 314
191 359
191 403
191 507
191 520
191 526
191 596
191 617
191 669
191 697
191 748
191 957
191 974
192 354
192 797
192 655
192 496
192 778
192 884
192 365
192 393
192 428
192 444
192 445
192 469
192 716
192 782
192 853
192 937
192 953
193 980
193 558
193 676
193 504
193 890
193 397
193 924
193 555
193 650
193 324
193 293
193 211
193 221
193 268
193 313
193 482
193 822
193 827
193 868
194 576
194 502
194 258
194 292
194 904
194 953
194 278
194 613
194 387
194 276
194 465
194 341
194 512
194 628
194 668
194 882
195 768
195 771
195 375
195 386
195 379
195 293
195 580
195 856
195 222
195 655
195 951
195 461
195 314
195 235
195 793
195 203
195 730
195 296
195 680
196 707
196 468
196 622
196 815
196 838
196 440
196 480
196 393
196 631
196 892
197 943
197 463
197 771
197 521
197 800
197 601
197 332
197 335
197 725
197 908
197 769
197 200
197 333
197 874
198 453
198 729
198 489
198 490
198 535
198 567
198 921
199 959
199 406
199 252
199 814
199 806
199 205
199 326
199 376
199 490
199 616
199 640
199 751
199 773
199 944
200 705
200 543
200 689
200 837
200 298
200 962
200 969
200 613
200 243
200 334
200 372
200 428
200 512
200 556
200 577
200 618
200 656
200 839
200 914
201 772
201 349
201 232
201 388
201 646
201 620
201 212
201 251
201 271
201 322
201 325
201 344
201 639
201 798
201 810
201 830
201 858
201 863
201 889
201 894
201 973
202 669
202 846
202 231
202 209
202 343
202 572
202 462
202 326
202 310
202 845
202 520
202 641
202 497
202 317
202 409
202 417
202 563
202 616
202 738
202 990
203 793
203 569
203 358
203 405
203 900
203 424
203 458
203 465
203 497
203 563
203 729
203 807
203 861
203 931
204 306
204 708
204 872
204 431
204 390
204 585
204 733
204 790
205 942
205 326
205 282
205 967
205 735
205 207
205 633
205 935
206 285
206 256
206 466
206 545
206 246
206 260
206 666
206 772
206 600
206 508
206 851
206 826
206 311
206 287
206 389
206 539
206 866
207 657
207 624
207 562
207 738
207 644
207 876
207 209
207 377
207 427
207 667
207 704
207 711
207 776
207 849
207 991
208 920
208 381
208 821
208 268
208 843
208 827
208 503
208 401
208 990
208 269
208 305
208 587
208 600
208 611
208 822
208 868
208 961
208 980
209 920
209 420
209 696
209 917
209 235
209 326
209 239
209 711
209 390
209 726
209 328
209 445
209 901
209 327
209 525
209 551
209 674
209 309
209 706
209 430
209 514
209 520
209 262
209 729
209 275
209 995
209 836
209 730
209 315
209 252
209 267
209 269
209 330
209 331
209 343
209 377
209 442
209 447
209 452
209 453
209 462
209 488
209 546
209 572
209 603
209 605
209 624
209 672
209 677
209 691
209 739
209 750
209 770
209 773
209 814
209 842
209 893
209 911
209 927
209 956
210 749
210 566
210 421
210 468
210 326
210 727
210 932
210 741
210 239
210 571
210 603
210 681
210 840
210 806
210 327
210 567
210 680
210 706
210 793
210 799
210 864
211 798
211 772
211 746
211 372
211 986
211 978
211 363
211 713
211 779
211 278
211 519
211 539
211 584
211 614
211 679
211 826
211 897
211 927
211 936
212 352
212 983
212 924
212 822
212 827
212 249
212 285
212 313
212 323
212 595
212 599
212 709
212 717
212 753
212 936
212 960
213 939
213 432
213 439
213 712
213 966
213 588
213 396
213 669
213 248
213 371
213 483
213 695
213 777
213 855
214 479
214 920
214 474
214 786
214 251
214 260
214 325
214 390
214 429
214 763
214 780
214 854
214 910
214 961
215 905
215 724
215 471
215 971
215 794
215 943
215 416
215 541
215 678
215 923
215 704
215 228
215 744
215 810
215 877
215 893
216 296
216 443
216 776
216 308
216 442
216 535
216 326
216 458
216 515
216 328
216 726
216 319
216 435
216 519
216 681
216 849
216 955
217 857
217 733
217 518
217 280
217 852
217 766
217 700
217 437
217 723
217 236
217 244
217 323
217 396
217 496
217 506
217 540
217 588
217 602
217 671
217 707
217 738
217 740
217 786
217 826
217 836
217 915
217 952
218 361
218 811
218 771
218 904
218 690
218 222
218 239
218 386
218 501
218 618
218 732
218 823
218 908
219 890
219 352
219 378
219 639
219 429
219 611
219 828
219 313
219 654
219 676
219 739
219 830
219 860
219 903
219 961
220 530
220 990
220 926
220 319
220 488
220 291
220 326
220 376
220 406
220 456
220 551
220 624
220 842
220 884
221 722
221 758
221 715
221 319
221 368
221 509
221 575
221 675
221 708
221 915
222 249
222 803
222 373
222 962
222 293
222 336
222 431
222 800
222 468
222 598
222 895
222 401
222 520
222 836
222 516
222 412
222 440
222 461
222 655
222 697
222 806
222 834
222 859
222 892
222 904
222 945
222 951
223 867
223 533
223 690
223 470
223 795
223 296
223 473
223 573
223 668
223 716
223 728
223 853
223 878
223 887
223 937
224 699
224 753
224 927
224 312
224 977
224 731
224 617
224 597
224 825
224 288
224 723
224 910
225 561
225 281
225 502
225 678
225 877
225 416
225 250
225 254
225 449
225 476
225 550
225 553
225 585
225 687
225 718
225 816
225 862
225 926
226 413
226 917
226 552
226 643
226 446
226 849
226 445
226 475
226 255
226 409
226 567
226 248
226 309
226 362
226 430
226 436
226 497
226 572
226 582
226 599
226 629
226 789
226 801
226 879
226 887
226 901
226 940
226 943
226 995
227 283
227 810
227 512
227 560
227 695
227 911
227 488
227 899
227 326
227 315
227 704
228 929
228 831
228 230
228 543
228 235
228 272
228 588
228 627
228 797
228 968
229 872
229 871
229 707
229 805
229 585
229 877
229 693
229 316
229 325
229 543
229 715
229 752
229 803
229 971
230 854
230 653
230 359
230 414
230 373
230 348
230 431
230 410
230 523
230 618
230 627
230 928
230 969
231 722
231 487
231 376
231 691
231 799
231 789
231 412
231 402
231 636
231 726
231 269
231 493
231 607
231 652
231 807
231 838
231 876
232 584
232 982
232 460
232 301
232 372
232 844
232 764
232 958
232 253
232 418
232 590
232 676
232 886
233 672
233 766
233 657
233 907
233 284
233 420
233 259
233 506
233 880
233 396
233 494
233 491
233 280
233 847
233 697
233 817
233 386
233 395
233 529
233 541
233 602
233 620
233 731
233 752
233 863
234 784
234 283
234 611
234 779
234 322
234 679
234 706
234 270
234 413
234 593
234 763
234 783
234 827
234 851
235 578
235 286
235 622
235 380
235 596
235 238
235 953
235 557
235 598
235 651
235 668
235 681
235 964
236 942
236 356
236 708
236 265
236 302
236 389
236 396
236 449
236 464
236 755
236 766
237 647
237 366
237 971
237 416
237 340
237 369
237 385
237 472
237 498
237 552
237 744
237 933
238 408
238 651
238 454
238 914
238 477
238 606
238 379
238 937
238 867
238 307
238 341
238 461
238 596
238 597
238 601
238 840
239 406
239 526
239 563
239 298
239 319
239 326
239 345
239 377
239 489
239 642
239 683
239 751
239 757
239 793
239 796
239 824
239 845
239 898
240 398
240 372
240 511
240 694
240 706
240 244
240 249
240 257
240 482
240 582
240 609
240 819
240 973
240 998
241 871
241 685
241 806
241 674
241 282
241 931
241 247
241 319
241 436
241 565
241 636
242 852
242 724
242 254
242 494
242 977
242 552
242 906
242 339
242 506
242 535
242 570
242 623
242 646
242 833
242 870
242 925
242 936
242 994
243 869
243 573
243 414
243 997
243 941
243 293
243 507
243 834
243 328
243 295
243 408
243 510
243 775
243 817
243 838
244 658
244 300
244 609
244 517
244 264
244 327
244 257
244 318
244 374
244 392
244 487
244 547
244 558
244 600
244 612
244 639
244 652
244 887
244 975
245 644
245 514
245 944
245 560
245 799
245 911
245 326
245 417
245 616
245 402
245 683
245 721
245 990
246 746
246 508
246 973
246 922
246 772
246 978
246 910
246 980
246 638
246 474
246 300
246 555
246 888
246 584
246 810
246 890
246 619
246 961
246 822
246 294
246 892
246 359
246 275
246 490
246 503
246 557
246 679
246 680
246 766
246 798
246 851
246 868
246 903
246 927
246 974
247 551
247 938
247 562
247 301
247 535
247 675
247 751
247 807
247 875
247 885
247 889
248 437
248 997
248 537
248 938
248 711
248 564
248 505
248 641
248 554
248 674
248 556
248 323
248 328
248 377
248 452
248 515
248 516
248 840
249 363
249 983
249 587
249 519
249 608
249 321
249 545
249 459
249 835
249 753
249 984
249 257
249 638
249 271
249 435
249 857
249 428
249 909
249 251
249 266
249 527
249 746
250 531
250 905
250 634
250 354
250 259
250 265
250 306
250 423
250 471
250 707
250 715
250 915
250 917
251 534
251 699
251 549
251 425
251 973
251 705
251 328
251 327
251 264
251 471
251 558
251 651
251 818
251 843
252 356
252 764
252 848
252 409
252 729
252 773
252 528
252 921
252 825
252 530
252 785
252 807
252 967
253 459
253 982
253 851
253 549
253 285
253 263
253 666
253 361
253 675
253 311
253 331
253 344
253 511
253 519
253 604
253 626
253 746
253 947
253 960
254 994
254 588
254 754
254 637
254 532
254 284
254 477
254 856
254 608
254 719
254 729
254 750
254 852
254 871
254 877
254 942
255 438
255 323
255 554
255 405
255 410
255 447
255 452
255 484
255 569
255 684
255 726
255 829
256 713
256 986
256 784
256 287
256 326
256 292
256 363
256 381
256 545
256 547
256 591
256 606
256 739
256 927
256 930
256 983
257 854
257 739
257 595
257 397
257 858
257 699
257 271
257 425
257 499
257 508
257 511
257 558
257 670
257 755
257 763
257 770
257 773
257 783
257 798
257 847
258 672
258 464
258 780
258 407
258 335
258 768
258 937
258 295
258 431
258 577
258 622
258 867
258 892
259 707
259 933
259 273
259 284
259 342
259 502
259 509
259 515
259 637
259 766
260 397
260 947
260 508
260 649
260 329
260 881
260 950
260 517
260 328
260 402
260 263
260 322
260 652
260 739
260 927
261 270
261 538
261 733
261 491
261 509
261 832
261 369
261 546
261 362
261 550
261 559
261 722
261 781
261 903
261 939
262 888
262 826
262 776
262 328
262 706
262 424
262 411
262 326
262 291
262 380
262 417
262 488
262 497
262 570
263 922
263 609
263 798
263 910
263 531
263 331
263 474
263 504
263 928
264 318
264 635
264 984
264 854
264 325
264 894
264 466
264 619
264 625
264 336
264 358
264 424
264 527
264 584
264 843
264 922
265 733
265 877
265 492
265 303
265 762
265 795
265 348
265 342
265 364
265 529
265 588
265 632
265 712
265 907
266 812
266 397
266 608
266 672
266 363
266 584
266 425
266 392
266 268
266 780
266 645
266 288
266 313
266 625
266 652
266 682
266 713
266 865
267 987
267 773
267 346
267 616
267 813
267 311
267 326
267 900
267 824
267 465
267 958
267 430
267 310
267 567
267 572
267 716
267 727
267 932
267 948
268 285
268 608
268 980
268 652
268 591
268 555
268 638
268 357
268 403
268 728
268 344
268 658
268 881
269 977
269 467
269 308
269 427
269 799
269 554
269 328
269 311
269 402
269 411
269 475
269 516
269 640
269 739
269 791
269 858
269 911
270 322
270 349
270 753
270 694
270 290
270 587
270 547
270 713
270 271
270 781
270 995
270 435
270 522
270 527
270 579
270 707
270 889
271 290
271 482
271 527
271 753
271 609
271 425
271 599
271 922
271 318
271 397
271 429
271 584
271 676
271 692
271 717
271 750
271 810
271 887
271 973
271 986
272 829
272 795
272 422
272 700
272 303
272 274
272 277
272 335
272 403
272 682
272 759
272 781
272 914
273 647
273 630
273 529
273 531
273 371
273 959
273 623
273 304
273 542
273 776
273 451
273 678
273 881
273 902
273 966
274 942
274 792
274 703
274 678
274 710
274 501
274 557
274 462
274 464
274 579
274 687
274 949
275 828
275 923
275 471
275 844
275 505
275 846
275 993
275 564
275 796
275 535
275 727
275 326
275 349
275 360
275 384
275 424
275 515
275 605
275 607
275 680
275 884
275 926
276 606
276 688
276 415
276 299
276 337
276 407
276 411
276 426
276 469
276 507
276 548
276 557
276 645
276 697
276 768
276 859
276 946
277 586
277 617
277 778
277 333
277 985
277 415
277 486
277 507
277 517
277 837
277 838
277 856
277 970
278 983
278 388
278 393
278 336
278 419
278 297
278 374
278 408
278 468
278 475
278 697
278 716
278 748
278 904
279 549
279 758
279 883
279 698
279 537
279 615
279 287
279 359
279 384
279 495
279 502
279 570
279 588
279 654
279 655
279 660
279 733
279 820
279 925
280 923
280 408
280 316
280 357
280 395
280 492
280 502
280 532
280 540
280 708
280 862
280 949
281 339
281 432
281 671
281 959
281 388
281 501
281 502
281 542
281 584
281 659
281 693
281 754
281 766
281 928
281 952
282 930
282 326
282 629
282 814
282 289
282 958
282 523
282 328
282 361
282 484
282 552
282 595
282 709
282 751
282 770
282 844
282 944
283 524
283 611
283 331
283 482
283 749
283 305
283 403
283 543
283 579
283 591
283 658
283 858
283 897
284 862
284 576
284 998
284 509
284 711
284 723
284 362
284 432
284 602
284 660
284 719
284 988
285 910
285 858
285 508
285 550
285 647
285 326
285 901
285 312
285 318
285 398
285 425
285 433
285 458
285 482
285 499
285 519
285 600
285 663
285 866
286 521
286 762
286 728
286 970
286 867
286 688
286 738
286 333
286 334
286 379
286 403
286 446
286 468
286 486
286 510
286 512
286 537
286 653
286 701
286 727
286 734
286 795
286 808
286 965
287 499
287 587
287 591
287 817
287 288
287 324
287 376
287 433
287 459
287 460
287 522
287 611
287 612
287 678
287 682
287 821
287 984
288 635
288 322
288 810
288 960
288 604
288 984
288 547
288 386
288 365
288 429
288 545
289 326
289 876
289 796
289 582
289 641
289 388
289 406
289 563
289 599
289 607
289 720
289 751
289 819
290 682
290 991
290 798
290 821
290 364
290 404
290 472
290 493
290 527
290 709
290 745
290 812
290 858
290 889
291 582
291 675
291 326
291 807
291 842
291 346
291 445
291 565
291 644
291 723
291 944
292 510
292 387
292 407
292 673
292 791
292 856
293 586
293 665
293 953
293 403
293 422
293 426
293 468
293 626
293 769
293 891
294 650
294 532
294 752
294 754
294 747
294 707
294 304
294 952
294 685
294 451
294 483
294 529
294 568
294 893
294 905
294 942
295 632
295 872
295 502
295 716
295 601
295 334
295 622
295 906
295 778
295 653
295 382
295 298
295 339
295 355
295 898
295 941
296 989
296 976
296 521
296 446
296 817
296 408
296 437
296 510
296 596
296 777
296 807
296 912
296 995
297 699
297 457
297 823
297 496
297 912
297 702
297 473
297 769
297 627
297 510
297 408
297 914
297 336
297 365
297 393
297 446
297 450
297 472
297 499
297 577
297 716
297 765
297 811
298 600
298 953
298 422
298 957
298 415
298 468
298 597
298 627
298 778
298 798
298 869
298 914
299 980
299 407
299 382
299 732
299 668
299 386
299 946
299 578
299 859
299 656
299 387
299 415
299 461
299 543
299 782
299 797
299 839
300 830
300 772
300 894
300 352
300 858
300 790
300 627
300 817
300 695
300 318
300 561
300 650
300 776
301 822
301 986
301 983
301 413
301 701
301 897
301 951
301 549
301 649
301 676
301 960
302 826
302 855
302 939
302 710
302 883
302 416
302 820
302 364
302 483
302 977
302 327
302 438
302 760
302 805
302 902
302 919
302 979
303 361
303 972
303 811
303 689
303 643
303 314
303 324
303 407
303 480
303 626
303 734
303 775
303 831
303 844
304 429
304 584
304 719
304 972
304 913
304 892
304 329
304 383
304 487
304 698
304 758
304 781
304 995
305 828
305 978
305 500
305 619
305 522
305 312
305 830
305 508
305 639
305 678
305 577
305 874
305 951
305 490
305 875
305 400
305 474
305 558
305 717
305 961
306 703
306 766
306 369
306 438
306 551
306 575
306 648
306 740
306 805
306 840
306 854
306 871
306 933
306 998
307 820
307 797
307 823
307 627
307 970
307 573
307 976
307 365
307 690
307 782
307 431
307 334
307 418
307 429
307 439
307 592
307 620
307 631
307 655
307 663
307 882
307 889
307 894
307 899
307 931
308 473
308 823
308 402
308 840
308 918
308 326
308 410
308 430
308 442
308 475
308 603
308 640
308 678
308 819
308 824
308 842
308 911
309 398
309 423
309 840
309 497
309 845
309 402
309 362
309 412
309 489
309 556
309 688
309 729
309 932
310 333
310 688
310 921
310 727
310 785
310 940
310 681
310 409
310 412
310 791
310 459
310 515
310 675
311 369
311 801
311 535
311 574
311 662
311 875
311 990
312 600
312 611
312 924
312 950
312 344
312 435
312 579
312 763
312 879
312 922
312 973
312 986
313 619
313 936
313 610
313 625
313 818
313 894
313 658
313 808
313 453
313 326
313 404
313 604
313 789
313 920
313 922
314 748
314 446
314 622
314 653
314 621
314 332
314 580
314 716
314 823
314 954
315 834
315 955
315 475
315 436
315 528
315 614
315 821
315 899
316 780
316 873
316 369
316 389
316 395
316 396
316 495
316 733
316 767
316 826
316 991
317 738
317 326
317 674
317 711
317 405
317 487
317 644
317 763
317 893
317 940
318 694
318 500
318 635
318 897
318 527
318 860
318 570
318 387
318 434
318 517
318 762
318 853
318 886
319 974
319 600
319 563
319 642
319 641
319 329
319 438
319 565
319 631
319 695
319 723
319 845
320 321
320 603
320 926
320 684
320 785
320 704
320 551
320 633
320 720
320 751
320 803
320 809
320 845
320 860
321 590
321 558
321 818
321 713
321 894
321 487
321 524
321 600
321 762
321 843
321 865
322 945
322 508
322 865
322 897
322 485
322 346
322 349
322 479
322 713
323 714
323 760
323 942
323 872
323 388
323 659
323 518
323 833
323 326
323 675
323 777
323 971
323 979
324 461
324 651
324 737
324 337
324 748
324 387
324 374
324 401
324 415
324 503
324 618
324 644
324 689
324 771
324 815
324 941
324 985
325 344
325 658
325 664
325 338
325 397
325 760
325 938
325 398
325 590
325 745
325 850
325 927
325 974
326 519
326 772
326 701
326 460
326 983
326 396
326 347
326 956
326 883
326 620
326 486
326 795
326 645
326 656
326 455
326 523
326 948
326 554
326 465
326 448
326 430
326 901
326 616
326 489
326 530
326 661
326 484
326 674
326 955
326 773
326 840
326 562
326 677
326 443
326 944
326 993
326 546
326 640
326 918
326 990
326 402
326 436
326 526
326 567
326 921
326 793
326 458
326 624
326 346
326 376
326 641
326 339
326 345
326 358
326 377
326 405
326 406
326 411
326 412
326 424
326 447
326 449
326 453
326 462
326 487
326 490
326 498
326 505
326 515
326 525
326 535
326 544
326 551
326 565
326 581
326 582
326 605
326 607
326 621
326 662
326 667
326 675
326 684
326 685
326 691
326 720
326 721
326 725
326 729
326 757
326 764
326 776
326 787
326 789
326 821
326 842
326 860
326 875
326 898
326 900
326 911
326 930
326 932
326 938
326 957
326 966
326 967
326 995
327 563
327 328
327 345
327 402
327 412
327 419
327 424
327 535
327 556
327 916
327 948
328 414
328 726
328 345
328 405
328 427
328 430
328 552
328 562
328 565
328 704
328 721
328 935
329 983
329 666
329 709
329 558
329 586
329 459
329 466
329 581
329 649
329 694
329 748
329 989
330 647
330 877
330 754
330 589
331 392
331 753
331 679
331 658
331 763
331 413
331 945
331 794
331 534
331 591
331 610
331 717
331 745
331 751
331 896
331 974
331 982
332 471
332 941
332 716
332 426
332 400
332 428
332 901
332 335
332 382
332 440
332 577
332 596
332 834
332 968
332 982
333 375
333 853
333 946
333 379
333 951
333 341
333 373
333 450
333 469
333 662
333 673
333 728
333 762
333 768
333 817
333 908
333 981
334 746
334 596
334 431
334 470
334 808
334 771
334 403
334 598
334 994
335 367
335 702
335 606
335 337
335 643
335 981
335 386
335 480
335 514
335 393
335 533
335 536
335 656
335 817
335 834
335 908
336 391
336 386
336 510
336 521
336 838
336 957
336 421
336 387
336 449
336 512
336 573
336 673
336 740
336 782
336 844
336 847
337 851
337 844
337 431
337 426
337 800
337 355
337 400
337 837
337 954
338 652
338 887
338 459
338 522
338 558
338 363
338 647
338 618
338 992
338 729
338 425
338 466
338 534
338 701
338 715
339 504
339 865
339 742
339 703
339 518
339 919
339 588
339 792
339 959
339 707
339 842
339 383
339 439
339 531
339 676
339 718
339 744
339 786
339 925
339 960
340 476
340 660
340 416
340 542
340 780
340 833
340 589
340 915
340 761
340 777
340 653
340 464
340 487
340 632
340 647
340 864
341 596
341 778
341 577
341 996
341 665
341 622
341 375
341 840
341 355
341 373
341 539
341 598
341 628
341 732
341 867
341 992
342 476
342 464
342 916
342 449
342 353
342 592
342 841
342 487
342 421
342 439
342 669
342 724
342 905
342 959
343 672
343 789
343 442
343 479
343 513
343 788
343 864
343 901
343 944
344 866
344 798
344 854
344 522
344 818
344 763
344 852
344 668
344 848
344 378
344 538
344 611
344 679
344 699
344 768
344 828
344 853
344 910
344 915
345 619
345 611
345 700
345 844
345 382
345 626
345 458
345 918
345 967
345 730
345 955
345 445
345 757
345 909
345 546
345 497
345 813
345 876
346 978
346 731
346 548
346 569
346 404
346 411
346 516
346 546
346 563
346 636
346 776
346 876
346 931
346 948
347 983
347 758
347 794
347 671
347 873
347 707
347 570
347 623
347 710
347 799
347 802
347 867
348 828
348 847
348 716
348 353
348 407
348 537
348 633
348 702
348 759
349 818
349 666
349 527
349 555
349 886
349 980
350 942
350 820
350 542
350 492
350 952
350 656
350 567
350 371
350 396
350 480
350 915
351 799
351 967
351 419
351 472
351 512
351 538
351 698
352 459
352 579
352 379
352 357
352 472
352 503
352 835
353 518
353 826
353 774
353 693
353 804
353 553
354 889
354 873
354 566
354 760
354 516
354 388
354 438
354 451
354 491
354 790
354 849
354 893
354 928
355 767
355 698
355 618
355 954
355 421
355 516
355 379
355 400
355 496
355 533
355 596
355 665
355 777
355 847
355 946
355 953
355 957
356 923
356 913
356 472
356 979
357 947
357 753
357 812
357 911
357 482
357 495
357 514
357 539
357 558
357 709
357 763
357 813
358 773
358 465
358 475
358 419
358 677
358 848
358 642
358 691
358 864
358 390
358 528
359 673
359 914
359 686
359 597
359 387
359 512
359 521
359 538
359 573
359 594
359 618
359 621
359 652
359 653
359 750
359 853
359 906
359 954
359 969
360 720
360 677
360 412
360 430
360 704
360 738
360 751
360 773
360 824
360 825
360 885
360 987
361 561
361 378
361 924
361 536
361 545
361 694
361 699
361 812
361 827
361 828
361 860
361 896
361 919
362 483
362 956
362 744
362 393
362 785
362 556
362 388
362 422
362 514
362 552
362 786
363 936
363 989
363 665
363 443
363 378
363 430
363 517
363 520
363 584
363 600
363 610
363 713
363 812
363 821
363 836
363 860
363 924
363 975
364 753
364 678
364 542
364 632
364 552
364 449
364 956
364 934
364 438
364 531
364 399
364 472
364 529
364 718
364 810
364 946
364 949
365 647
365 765
365 962
365 673
365 669
365 941
365 996
365 954
365 791
365 484
365 444
365 470
365 617
365 652
365 817
366 971
366 733
366 457
366 472
366 570
366 592
366 655
366 660
366 712
366 732
366 852
366 855
366 915
367 656
367 892
367 622
367 437
367 665
367 760
367 775
367 808
367 839
367 874
368 511
368 758
368 724
368 803
368 632
368 385
368 928
368 485
368 698
368 597
368 642
368 457
368 476
368 927
368 933
369 821
369 588
369 464
369 541
369 589
369 780
369 873
370 982
370 588
370 826
370 832
370 420
370 939
370 589
370 659
370 695
371 972
371 698
371 483
371 575
371 634
371 376
371 860
371 875
371 905
371 935
371 979
372 534
372 591
372 508
372 739
372 936
372 709
372 500
372 425
372 638
372 418
372 435
372 499
372 519
372 573
372 866
372 879
372 950
373 709
373 420
373 839
373 981
373 997
373 941
373 421
373 640
373 466
373 473
373 750
373 759
374 552
374 795
374 428
374 422
374 756
374 430
374 689
374 725
374 838
375 769
375 929
375 557
375 800
375 834
375 431
375 480
375 605
375 859
375 868
375 992
376 429
376 972
376 688
376 885
376 796
376 614
376 764
376 434
376 488
376 567
376 685
376 750
376 751
376 773
376 801
376 864
376 901
376 933
377 878
377 737
377 723
377 629
377 738
377 567
377 412
377 459
377 520
377 992
378 508
378 591
378 595
378 666
378 866
378 854
378 429
378 493
378 600
378 897
379 421
379 444
379 800
379 401
379 414
379 507
379 606
379 734
379 771
379 831
379 836
380 934
380 692
380 533
380 906
380 418
380 728
380 800
380 661
380 387
380 469
380 486
380 665
380 679
380 762
380 928
381 936
381 694
381 701
381 983
381 595
381 558
381 828
381 610
382 877
382 903
382 507
382 976
382 618
382 815
382 811
382 641
382 643
382 704
383 672
383 740
383 420
383 647
383 933
383 495
383 943
383 796
383 457
383 472
383 570
383 684
383 718
383 774
384 722
384 804
384 387
384 389
384 792
384 862
384 871
384 873
384 919
385 835
385 986
385 692
385 494
385 568
385 952
385 942
385 485
385 576
385 956
385 917
385 456
385 495
385 501
385 650
385 718
385 786
385 966
386 461
386 688
386 677
386 434
386 422
386 537
386 668
386 744
386 811
386 817
386 871
386 970
387 874
387 782
387 512
387 621
387 686
387 771
387 631
387 716
387 762
387 454
387 582
387 583
387 651
387 732
387 839
387 914
387 954
387 968
387 981
387 996
388 534
388 542
388 471
388 933
388 581
388 568
388 644
388 803
388 816
388 832
389 439
389 712
389 647
389 919
389 586
389 630
389 669
389 754
389 792
389 963
390 976
390 452
390 528
390 563
390 564
390 644
390 667
390 683
390 720
390 743
390 785
390 877
390 884
390 898
390 915
391 658
391 828
391 435
391 398
391 429
391 982
391 664
391 843
391 916
391 744
391 967
391 448
391 577
391 699
391 860
391 871
391 922
391 930
392 854
392 654
392 973
392 960
392 833
392 460
392 486
392 587
392 590
392 652
392 679
392 748
392 810
392 868
392 889
392 908
392 975
393 651
393 444
393 557
393 788
393 946
393 817
393 431
393 964
393 446
393 595
393 606
393 655
393 853
393 981
394 526
394 842
394 704
394 940
394 813
394 741
394 730
394 490
394 565
394 563
394 615
394 640
394 793
394 885
395 767
395 602
395 959
395 833
395 923
395 509
395 423
395 647
395 740
395 491
395 457
395 693
395 464
395 540
395 671
395 747
395 808
395 912
395 928
396 494
396 934
396 942
396 650
396 774
396 502
396 634
396 526
396 550
396 722
396 738
396 949
397 699
397 522
397 920
397 639
397 517
397 549
397 843
397 808
397 548
397 573
397 635
397 638
397 710
397 860
397 927
398 822
398 600
398 865
398 433
398 664
398 547
398 890
398 474
398 519
398 755
398 712
398 831
398 911
398 625
398 654
398 666
398 830
398 986
399 611
399 818
399 907
399 670
399 959
399 456
399 592
399 917
399 585
399 439
399 466
399 586
399 687
399 693
399 760
399 919
399 934
399 994
400 678
400 841
400 970
400 750
400 594
400 407
400 765
400 403
400 580
400 470
400 558
400 667
401 910
401 792
401 496
401 415
401 996
401 981
401 578
401 681
401 403
401 667
401 690
401 748
401 765
401 837
401 922
402 996
402 546
402 514
402 995
402 720
402 636
402 497
402 569
402 572
402 644
403 968
403 621
403 702
403 617
403 521
403 543
403 756
403 437
403 461
403 878
404 986
404 503
404 545
404 584
404 999
404 821
404 705
404 980
404 555
404 868
404 797
404 415
404 681
404 435
404 975
405 888
405 495
405 633
405 489
405 505
405 726
405 958
405 683
405 445
405 738
405 695
405 523
405 412
405 730
405 736
405 746
405 751
406 885
406 743
406 458
406 544
406 465
406 940
406 560
406 457
406 564
406 629
407 870
407 941
407 953
407 765
407 775
407 656
407 655
407 808
407 734
407 690
407 480
407 732
407 606
407 776
407 456
407 460
407 537
407 892
408 508
408 800
408 937
408 598
408 891
408 985
408 992
408 437
408 698
408 892
409 842
409 447
409 572
409 720
409 900
409 931
409 948
409 967
409 978
409 995
410 621
410 824
410 993
410 563
410 572
411 846
411 624
411 751
411 456
411 465
411 567
411 785
411 814
411 889
411 926
411 931
412 489
412 738
412 849
412 419
412 417
412 427
412 475
412 526
412 603
412 667
412 683
412 944
412 995
413 555
413 466
413 503
413 431
413 433
413 479
413 487
413 498
413 593
413 666
413 701
413 739
413 747
413 772
413 922
413 924
413 945
413 973
413 999
414 910
414 437
414 762
414 444
414 428
414 968
414 800
414 606
414 795
414 892
414 981
415 971
415 446
415 856
415 716
415 976
415 704
415 421
415 454
415 601
415 665
415 690
415 787
415 937
416 854
416 707
416 506
416 714
416 463
416 589
416 804
417 820
417 944
417 488
417 523
417 668
417 683
417 803
417 993
418 830
418 694
418 715
418 444
418 892
418 507
418 578
418 580
418 686
418 839
418 834
418 481
418 756
418 422
418 477
418 486
418 537
418 604
418 906
418 937
418 985
419 472
419 940
419 899
419 935
419 447
419 523
419 579
419 599
419 662
419 706
419 711
419 757
419 810
419 901
420 883
420 774
420 509
420 540
420 620
420 712
420 718
420 804
420 994
421 597
421 823
421 444
421 643
421 676
421 815
421 874
421 895
422 433
422 886
422 833
422 645
422 468
422 617
422 906
422 668
422 750
422 920
423 994
423 541
423 870
423 476
423 472
423 715
423 926
424 721
424 885
424 535
424 453
424 548
424 569
424 636
424 723
424 743
424 824
424 890
425 999
425 854
425 504
425 860
425 619
425 865
425 558
425 986
425 866
425 474
425 639
425 901
425 791
425 499
425 600
425 604
425 784
425 980
425 991
426 859
426 882
426 782
426 808
426 643
426 530
426 470
426 521
426 737
426 881
426 954
427 994
427 663
427 548
427 864
427 436
427 546
427 840
427 876
428 795
428 688
428 823
428 477
428 526
428 762
428 844
428 853
429 460
429 835
429 863
429 599
429 600
429 822
429 960
429 664
429 699
429 439
429 579
429 687
429 803
429 851
429 865
429 936
429 973
430 779
430 635
430 457
430 628
430 931
430 730
430 641
430 535
430 554
430 614
430 748
430 757
430 785
430 965
430 967
431 984
431 957
431 815
431 688
431 953
431 450
431 997
431 437
431 496
431 521
431 573
431 618
431 622
431 728
431 874
431 970
431 981
432 508
432 682
432 467
432 502
432 592
432 754
432 698
432 529
432 722
432 793
432 520
432 530
432 575
432 671
432 852
432 919
433 500
433 536
433 713
433 980
433 984
433 942
433 513
433 530
433 658
433 739
433 818
433 868
433 876
433 950
434 752
434 802
434 447
434 563
434 544
434 776
434 455
434 789
434 967
434 442
434 530
434 581
434 624
434 845
434 854
434 955
435 828
435 503
435 547
435 590
435 625
435 706
435 772
435 783
435 862
435 982
436 939
436 923
436 614
436 967
436 824
436 490
436 574
436 582
436 516
436 594
436 633
436 940
437 668
437 673
437 808
437 875
437 577
437 797
437 815
438 646
438 872
438 669
439 923
439 998
439 648
439 588
439 816
439 893
439 987
439 667
439 857
439 903
439 988
439 991
440 917
440 598
440 444
440 874
440 601
440 702
440 716
440 968
440 981
440 992
441 975
441 772
441 779
441 536
441 591
441 720
441 527
441 593
441 707
441 746
441 835
441 989
442 455
442 523
442 955
442 898
442 497
442 564
442 663
442 726
442 833
442 931
442 932
443 706
443 918
443 704
443 712
444 765
444 469
444 668
444 802
444 839
444 954
445 701
445 814
445 995
445 723
445 629
445 651
445 819
445 846
445 898
445 921
446 891
446 690
446 997
446 815
446 867
446 557
446 621
446 630
446 782
446 888
446 951
446 954
446 960
446 970
446 978
447 817
447 644
447 685
447 691
447 475
447 629
447 448
447 809
447 736
447 955
447 711
447 548
447 741
447 581
447 784
447 786
448 652
448 972
448 689
448 990
448 567
448 807
448 475
448 674
448 581
448 625
448 642
449 862
449 671
449 833
449 518
449 566
449 623
449 826
450 676
450 782
450 996
450 577
450 700
450 729
450 853
450 874
450 914
450 954
450 985
451 754
451 540
451 942
451 708
451 773
451 580
451 626
451 698
451 907
452 950
452 615
452 764
452 691
452 819
452 548
452 618
452 770
452 849
453 521
453 598
453 901
453 938
453 825
453 801
453 581
453 666
454 788
454 617
454 725
454 665
454 628
454 831
454 997
454 469
454 553
454 577
454 734
454 811
454 823
454 879
455 529
455 918
455 751
455 876
455 520
455 526
455 743
455 748
455 967
456 950
456 994
456 660
456 802
456 820
456 954
457 664
457 566
457 576
457 540
457 559
457 575
457 648
457 706
457 710
457 826
457 870
457 893
457 928
457 943
457 949
457 987
458 661
458 463
458 546
458 556
458 572
458 581
458 726
459 638
459 881
459 713
459 595
459 479
459 705
459 728
459 460
459 625
459 748
459 827
459 886
459 910
460 664
460 936
460 910
460 511
460 538
460 754
460 568
460 892
460 875
460 717
460 886
461 969
461 628
461 627
461 768
461 736
461 507
461 954
462 949
462 622
462 514
462 616
462 505
462 958
462 569
462 606
462 846
462 965
463 880
463 780
463 693
463 857
463 518
463 761
463 491
463 506
463 623
463 648
463 698
463 757
463 797
463 877
463 905
463 919
463 971
464 632
464 707
464 566
464 873
464 786
464 550
464 871
464 552
464 722
464 742
464 586
464 832
464 475
464 529
464 714
464 777
465 977
465 940
465 681
465 842
465 614
465 512
465 521
465 543
465 607
465 629
465 683
465 721
465 799
465 818
465 864
465 887
466 897
466 499
466 658
466 664
466 828
466 858
466 947
466 968
467 761
467 979
467 939
467 923
467 731
467 806
467 494
467 571
467 646
467 657
467 669
467 892
468 922
468 963
468 510
468 969
468 844
468 469
468 929
468 622
468 507
468 787
468 840
468 486
468 557
468 732
468 943
469 626
469 800
469 606
469 627
469 507
469 583
469 486
469 997
469 700
469 797
469 643
469 996
469 756
469 895
469 831
469 655
470 754
470 977
470 782
470 578
470 941
470 748
470 882
470 970
470 665
470 596
470 838
470 847
470 867
471 584
471 552
471 747
471 632
471 494
471 903
471 483
471 501
471 559
471 902
472 786
472 671
472 774
472 803
472 852
472 923
472 707
472 518
472 623
472 698
472 731
472 805
472 903
473 503
473 976
473 496
473 688
473 596
473 680
473 533
473 621
473 702
473 734
473 782
473 823
473 937
473 962
473 964
474 676
474 654
474 755
474 818
474 877
474 882
474 892
474 896
474 936
475 583
475 995
475 516
475 556
475 563
475 836
476 758
476 553
476 715
476 541
476 570
476 916
476 928
477 513
477 553
477 580
477 845
477 768
477 913
478 972
478 710
478 833
478 862
478 915
478 804
478 761
478 529
478 531
478 874
478 570
478 630
478 678
478 707
478 740
478 754
478 901
478 943
479 868
479 611
479 536
479 894
479 889
479 897
479 761
479 483
479 776
479 579
479 643
479 827
480 599
480 630
480 867
480 688
480 788
480 669
480 577
480 782
480 829
480 741
480 516
480 596
480 771
480 874
481 697
481 756
481 497
481 633
481 577
481 583
481 594
481 653
481 694
481 759
481 834
481 868
481 945
481 970
482 534
482 835
482 584
482 984
482 609
482 570
482 862
482 629
482 558
482 654
482 739
482 763
482 798
482 994
483 540
483 647
483 803
484 554
484 633
484 535
484 546
484 548
484 562
484 616
484 674
484 732
484 884
484 901
485 703
485 761
485 487
485 794
485 724
485 643
485 498
485 553
485 623
485 686
485 722
485 789
485 804
485 816
485 870
486 594
486 631
486 618
486 750
486 543
486 728
486 815
486 837
486 867
486 914
486 929
486 941
486 957
486 964
487 579
487 871
487 873
487 943
487 586
487 703
487 634
487 678
487 833
487 928
488 584
488 515
488 544
488 562
489 898
489 727
489 764
489 846
489 520
489 806
489 565
489 569
489 680
489 804
489 845
490 680
490 958
490 644
490 801
490 926
490 764
490 675
490 738
490 805
491 709
491 585
491 998
491 744
491 987
491 646
491 869
492 966
492 832
492 589
492 531
492 529
492 650
492 495
492 777
492 872
492 880
492 952
493 812
493 527
493 851
493 922
493 584
493 717
494 652
494 692
494 833
494 550
494 604
494 634
494 693
494 808
494 889
494 963
494 977
495 558
495 758
495 749
495 979
495 873
495 956
495 572
495 540
495 786
496 580
496 512
496 626
496 606
496 996
496 607
496 556
496 759
497 729
497 764
497 711
497 563
497 572
497 704
497 845
497 924
498 978
498 664
498 918
498 727
498 955
498 948
498 582
498 813
498 680
498 864
498 704
498 806
499 860
499 545
499 888
499 519
499 609
500 536
500 947
500 517
500 561
500 607
500 658
500 894
500 945
501 746
501 657
501 585
501 902
501 832
501 966
501 869
501 918
501 793
501 674
501 588
501 602
502 602
502 708
502 925
502 531
502 506
502 873
502 532
502 993
502 630
502 659
502 696
502 724
502 731
502 760
502 761
502 869
503 664
503 999
503 539
503 558
503 801
503 576
503 580
503 635
503 638
503 682
503 753
503 786
503 791
503 850
503 945
503 991
504 513
504 574
504 590
504 599
504 600
504 654
504 803
504 810
504 835
504 843
504 879
504 948
504 973
504 987
505 544
505 796
505 523
505 940
505 681
505 840
505 563
505 573
505 660
505 864
506 919
506 740
506 963
506 952
506 797
506 582
506 589
506 594
506 707
506 747
506 790
506 805
506 988
506 994
507 892
507 954
507 578
507 992
507 626
507 743
507 785
507 882
508 705
508 753
508 539
508 545
508 889
509 913
509 585
509 841
509 853
509 877
509 883
510 707
510 543
510 951
510 823
510 765
510 788
510 808
510 557
510 817
510 895
510 968
511 599
511 679
511 652
511 745
511 911
511 901
511 604
511 619
511 666
511 986
512 897
512 855
512 895
512 941
512 716
512 765
512 970
512 712
512 728
512 768
512 891
513 835
513 534
513 682
513 538
513 843
513 893
513 593
513 609
513 666
513 755
513 825
513 860
513 936
514 527
514 728
514 799
514 938
514 571
514 567
514 574
514 605
514 614
514 615
514 667
514 967
515 830
515 962
515 776
515 723
515 551
515 751
515 556
515 571
515 662
515 677
515 900
515 926
515 948
516 573
516 704
516 691
516 892
517 887
517 982
517 713
517 924
517 830
517 897
517 587
517 765
517 538
517 600
517 656
518 592
518 907
518 707
518 956
518 576
518 589
518 710
518 715
518 717
518 718
518 740
518 857
518 873
518 963
518 966
518 979
519 746
519 611
519 851
519 614
519 603
519 920
520 639
520 809
520 727
520 995
520 836
520 605
520 842
520 958
521 778
521 829
521 878
521 811
521 537
521 617
521 845
521 937
522 590
522 635
522 527
522 718
522 523
522 524
522 579
522 591
522 701
522 748
522 812
523 663
523 825
523 546
523 572
523 680
523 692
523 754
523 776
523 898
524 897
524 978
524 854
524 907
524 846
524 584
524 649
524 716
524 799
524 983
525 956
525 997
525 801
525 548
525 565
525 582
525 691
525 764
525 845
525 946
526 679
526 911
526 770
526 528
526 730
526 605
526 899
526 928
527 654
527 612
527 854
527 922
527 679
527 566
527 940
527 672
527 784
527 936
527 957
528 656
528 807
528 911
528 840
528 640
528 757
528 582
528 938
528 569
528 624
528 975
529 588
529 568
529 794
529 998
529 564
529 566
529 657
529 719
529 786
529 902
529 903
529 941
530 534
530 932
530 900
530 669
530 695
530 813
531 703
531 979
531 542
531 766
531 988
531 740
531 692
531 723
531 562
531 622
531 777
531 802
531 916
531 943
532 698
532 917
532 852
532 792
532 873
532 747
532 781
532 634
532 630
532 902
532 799
532 566
532 691
532 710
532 816
532 820
532 892
532 930
533 882
533 673
533 856
533 627
533 788
533 624
533 628
533 769
534 850
534 658
534 896
534 620
534 621
534 679
534 746
534 972
534 978
534 982
535 610
535 992
535 967
535 770
535 921
535 918
535 644
535 899
535 909
535 944
536 649
536 699
536 705
536 553
536 842
536 716
536 744
536 772
536 879
537 790
537 834
537 690
537 645
537 839
537 583
537 882
537 618
537 716
537 728
537 768
537 838
537 869
537 908
538 879
538 851
538 927
538 713
538 902
538 559
538 897
539 821
539 658
539 848
539 609
539 704
539 798
539 865
540 916
540 731
540 792
540 925
540 893
540 606
540 659
540 680
541 637
541 987
541 877
541 979
541 925
541 880
541 590
541 693
541 728
541 783
541 988
542 774
542 963
542 588
542 550
542 650
542 731
542 742
542 767
542 857
542 969
543 672
543 568
543 752
543 598
543 628
543 771
543 686
543 688
543 778
543 856
543 782
543 665
543 946
544 672
544 704
544 898
544 840
544 730
544 741
544 556
544 560
544 659
544 726
544 824
544 849
544 948
545 973
545 927
545 684
545 763
545 850
545 854
545 924
546 931
546 736
546 607
546 773
546 813
546 876
547 739
547 709
547 619
547 638
547 930
547 705
547 831
547 926
547 561
547 610
547 679
547 687
547 694
547 835
547 860
547 868
547 874
547 886
547 896
548 692
548 581
548 825
548 567
548 615
548 901
548 726
549 584
549 701
549 933
549 704
549 717
549 755
549 763
549 868
549 885
549 989
550 650
550 792
550 919
550 634
550 959
550 640
550 647
550 718
550 781
551 796
551 836
551 770
551 789
551 581
551 662
551 721
551 899
552 939
552 893
552 744
552 959
553 802
553 963
553 619
553 760
553 786
553 915
554 677
554 990
554 958
554 773
554 616
554 581
554 624
554 661
554 814
554 842
554 959
555 920
555 983
555 955
555 635
555 655
555 740
555 754
555 905
555 910
555 922
556 577
556 730
556 849
556 571
556 683
556 806
557 725
557 856
557 908
557 953
557 964
557 859
557 906
557 765
557 834
557 665
557 951
558 888
558 879
558 649
558 604
558 625
558 641
558 829
558 846
558 850
558 945
559 919
559 933
559 841
559 816
559 790
559 985
559 988
560 640
560 565
560 567
560 796
560 929
561 866
561 664
561 843
561 798
561 701
561 612
561 590
561 600
561 608
561 734
561 763
561 772
561 910
562 565
562 723
562 801
562 940
562 574
562 629
562 683
562 695
562 803
562 967
563 651
563 768
563 624
563 684
563 764
563 605
563 633
563 662
563 667
563 727
563 901
563 909
564 662
564 990
564 757
564 729
564 993
564 567
564 581
564 594
564 814
564 918
564 931
565 785
565 661
565 700
565 824
565 921
566 798
566 860
566 871
566 647
566 713
567 649
567 736
567 675
567 948
567 624
567 693
567 695
567 807
567 967
567 995
568 852
568 977
568 585
568 802
568 741
568 907
568 995
569 846
569 571
569 757
569 938
569 675
569 861
569 796
569 605
569 633
569 642
569 667
569 685
569 922
569 923
569 965
570 841
570 576
570 623
570 670
570 952
570 710
570 575
570 602
570 715
570 766
570 924
571 819
571 677
571 899
571 944
571 624
571 770
571 773
571 849
571 854
571 885
571 946
571 958
572 798
572 616
572 711
572 776
572 785
572 825
572 902
573 917
573 732
573 815
573 837
573 725
573 946
574 693
574 592
574 875
574 773
574 695
574 955
574 582
574 702
574 730
574 809
574 842
574 845
574 946
575 739
575 589
575 707
575 780
575 905
575 969
576 586
576 774
576 790
576 895
576 660
576 826
576 857
576 913
576 919
577 580
577 853
577 750
577 597
577 665
577 721
577 737
577 791
578 676
578 630
578 765
578 597
578 665
578 815
578 867
578 884
579 649
579 772
579 890
579 593
579 715
579 818
579 889
579 929
579 930
579 989
580 737
580 628
580 750
580 759
580 815
580 853
580 892
580 895
580 904
580 937
581 772
581 959
581 791
581 909
581 840
581 615
581 723
581 735
581 607
581 771
581 789
582 850
582 939
582 585
582 836
582 875
582 990
582 796
582 735
582 885
582 785
582 644
582 711
582 962
583 771
583 686
583 704
583 691
583 734
583 740
583 795
583 816
583 837
583 892
583 912
584 682
584 608
584 664
584 701
584 721
584 894
584 924
584 957
584 961
585 985
585 834
585 928
585 957
586 939
586 637
586 902
586 589
586 669
586 760
586 774
586 777
586 803
586 876
587 894
587 897
587 858
587 639
587 746
587 863
587 920
587 956
588 691
588 828
589 923
589 696
589 778
589 646
589 749
589 827
589 939
590 984
590 835
590 628
590 595
590 727
590 879
591 604
591 835
591 664
591 666
591 879
591 891
591 950
591 986
592 696
592 919
592 979
592 758
592 988
593 609
593 887
593 725
593 953
593 631
593 743
593 889
594 643
594 606
594 856
594 829
594 964
594 875
595 779
595 924
595 783
595 854
595 858
595 881
595 652
595 604
595 635
595 946
595 676
595 679
595 713
595 769
595 896
595 915
595 927
595 984
596 625
596 617
596 702
596 859
596 645
596 601
596 737
596 773
596 946
596 981
596 985
597 665
597 969
597 918
597 668
597 702
597 728
597 853
597 869
598 733
598 804
598 782
598 668
598 839
598 606
598 725
598 891
598 904
598 992
599 922
599 676
599 745
599 702
599 625
599 646
599 772
599 798
599 821
599 827
599 982
600 896
600 779
600 604
600 611
600 863
600 868
600 886
601 970
601 669
601 656
601 914
601 668
601 786
601 969
602 774
602 943
602 678
602 744
602 687
602 790
602 889
603 674
603 727
603 730
603 921
604 889
604 772
604 866
604 897
604 975
604 779
604 746
604 887
604 881
605 661
605 840
605 791
605 643
605 912
606 906
606 628
606 839
606 631
606 797
606 841
607 923
607 882
607 861
607 901
607 677
607 741
607 899
607 632
607 846
607 849
608 945
608 753
608 649
608 983
608 652
608 821
608 850
608 851
609 950
609 654
609 772
609 865
609 896
609 898
609 907
610 753
610 812
610 865
610 809
610 659
610 860
610 866
611 936
611 851
611 821
611 839
611 682
611 745
611 763
611 836
611 858
611 940
611 963
612 843
612 699
612 783
612 649
612 881
612 753
612 977
612 686
612 701
612 745
612 818
612 879
612 973
613 621
613 782
613 750
613 788
613 882
613 821
613 869
613 898
613 941
613 991
614 950
614 975
614 671
614 681
614 840
614 776
614 875
614 675
614 791
614 801
614 819
614 901
614 921
614 955
615 767
615 875
615 727
615 737
615 960
616 888
616 918
616 911
616 720
616 785
616 807
616 814
617 798
617 847
617 837
617 964
617 734
617 788
617 844
617 981
617 695
617 747
617 834
617 838
617 852
617 957
618 762
618 665
618 737
618 769
618 782
618 985
618 992
619 682
619 745
619 858
619 827
619 672
619 678
619 717
619 753
619 798
619 894
619 989
620 855
620 893
620 966
620 780
620 632
620 742
620 803
620 905
620 977
621 947
621 622
621 643
621 823
621 756
621 845
621 941
622 771
622 769
622 951
622 811
622 668
622 716
622 786
622 856
623 971
623 905
623 987
623 855
623 774
623 794
623 891
623 767
623 776
624 993
624 770
624 691
624 776
624 825
624 736
624 675
624 743
625 980
625 658
625 713
626 927
626 798
626 831
626 686
626 869
626 643
626 651
626 645
626 728
626 795
626 834
626 859
627 768
627 797
627 831
627 891
627 892
627 992
628 697
628 695
628 732
628 759
628 775
628 788
628 829
628 964
628 997
629 664
629 795
629 663
629 633
629 993
629 776
629 995
629 636
630 963
630 657
630 634
630 724
630 740
630 745
630 871
630 952
631 859
631 686
631 656
631 815
631 895
631 864
631 874
631 954
632 943
632 693
632 928
632 686
632 852
633 641
633 773
633 757
633 785
633 958
633 636
633 846
633 642
633 680
633 736
633 899
633 918
634 872
634 934
634 780
634 790
635 865
635 701
635 890
635 705
635 745
635 821
636 670
636 770
636 824
636 776
636 761
636 846
636 940
637 852
637 760
637 703
637 794
637 873
637 832
637 740
637 862
637 905
637 949
638 984
638 652
638 887
638 666
638 923
638 679
638 954
639 888
639 746
639 660
639 896
640 836
640 785
640 704
640 781
641 783
641 938
641 836
641 741
641 842
641 813
641 840
642 864
642 813
642 909
642 958
643 700
643 778
643 686
643 716
643 759
643 775
643 908
644 933
644 819
645 839
645 661
645 721
645 762
645 895
646 710
646 749
646 724
646 883
646 647
646 687
646 708
646 731
646 766
646 803
647 707
647 744
647 747
647 749
648 880
648 710
648 733
648 692
648 777
648 906
648 885
648 802
648 994
649 980
649 974
649 698
649 763
649 851
649 879
649 919
649 922
649 945
649 965
649 983
650 707
650 820
650 917
650 766
651 996
651 964
651 721
651 869
651 937
651 992
652 930
652 945
652 703
652 660
652 746
652 889
652 961
653 800
653 683
653 726
653 734
653 798
653 962
654 894
654 854
654 671
654 918
654 709
654 827
654 868
654 922
654 978
655 856
655 838
655 829
655 985
655 914
655 673
655 681
655 725
655 788
655 795
655 869
656 877
656 823
656 834
656 882
656 997
657 963
657 942
657 660
657 712
657 877
657 994
658 881
658 936
658 865
658 821
658 771
658 694
658 763
658 924
658 960
659 939
659 774
659 893
659 749
659 718
659 860
660 835
660 832
660 943
660 744
660 760
660 942
660 971
660 816
661 783
661 745
661 923
661 735
661 681
661 840
661 695
661 667
661 836
662 787
662 751
662 938
662 764
662 921
662 738
662 677
662 849
662 958
663 800
663 867
663 831
663 838
663 968
664 746
664 694
664 705
664 896
664 922
664 978
665 953
665 732
665 750
665 962
666 676
666 784
666 701
666 783
666 798
666 887
666 950
666 984
667 724
667 799
667 704
667 729
667 958
667 938
668 771
668 686
668 720
669 719
669 792
669 782
669 976
669 756
669 690
669 728
669 795
669 892
669 912
670 781
670 703
670 708
670 719
670 834
670 896
670 972
670 994
671 972
671 998
671 761
671 804
671 902
671 950
672 961
672 755
672 881
672 851
672 678
672 977
672 690
672 756
672 779
672 896
672 922
672 986
673 924
673 997
673 996
673 815
673 878
673 689
673 734
673 737
673 811
674 819
674 899
674 958
674 677
674 840
674 909
675 807
675 819
675 911
675 776
675 773
675 935
675 968
676 783
676 868
676 679
676 881
676 888
676 986
676 688
676 719
677 681
677 806
678 794
678 855
678 942
678 687
678 781
678 802
678 857
678 923
678 925
679 983
679 851
679 881
679 888
679 999
679 772
679 755
679 798
679 982
679 989
680 878
680 969
680 770
680 842
680 727
680 918
680 958
680 885
681 729
681 799
681 741
681 760
681 965
681 990
682 713
682 927
682 755
682 809
682 898
682 940
682 943
682 983
683 877
683 995
683 824
683 801
683 736
683 701
684 730
684 918
684 955
684 926
684 849
684 711
684 898
685 773
685 861
685 944
686 874
686 690
686 728
686 878
686 996
687 798
687 707
687 841
687 740
687 934
687 987
687 733
687 966
687 972
688 847
688 912
688 782
688 882
688 702
688 725
688 748
688 937
689 835
689 786
689 750
689 782
689 985
689 815
689 788
689 829
689 904
689 970
690 769
690 715
690 765
690 838
690 895
690 914
690 976
690 981
691 773
691 814
691 876
691 898
691 899
691 948
692 873
692 758
692 857
692 925
692 942
692 722
692 996
692 697
692 781
693 905
693 715
693 998
693 749
693 827
693 916
693 940
694 922
694 828
694 997
694 759
695 918
695 704
695 926
696 987
696 880
696 952
696 708
696 747
696 898
696 963
697 959
697 800
697 839
697 856
697 981
697 962
697 844
698 701
698 724
698 760
698 781
698 790
699 843
699 961
699 783
699 774
699 704
699 715
699 860
699 879
700 960
700 784
700 867
700 997
700 962
700 739
700 839
700 874
701 854
701 828
701 843
701 906
701 888
701 890
701 922
701 945
702 859
702 777
702 912
703 942
703 994
704 729
704 720
704 757
705 852
705 956
705 918
705 798
705 821
705 858
705 888
706 825
706 911
706 824
706 935
706 738
706 743
706 720
706 813
706 819
706 901
706 928
706 955
707 857
707 905
707 801
707 744
707 803
707 875
707 913
707 917
707 919
708 872
708 988
708 956
708 987
708 801
708 837
708 841
708 852
708 959
709 717
709 811
709 850
709 854
709 927
709 986
710 998
710 943
710 952
710 719
710 972
710 958
710 722
710 876
711 849
711 759
711 786
711 790
711 814
711 836
711 940
712 724
712 722
712 733
712 752
712 820
712 931
712 952
713 889
713 830
713 863
713 772
713 745
713 961
713 985
714 715
714 767
714 816
714 923
715 816
715 977
715 841
715 740
715 832
716 964
716 759
717 973
717 936
717 746
717 974
718 886
718 802
718 883
718 767
718 893
718 979
718 790
718 855
719 994
719 877
719 998
720 962
720 914
720 900
720 784
720 793
720 861
720 899
720 944
720 963
721 971
721 976
721 723
721 776
721 948
721 735
721 909
721 824
721 729
721 766
721 911
721 997
722 994
722 833
722 870
723 921
723 729
723 849
724 862
724 977
724 826
724 833
724 903
725 831
725 765
725 800
725 756
725 788
725 957
726 843
726 883
726 749
726 790
726 846
726 807
726 770
726 806
726 731
727 893
727 926
727 736
727 796
727 891
727 898
727 913
727 931
727 935
728 967
728 815
728 844
728 937
729 932
729 751
729 773
729 824
729 948
730 824
730 842
730 860
731 877
731 749
731 949
732 737
732 795
732 996
733 943
733 826
733 902
733 883
733 919
734 933
734 765
734 914
734 904
734 867
734 936
735 876
735 944
735 764
735 898
736 771
736 864
736 911
736 799
737 765
738 889
738 990
739 798
739 960
739 978
739 888
739 901
740 804
740 792
740 861
740 744
740 907
741 789
741 861
741 898
742 755
742 987
742 934
742 915
742 814
742 815
742 929
742 994
743 749
743 814
743 789
743 845
743 918
743 819
743 958
744 977
744 857
744 903
744 790
744 893
744 855
745 897
745 860
745 755
745 783
746 767
746 753
746 897
747 977
747 754
747 862
747 907
748 750
748 869
748 970
748 775
748 850
748 904
748 985
749 856
749 803
749 833
749 943
750 989
750 782
751 800
751 884
751 955
751 799
751 832
751 921
752 770
752 881
752 949
752 988
753 865
753 851
753 798
753 898
753 930
753 983
754 832
754 870
754 767
755 945
755 942
755 899
755 960
755 987
756 811
756 837
756 838
757 840
757 884
758 917
758 794
758 760
758 832
758 850
758 943
758 944
758 966
759 886
759 815
759 997
759 811
759 814
759 953
759 957
760 772
760 917
760 804
760 831
760 966
761 915
761 826
761 792
761 774
761 902
762 996
762 895
762 778
762 869
762 811
762 874
763 822
763 945
763 775
763 950
764 773
764 938
764 801
764 807
764 904
764 940
765 782
765 815
765 867
765 941
765 951
766 872
766 915
766 857
766 880
766 908
766 776
766 802
766 943
767 862
767 837
767 790
767 794
767 861
768 891
768 893
768 929
769 874
769 882
769 908
769 928
769 929
769 954
769 962
770 934
770 955
770 831
770 884
770 958
771 981
771 782
772 784
772 984
772 945
772 825
772 889
772 896
774 833
774 792
774 880
775 839
775 906
775 782
775 778
775 962
776 845
777 977
777 915
777 934
777 906
777 818
777 893
777 925
778 782
778 837
778 839
778 867
778 946
779 978
779 910
779 866
779 832
779 879
779 881
779 895
779 950
779 960
780 917
780 915
780 925
781 786
781 880
782 964
782 997
783 897
783 886
783 878
783 965
784 973
784 947
784 843
785 938
785 825
786 893
786 852
786 873
786 855
786 880
786 877
786 970
786 790
786 994
787 795
787 997
787 929
788 834
788 849
788 861
788 892
788 946
789 967
789 809
789 840
789 861
789 864
789 885
789 899
789 958
790 803
790 959
790 905
790 805
790 870
791 846
791 909
792 803
792 855
793 893
793 849
794 804
794 855
794 907
794 916
795 992
795 920
795 957
795 961
795 964
795 990
796 799
796 864
796 903
796 918
797 985
797 996
797 964
798 866
798 888
799 995
799 901
799 926
800 976
800 970
801 961
801 900
801 993
801 813
801 850
802 873
802 933
802 857
802 870
802 880
802 907
802 928
802 959
802 972
803 971
803 928
804 915
804 934
805 924
805 977
805 943
805 883
806 926
806 823
806 846
806 888
807 955
807 911
807 931
807 958
808 945
808 820
808 950
809 905
809 813
809 993
809 842
809 814
809 863
810 828
810 812
810 897
810 978
811 956
811 957
811 916
811 954
812 986
812 826
812 925
813 967
813 909
813 900
814 861
815 871
815 914
815 900
815 937
816 936
816 868
816 913
816 988
817 839
817 859
817 823
817 831
817 882
817 968
818 889
818 972
818 983
818 986
818 991
818 994
819 901
819 955
819 990
820 873
820 934
821 865
821 827
821 930
821 897
821 899
821 945
821 996
822 887
822 828
822 894
822 827
822 888
823 843
823 895
823 985
823 908
823 954
823 957
824 950
824 982
824 908
824 926
824 990
825 993
825 901
825 840
825 863
825 917
826 877
826 943
826 934
826 993
827 922
827 860
827 896
827 830
827 910
827 974
828 887
828 922
828 972
828 982
828 984
829 856
829 951
829 981
829 836
830 889
831 908
831 954
832 987
832 841
832 902
832 988
832 998
833 907
833 915
834 999
834 970
834 953
834 859
834 857
835 850
835 910
835 986
836 948
836 995
837 853
837 844
837 957
837 985
837 996
838 892
838 867
839 941
840 935
840 921
840 988
841 920
841 902
841 987
842 967
843 980
843 890
843 982
844 878
844 993
844 941
844 954
845 911
845 847
845 932
846 863
846 935
846 911
846 938
846 955
846 875
846 932
846 920
847 957
847 954
847 853
847 969
848 900
849 901
849 990
849 993
850 922
850 910
850 940
850 865
850 897
851 854
851 999
851 975
851 880
852 998
852 903
852 943
853 914
853 997
853 908
853 891
854 863
855 857
855 891
855 862
855 872
855 902
855 928
856 882
856 914
856 957
857 873
858 892
858 986
858 993
859 892
859 895
860 881
860 892
860 876
861 901
861 938
861 965
861 967
862 943
862 917
862 893
862 870
862 942
862 946
863 889
863 982
863 884
863 947
863 973
864 881
864 938
864 926
864 964
865 875
865 960
866 877
867 913
867 874
868 973
868 894
868 982
869 874
870 933
870 925
870 902
870 939
870 948
871 934
871 913
871 933
871 994
872 928
872 952
872 919
872 917
872 934
872 994
872 998
873 963
873 934
874 997
874 882
874 904
874 914
874 933
874 964
876 877
876 958
876 898
876 937
877 987
878 968
878 993
878 929
878 946
879 947
879 919
879 927
879 930
880 972
880 913
881 886
881 889
881 960
882 985
883 919
883 903
883 923
883 907
884 909
885 920
886 930
886 956
886 963
886 975
886 980
887 999
887 913
887 961
888 924
888 974
889 982
889 973
889 907
889 950
889 961
890 910
890 945
891 951
892 917
892 969
892 946
892 992
893 966
894 976
894 960
894 984
895 981
895 964
895 914
896 975
896 927
897 986
898 899
898 900
898 955
899 909
899 921
900 944
900 990
901 959
901 909
902 987
902 965
903 923
903 966
904 957
904 953
905 959
905 979
906 993
906 999
907 993
907 946
907 947
908 964
908 914
909 926
909 921
909 990
911 946
911 961
912 964
913 943
914 957
915 917
915 929
916 979
916 952
916 917
916 988
917 959
917 963
917 994
918 965
918 984
919 986
919 933
919 972
920 984
920 945
920 974
921 990
921 948
922 950
922 960
922 940
924 987
925 957
925 994
926 967
927 986
927 991
927 960
929 970
929 992
929 981
929 997
930 961
930 991
930 955
932 953
934 939
935 944
937 982
939 943
940 993
940 955
942 956
943 949
945 965
946 964
946 962
946 976
947 974
948 958
950 961
950 982
952 966
952 988
954 976
955 958
956 987
957 969
959 987
960 969
961 974
961 975
962 968
965 967
965 993
973 991
974 978
974 989
974 998
983 989
