0 725
0 923
0 58
0 422
0 740
0 5
0 340
0 743
0 538
0 178
0 229
0 48
0 191
0 286
0 420
0 480
0 510
0 601
0 616
0 640
0 678
0 683
0 760
0 819
1 481
1 824
1 366
1 925
1 557
1 740
1 885
1 870
1 683
1 21
1 35
1 103
1 129
1 207
1 214
1 292
1 465
1 471
1 547
1 919
1 997
2 612
2 987
2 657
2 695
2 218
2 951
2 646
2 990
2 500
2 749
2 10
2 269
2 799
2 258
2 346
2 585
2 600
2 626
2 674
2 829
2 909
2 957
3 210
3 599
3 771
3 29
3 582
3 235
3 921
3 465
3 693
3 710
3 636
3 744
3 262
3 241
3 383
3 142
3 34
3 81
3 123
3 161
3 230
3 381
3 621
3 638
3 699
3 745
3 928
3 942
4 420
4 107
4 784
4 908
4 309
4 228
4 785
4 687
4 767
4 519
4 307
4 23
4 29
4 42
4 93
4 109
4 121
4 286
4 410
4 425
4 469
4 693
4 946
5 657
5 939
5 304
5 340
5 681
5 94
5 61
5 81
5 124
5 184
5 202
5 206
5 327
5 402
5 489
5 622
5 664
5 780
5 959
5 981
6 775
6 149
6 674
6 334
6 273
6 307
6 9
6 24
6 38
6 40
6 106
6 120
6 158
6 187
6 575
6 603
6 679
6 684
6 708
6 728
6 738
6 774
6 778
6 842
6 855
6 897
6 910
6 947
7 958
7 578
7 729
7 545
7 646
7 11
7 346
7 516
7 153
7 615
7 756
7 718
7 844
7 920
7 754
7 20
7 95
7 96
7 118
7 341
7 369
7 402
7 524
7 533
7 651
7 682
7 769
7 770
7 779
7 850
7 876
7 923
7 971
8 77
8 980
8 763
8 524
8 171
8 746
8 845
8 163
8 560
8 909
8 233
8 689
8 81
8 264
8 481
8 491
8 624
8 748
8 975
9 561
9 988
9 106
9 744
9 738
9 702
9 361
9 728
9 456
9 570
9 501
9 771
9 133
9 770
9 206
9 306
9 10
9 64
9 237
9 387
9 424
9 459
9 607
9 733
9 814
9 841
9 894
9 978
10 317
10 162
10 551
10 224
10 417
10 118
10 916
10 834
10 310
10 816
10 474
10 521
10 78
10 210
10 247
10 251
10 269
10 453
10 697
10 769
10 811
10 889
10 928
10 958
11 88
11 792
11 813
11 980
11 923
11 349
11 653
11 131
11 119
11 153
11 682
11 450
11 678
11 438
11 126
11 20
11 92
11 171
11 208
11 247
11 278
11 314
11 340
11 491
11 606
11 646
11 681
11 797
11 844
11 868
11 938
12 884
12 910
12 734
12 42
12 58
12 433
12 30
12 900
12 692
12 687
12 443
12 502
12 95
12 620
12 368
12 338
12 26
12 41
12 50
12 62
12 128
12 176
12 226
12 275
12 356
12 399
12 544
12 572
12 616
12 755
12 786
12 949
12 998
13 212
13 353
13 822
13 923
13 635
13 950
13 362
13 969
13 286
13 19
13 289
13 415
13 899
13 538
13 18
13 27
13 37
13 43
13 158
13 358
13 369
13 464
13 482
13 548
13 695
13 722
13 859
14 923
14 468
14 249
14 370
14 57
14 829
14 480
14 624
14 360
14 264
14 845
14 677
14 26
14 66
14 286
14 347
14 386
14 410
14 424
14 444
14 464
14 495
14 554
14 569
14 653
14 801
14 856
14 954
15 708
15 59
15 894
15 794
15 405
15 850
15 752
15 22
15 29
15 55
15 145
15 160
15 193
15 256
15 282
15 292
15 316
15 600
15 742
15 815
15 839
15 946
16 801
16 499
16 151
16 887
16 923
16 375
16 885
16 100
16 385
16 773
16 397
16 373
16 243
16 857
16 640
16 150
16 339
16 400
16 408
16 454
16 565
16 615
16 771
16 821
16 905
17 566
17 135
17 63
17 730
17 759
17 44
17 79
17 179
17 195
17 221
17 500
17 524
17 580
17 668
17 733
17 769
17 875
17 919
17 997
18 942
18 966
18 369
18 52
18 258
18 563
18 535
18 678
18 207
18 221
18 264
18 385
18 489
18 522
18 538
18 556
18 635
18 718
18 878
18 945
19 113
19 167
19 676
19 127
19 175
19 186
19 830
19 37
19 153
19 155
19 174
19 294
19 390
19 441
19 443
19 551
19 564
19 602
19 613
19 635
19 923
19 937
20 805
20 701
20 734
20 851
20 969
20 399
20 783
20 862
20 962
20 881
20 845
20 61
20 79
20 360
20 46
20 580
20 647
20 124
20 918
20 579
20 163
20 133
20 138
20 208
20 224
20 337
20 473
20 474
20 509
20 521
20 813
21 240
21 755
21 598
21 941
21 623
21 132
21 193
21 227
21 254
21 346
21 310
21 342
21 666
21 119
21 194
21 228
21 288
21 381
21 402
21 642
21 703
21 711
21 732
22 531
22 612
22 775
22 766
22 842
22 649
22 514
22 406
22 311
22 690
22 576
22 70
22 203
22 254
22 227
22 73
22 190
22 222
22 452
22 506
22 572
22 689
22 710
22 874
22 957
22 997
23 424
23 437
23 654
23 931
23 95
23 761
23 558
23 31
23 73
23 84
23 157
23 183
23 190
23 225
23 235
23 316
23 351
23 453
23 465
23 536
23 562
23 575
23 584
23 618
23 693
23 737
23 778
23 874
23 928
24 603
24 907
24 422
24 463
24 831
24 49
24 776
24 91
24 849
24 363
24 195
24 325
24 923
24 720
24 99
24 278
24 391
24 418
24 502
24 826
24 964
24 974
25 348
25 937
25 597
25 364
25 101
25 929
25 748
25 973
25 314
25 304
25 48
25 29
25 188
25 277
25 763
25 786
25 875
25 932
26 910
26 599
26 923
26 502
26 944
26 937
26 289
26 230
26 939
26 221
26 890
26 653
26 857
26 176
26 456
26 676
26 796
26 828
26 874
26 983
27 831
27 791
27 991
27 851
27 413
27 226
27 193
27 223
27 503
27 453
27 264
27 189
27 609
27 762
27 918
27 956
27 983
28 149
28 287
28 240
28 113
28 228
28 530
28 923
28 791
28 731
28 197
28 284
28 413
28 454
28 548
28 635
28 713
28 854
28 861
28 971
28 998
29 888
29 496
29 546
29 533
29 908
29 459
29 215
29 287
29 505
29 774
29 977
29 923
29 632
29 739
29 580
29 640
29 312
29 469
29 569
29 588
29 793
29 941
30 461
30 256
30 902
30 212
30 341
30 826
30 211
30 894
30 364
30 899
30 641
30 92
30 186
30 463
30 482
30 501
30 543
30 825
30 983
30 996
31 77
31 104
31 570
31 109
31 139
31 372
31 658
31 774
31 627
31 148
31 529
31 751
31 216
31 721
31 72
31 97
31 294
31 617
31 618
31 809
31 921
32 111
32 801
32 261
32 523
32 836
32 404
32 391
32 739
32 626
32 547
32 280
32 763
32 769
32 675
32 992
32 368
32 76
32 228
32 229
32 274
32 325
32 410
32 957
33 157
33 113
33 592
33 64
33 478
33 566
33 205
33 679
33 45
33 542
33 263
33 56
33 73
33 105
33 176
33 215
33 460
33 495
33 567
33 571
33 588
33 636
33 801
33 919
33 958
33 987
34 533
34 895
34 923
34 861
34 375
34 633
34 388
34 493
34 719
34 370
34 637
34 746
34 355
34 279
34 848
34 810
34 253
34 985
34 786
34 779
34 451
34 432
34 797
34 689
34 171
34 273
34 899
35 775
35 937
35 919
35 415
35 492
35 590
35 637
35 985
35 75
35 101
35 165
35 209
35 216
35 400
35 403
35 576
35 621
35 689
35 734
35 890
36 365
36 175
36 814
36 989
36 522
36 749
36 624
36 760
36 234
36 274
36 280
36 302
36 342
36 710
36 771
36 924
36 980
37 533
37 958
37 113
37 369
37 200
37 364
37 128
37 983
37 367
37 192
37 759
37 118
37 231
37 356
37 470
37 524
37 790
37 861
37 923
37 948
37 951
37 969
37 972
37 984
37 993
38 475
38 437
38 205
38 627
38 104
38 319
38 47
38 84
38 252
38 894
38 203
38 285
38 961
38 664
38 615
38 46
38 114
38 361
38 478
38 504
38 574
38 598
38 716
38 801
38 887
38 913
38 940
38 970
39 478
39 594
39 940
39 977
39 261
39 950
39 869
39 180
39 418
39 845
39 254
39 799
39 642
39 161
39 78
39 295
39 302
39 379
39 444
39 528
39 599
39 909
40 778
40 561
40 955
40 237
40 922
40 948
40 158
40 232
40 171
40 228
40 406
40 429
40 503
40 533
40 582
40 654
40 725
40 784
40 837
40 967
40 978
41 99
41 399
41 830
41 735
41 325
41 967
41 635
41 158
41 356
41 550
41 991
41 698
41 740
41 640
41 286
41 362
41 455
41 470
41 527
41 544
41 573
41 914
41 984
42 357
42 469
42 946
42 546
42 776
42 830
42 290
42 635
42 751
42 443
42 316
42 916
42 513
42 286
42 452
42 498
42 534
42 551
42 604
42 631
42 662
42 717
42 923
42 953
42 956
42 996
43 505
43 841
43 531
43 296
43 49
43 242
43 589
43 644
43 902
43 267
43 335
43 162
43 964
43 849
43 396
43 446
43 434
43 664
43 151
43 155
43 665
43 683
43 780
43 789
43 923
43 934
44 235
44 691
44 492
44 403
44 115
44 132
44 201
44 253
44 288
44 316
44 329
44 393
44 419
44 471
44 616
44 694
44 769
44 851
44 885
44 887
44 921
45 372
45 205
45 548
45 537
45 364
45 159
45 621
45 727
45 740
45 668
45 704
45 192
45 198
45 247
45 340
45 443
45 557
45 675
45 706
45 909
45 919
46 507
46 233
46 178
46 498
46 149
46 199
46 279
46 285
46 381
46 409
46 425
46 583
46 611
46 614
46 689
46 758
46 856
46 922
46 935
46 985
47 467
47 129
47 348
47 923
47 980
47 523
47 392
47 846
47 272
47 527
47 504
47 838
47 276
47 288
47 296
47 317
47 383
47 398
47 470
47 483
47 607
47 623
47 635
47 798
48 235
48 774
48 149
48 386
48 789
48 831
48 706
48 540
48 416
48 990
48 479
48 639
48 522
48 225
48 269
48 305
48 346
48 353
48 408
48 513
48 543
48 666
48 670
48 697
48 749
48 781
48 848
48 903
48 929
49 282
49 854
49 923
49 200
49 826
49 873
49 840
49 871
49 857
49 136
49 366
49 609
49 692
49 769
49 829
49 837
49 851
49 925
49 944
49 965
50 152
50 112
50 936
50 395
50 153
50 639
50 423
50 126
50 151
50 192
50 320
50 522
50 525
50 540
50 556
50 653
50 678
50 718
50 778
50 850
50 961
51 910
51 255
51 72
51 619
51 635
51 399
51 832
51 325
51 507
51 637
51 580
51 749
51 641
51 149
51 651
51 669
51 701
51 821
51 914
51 923
52 83
52 472
52 481
52 323
52 535
52 749
52 797
52 961
52 804
52 677
52 360
52 314
52 666
52 75
52 206
52 417
52 486
52 531
52 563
52 662
52 766
52 869
52 922
53 457
53 105
53 406
53 700
53 577
53 600
53 632
53 213
53 772
53 429
53 379
53 497
53 128
53 135
53 154
53 241
53 323
53 363
53 510
53 596
53 747
53 801
53 869
54 837
54 846
54 735
54 112
54 270
54 830
54 170
54 673
54 87
54 229
54 283
54 335
54 413
54 450
54 508
54 573
54 578
54 603
54 644
54 845
54 923
55 769
55 220
55 492
55 378
55 739
55 373
55 96
55 223
55 273
55 288
55 295
55 333
55 387
55 430
55 466
55 471
55 484
55 491
55 600
55 630
55 635
55 751
55 756
55 767
55 821
55 868
55 896
55 985
55 987
56 121
56 478
56 157
56 202
56 104
56 105
56 887
56 210
56 189
56 526
56 923
56 787
56 901
56 797
56 360
56 201
56 303
56 365
56 456
56 719
56 922
56 937
57 129
57 84
57 130
57 530
57 986
57 503
57 517
57 938
57 447
57 310
57 750
57 916
57 194
57 196
57 417
57 432
57 450
57 528
57 587
57 682
57 713
57 754
57 859
57 902
57 921
58 106
58 751
58 832
58 341
58 923
58 698
58 283
58 959
58 330
58 101
58 560
58 131
58 84
58 102
58 216
58 309
58 448
58 493
58 498
58 548
58 609
58 635
58 703
58 760
58 902
58 914
58 940
59 456
59 439
59 242
59 136
59 923
59 70
59 810
59 878
59 62
59 176
59 513
59 514
59 669
59 717
59 756
59 788
59 854
59 893
59 987
60 570
60 888
60 555
60 414
60 820
60 701
60 617
60 613
60 331
60 63
60 686
60 639
60 109
60 125
60 425
60 465
60 475
60 508
60 535
60 587
60 595
60 700
60 710
60 933
60 946
61 117
61 652
61 732
61 450
61 664
61 139
61 260
61 262
61 285
61 418
61 515
61 611
61 658
61 666
61 682
61 720
61 838
61 976
62 114
62 404
62 818
62 481
62 548
62 578
62 923
62 102
62 123
62 441
62 176
62 286
62 967
62 273
62 421
62 138
62 245
62 284
62 530
62 643
62 765
62 891
63 461
63 349
63 620
63 445
63 455
63 806
63 330
63 269
63 898
63 878
63 73
63 96
63 117
63 292
63 342
63 397
63 473
63 690
63 757
63 859
63 885
63 936
63 994
64 837
64 569
64 149
64 361
64 533
64 905
64 350
64 114
64 286
64 323
64 747
64 580
64 549
64 92
64 168
64 215
64 258
64 466
64 582
64 779
64 987
65 189
65 820
65 978
65 705
65 757
65 75
65 310
65 418
65 485
65 514
65 546
65 567
65 569
65 841
65 970
66 884
66 105
66 372
66 981
66 934
66 188
66 393
66 632
66 293
66 340
66 517
66 233
66 916
66 206
66 234
66 392
66 581
66 610
66 642
66 673
66 712
66 867
66 920
66 930
66 935
67 837
67 219
67 904
67 746
67 394
67 440
67 159
67 758
67 497
67 227
67 391
67 414
67 492
67 504
67 518
67 620
67 673
67 690
67 926
67 980
67 984
68 475
68 470
68 116
68 290
68 537
68 419
68 721
68 288
68 706
68 819
68 949
68 995
68 246
68 368
68 119
68 229
68 166
68 749
68 513
68 281
68 194
68 233
68 312
68 693
68 729
68 740
68 795
68 891
68 994
69 685
69 366
69 609
69 296
69 219
69 635
69 822
69 817
69 297
69 418
69 601
69 604
69 617
69 622
69 717
69 849
69 948
70 457
70 670
70 674
70 891
70 279
70 181
70 973
70 974
70 169
70 160
70 445
70 349
70 346
70 522
70 154
70 163
70 204
70 245
70 257
70 439
70 448
70 489
70 591
70 614
70 869
70 886
70 961
70 996
71 966
71 571
71 475
71 110
71 240
71 728
71 568
71 219
71 535
71 88
71 114
71 157
71 194
71 236
71 299
71 352
71 575
71 619
71 735
71 871
71 882
71 886
71 989
72 924
72 104
72 361
72 287
72 966
72 93
72 483
72 981
72 212
72 923
72 249
72 729
72 188
72 806
72 391
72 962
72 264
72 877
72 804
72 113
72 151
72 189
72 262
72 271
72 289
72 349
72 358
72 360
72 394
72 400
72 499
72 534
72 540
72 575
72 603
72 805
72 807
72 965
72 968
73 966
73 424
73 784
73 694
73 105
73 357
73 401
73 237
73 618
73 136
73 186
73 317
73 156
73 193
73 620
73 899
73 381
73 85
73 101
73 140
73 202
73 238
73 494
73 509
73 517
73 674
73 789
73 923
73 980
74 228
74 672
74 770
74 673
74 216
74 479
74 305
74 94
74 336
74 758
74 661
74 903
74 306
74 79
74 196
74 227
74 553
74 765
74 822
75 584
75 348
75 152
75 242
75 532
75 334
75 746
75 213
75 234
75 297
75 100
75 117
75 253
75 411
75 672
75 339
75 779
75 450
75 474
75 84
75 209
75 316
75 326
75 440
75 524
75 637
75 704
75 716
75 790
76 352
76 589
76 998
76 635
76 363
76 334
76 545
76 308
76 696
76 727
76 853
76 150
76 251
76 268
76 270
76 410
76 411
76 596
76 626
76 630
76 730
76 746
76 810
76 844
76 883
77 802
77 987
77 694
77 963
77 693
77 875
77 590
77 125
77 148
77 487
77 562
77 658
77 684
77 867
77 905
77 957
77 982
78 715
78 956
78 807
78 990
78 118
78 382
78 142
78 161
78 169
78 329
78 338
78 381
78 387
78 495
78 498
78 590
78 683
78 739
78 754
78 816
78 829
79 905
79 908
79 357
79 736
79 730
79 918
79 580
79 377
79 395
79 382
79 94
79 485
79 992
79 979
79 114
79 486
79 508
79 537
79 670
80 361
80 109
80 553
80 383
80 831
80 296
80 609
80 158
80 948
80 162
80 221
80 288
80 336
80 125
80 133
80 160
80 483
80 490
80 635
80 828
80 944
80 971
80 984
81 958
81 252
81 900
81 825
81 655
81 668
81 471
81 624
81 695
81 864
81 338
81 449
81 360
81 336
81 681
81 119
81 258
81 399
81 432
81 434
81 576
81 930
82 514
82 149
82 221
82 810
82 493
82 292
82 132
82 144
82 224
82 739
82 227
82 726
82 192
82 262
82 354
82 498
82 660
82 702
82 719
82 805
82 834
83 129
83 523
83 317
83 250
83 473
83 113
83 139
83 429
83 524
83 572
83 607
83 699
83 720
83 792
83 845
83 919
83 922
83 971
83 994
84 152
84 99
84 212
84 369
84 133
84 211
84 270
84 851
84 755
84 687
84 901
84 289
84 948
84 722
84 848
84 408
84 600
84 819
84 118
84 89
84 130
84 143
84 178
84 195
84 227
84 252
84 283
84 351
84 374
84 384
84 421
84 463
84 564
84 574
84 631
84 632
84 679
84 697
84 723
84 756
84 780
84 792
84 812
84 813
84 822
84 824
84 863
84 882
84 890
84 923
85 708
85 643
85 120
85 351
85 774
85 771
85 699
85 702
85 261
85 819
85 743
85 635
85 749
85 792
85 843
85 905
85 923
86 426
86 575
86 946
86 553
86 241
86 935
86 590
86 90
86 292
86 300
86 389
86 414
86 568
86 599
86 618
86 647
86 784
86 849
86 881
86 988
87 569
87 301
87 835
87 146
87 246
87 417
87 522
87 867
87 119
87 528
87 587
87 606
87 616
87 645
87 669
87 671
87 687
87 909
87 980
88 906
88 820
88 427
88 271
88 300
88 582
88 908
88 462
88 296
88 706
88 557
88 520
88 754
88 683
88 847
88 781
88 792
88 895
89 277
89 188
89 197
89 642
89 498
89 342
89 153
89 695
89 579
89 447
89 898
89 479
89 110
89 421
89 526
89 865
89 990
90 469
90 572
90 157
90 970
90 205
90 230
90 737
90 890
90 124
90 581
90 549
90 117
90 148
90 324
90 337
90 365
90 372
90 579
90 733
90 809
90 884
90 978
91 149
91 955
91 298
91 827
91 551
91 894
91 483
91 330
91 540
91 203
91 647
91 747
91 123
91 143
91 182
91 205
91 258
91 388
91 439
91 454
91 457
91 511
91 530
91 574
91 603
91 669
91 683
91 796
91 944
92 330
92 172
92 279
92 853
92 293
92 745
92 275
92 870
92 347
92 97
92 114
92 119
92 218
92 354
92 624
92 861
93 820
93 725
93 771
93 852
93 922
93 738
93 361
93 467
93 255
93 241
93 530
93 446
93 295
93 432
93 829
93 239
93 271
93 389
93 401
93 464
93 596
93 636
93 683
93 864
93 923
93 955
93 960
93 970
94 352
94 852
94 948
94 714
94 347
94 927
94 545
94 767
94 682
94 166
94 920
94 269
94 304
94 306
94 377
94 387
94 467
94 469
94 495
94 500
94 556
94 729
94 806
94 816
94 937
95 805
95 820
95 152
95 262
95 908
95 141
95 155
95 540
95 150
95 877
95 258
95 171
95 174
95 358
95 419
95 427
95 442
95 504
95 517
95 596
95 643
95 656
95 738
95 770
95 799
95 848
95 899
95 938
96 287
96 561
96 635
96 885
96 853
96 769
96 673
96 821
96 763
96 197
96 504
96 719
96 213
96 926
96 331
96 265
96 810
96 204
96 770
96 127
96 134
96 251
96 397
96 419
96 428
96 440
96 545
96 562
96 611
96 790
96 975
97 921
97 993
97 632
97 249
97 117
97 144
97 181
97 848
97 209
97 872
97 394
97 316
97 415
97 835
97 169
97 938
97 498
97 417
97 173
97 188
97 257
97 310
97 477
97 550
97 615
97 679
97 715
97 783
97 813
97 902
98 874
98 541
98 698
98 923
98 936
98 253
98 143
98 270
98 376
98 502
98 547
98 553
98 613
98 716
98 993
99 826
99 286
99 226
99 281
99 372
99 388
99 463
99 551
99 553
99 579
99 623
99 635
99 655
99 704
99 734
99 787
99 799
99 814
99 856
99 862
100 361
100 230
100 519
100 547
100 329
100 213
100 220
100 295
100 323
100 973
100 382
100 666
100 172
100 218
100 223
100 308
100 554
100 580
100 605
100 626
100 632
100 727
100 740
100 895
100 955
100 974
100 985
101 204
101 394
101 795
101 962
101 277
101 695
101 121
101 150
101 160
101 190
101 191
101 203
101 265
101 403
101 457
101 476
101 571
101 576
101 620
101 679
101 742
101 770
101 773
101 852
101 894
101 965
101 978
102 122
102 791
102 441
102 707
102 490
102 226
102 407
102 162
102 380
102 835
102 850
102 118
102 366
102 367
102 386
102 597
102 789
102 828
102 855
102 861
102 958
103 324
103 443
103 370
103 217
103 925
103 500
103 642
103 140
103 165
103 293
103 306
103 347
103 444
103 494
103 784
103 810
103 892
103 936
103 942
104 236
104 207
104 575
104 966
104 462
104 467
104 511
104 791
104 891
104 250
104 727
104 108
104 392
104 469
104 624
104 741
104 747
104 766
104 774
104 805
104 852
104 919
104 971
104 987
105 802
105 820
105 709
105 601
105 363
105 195
105 127
105 182
105 292
105 686
105 949
105 602
105 209
105 210
105 350
105 469
105 487
105 511
105 541
105 649
105 746
105 805
105 883
105 945
105 978
106 466
106 957
106 514
106 771
106 454
106 571
106 802
106 185
106 388
106 697
106 989
106 214
106 896
106 811
106 110
106 139
106 348
106 511
106 673
106 793
107 725
107 724
107 699
107 775
107 157
107 984
107 698
107 550
107 539
107 651
107 137
107 152
107 213
107 236
107 237
107 306
107 576
107 618
107 709
107 733
107 822
107 859
107 905
108 923
108 665
108 719
108 223
108 428
108 162
108 198
108 221
108 241
108 272
108 318
108 374
108 403
108 488
108 659
108 766
108 768
108 769
108 782
108 876
109 152
109 592
109 361
109 567
109 820
109 110
109 724
109 420
109 781
109 787
109 608
109 321
109 872
109 393
109 663
109 464
109 920
109 320
109 326
109 416
109 427
109 465
109 542
109 839
109 923
110 946
110 947
110 238
110 426
110 643
110 465
110 831
110 186
110 162
110 135
110 815
110 264
110 522
110 756
110 236
110 268
110 309
110 320
110 425
110 456
110 504
110 508
110 511
110 584
110 658
110 676
110 702
110 709
110 731
110 764
110 786
110 793
110 841
111 933
111 352
111 139
111 425
111 725
111 282
111 424
111 536
111 644
111 557
111 159
111 672
111 485
111 124
111 210
111 238
111 317
111 496
111 506
111 885
111 888
111 920
112 185
112 523
112 923
112 136
112 861
112 143
112 282
112 283
112 431
112 564
112 589
112 878
112 953
112 954
112 956
113 287
113 725
113 324
113 738
113 693
113 257
113 356
113 548
113 923
113 767
113 162
113 169
113 188
113 207
113 594
113 636
113 647
113 669
113 791
113 843
113 947
114 933
114 466
114 300
114 248
114 997
114 870
114 217
114 143
114 185
114 312
114 348
114 424
114 499
114 511
114 622
114 711
114 721
114 730
114 923
115 454
115 459
115 813
115 744
115 406
115 757
115 919
115 532
115 803
115 542
115 640
115 602
115 235
115 255
115 820
116 800
116 955
116 613
116 631
116 128
116 824
116 780
116 755
116 923
116 224
116 133
116 164
116 367
116 390
116 452
116 537
116 600
116 685
116 692
116 715
116 742
116 867
117 165
117 445
117 554
117 400
117 656
117 160
117 316
117 349
117 410
117 468
117 543
117 746
117 779
117 822
117 852
117 928
118 852
118 958
118 764
118 628
118 697
118 384
118 146
118 172
118 250
118 807
118 194
118 525
118 178
118 344
118 377
118 753
118 163
118 492
118 602
118 735
118 841
119 887
119 469
119 452
119 696
119 626
119 471
119 218
119 464
119 368
119 196
119 651
119 686
119 916
119 749
119 227
119 328
119 336
119 423
119 510
119 743
119 746
119 803
119 866
119 899
119 923
120 837
120 309
120 705
120 669
120 533
120 348
120 800
120 822
120 998
120 739
120 590
120 641
120 506
120 143
120 387
120 438
120 467
120 503
120 624
120 636
120 699
120 793
121 466
121 205
121 179
121 148
121 775
121 303
121 848
121 257
121 319
121 487
121 533
121 565
121 612
121 622
121 662
121 664
121 754
122 826
122 858
122 676
122 892
122 218
122 200
122 283
122 311
122 635
122 827
122 923
123 190
123 282
123 488
123 523
123 242
123 735
123 241
123 625
123 211
123 923
123 284
123 554
123 197
123 471
123 898
123 249
123 335
123 692
123 717
123 767
123 777
123 924
124 600
124 661
124 754
124 338
124 243
124 646
124 213
124 315
124 324
124 371
124 393
124 603
124 604
124 683
124 756
124 886
124 951
125 215
125 311
125 151
125 567
125 130
125 187
125 284
125 834
125 402
125 595
125 615
125 617
125 663
125 678
125 681
125 809
125 909
125 939
125 966
125 994
126 210
126 427
126 461
126 463
126 573
126 923
126 761
126 519
126 695
126 258
126 417
126 605
126 147
126 864
126 639
126 664
126 319
126 603
126 652
126 681
126 778
126 790
127 697
127 553
127 814
127 470
127 286
127 353
127 520
127 175
127 318
127 329
127 367
127 635
127 825
127 852
127 923
128 588
128 350
128 983
128 714
128 832
128 483
128 923
128 615
128 274
128 441
128 633
128 691
128 780
128 821
128 953
128 984
129 569
129 324
129 667
129 746
129 275
129 761
129 840
129 718
129 438
129 797
129 543
129 284
129 315
129 319
129 377
129 381
129 444
129 464
129 636
129 684
129 709
129 783
129 805
129 809
129 873
129 938
130 820
130 946
130 948
130 170
130 410
130 314
130 174
130 231
130 270
130 284
130 286
130 297
130 403
130 440
130 463
130 619
130 665
130 707
130 773
130 894
130 923
131 363
131 847
131 346
131 803
131 543
131 190
131 243
131 339
131 344
131 462
131 463
131 535
131 579
131 590
131 653
131 775
131 845
131 856
131 867
131 897
131 900
131 961
131 983
131 999
132 205
132 648
132 252
132 160
132 408
132 772
132 810
132 651
132 197
132 271
132 273
132 293
132 435
132 626
132 639
132 656
132 659
132 703
132 756
132 770
132 885
132 892
133 151
133 191
133 289
133 751
133 337
133 548
133 323
133 142
133 266
133 334
133 366
133 412
133 492
133 564
133 628
133 688
133 854
133 887
133 944
134 588
134 636
134 534
134 879
134 353
134 405
134 600
134 790
134 520
134 741
134 337
134 343
134 380
134 400
134 507
134 509
134 669
134 821
135 900
135 715
135 326
135 923
135 620
135 177
135 559
135 790
135 203
135 330
135 795
135 686
135 616
135 153
135 188
135 334
135 406
135 621
135 904
135 915
136 887
136 628
136 635
136 923
136 158
136 303
136 608
136 480
136 172
136 252
136 335
136 362
136 398
136 529
136 558
136 615
136 722
136 780
136 823
137 667
137 262
137 923
137 476
137 528
137 438
137 678
137 642
137 543
137 653
137 196
137 162
137 163
137 166
137 412
137 539
137 869
137 881
138 854
138 767
138 145
138 779
138 739
138 656
138 444
138 405
138 621
138 169
138 899
138 883
138 274
138 301
138 308
138 465
138 601
138 687
138 932
139 401
139 893
139 354
139 678
139 516
139 252
139 311
139 319
139 351
139 442
139 487
139 490
139 531
139 559
139 572
139 723
139 825
139 846
139 940
140 963
140 805
140 793
140 966
140 290
140 619
140 279
140 835
140 146
140 932
140 370
140 758
140 201
140 220
140 493
140 523
140 612
140 706
140 927
140 943
141 534
141 638
141 714
141 969
141 855
141 143
141 223
141 269
141 322
141 502
141 609
141 628
141 789
141 822
141 953
142 784
142 627
142 424
142 316
142 605
142 995
142 543
142 495
142 845
142 281
142 642
142 268
142 412
142 442
142 515
142 602
142 666
142 709
142 732
142 818
143 219
143 981
143 791
143 923
143 783
143 745
143 344
143 211
143 477
143 579
143 659
143 757
143 776
143 901
144 587
144 289
144 491
144 545
144 509
144 172
144 178
144 975
144 615
144 180
144 188
144 234
144 244
144 347
144 349
144 470
144 547
144 860
144 954
144 990
145 745
145 477
145 621
145 769
145 250
145 253
145 380
145 515
145 971
145 350
145 403
145 444
145 447
145 557
145 765
145 800
145 818
145 844
145 880
145 985
146 943
146 694
146 566
146 301
146 343
146 187
146 277
146 297
146 493
146 554
146 599
146 600
146 639
146 745
146 875
146 883
147 701
147 622
147 907
147 158
147 604
147 472
147 370
147 246
147 642
147 449
147 747
147 994
147 949
147 314
147 252
147 259
147 372
147 387
147 549
147 741
147 806
147 878
148 636
148 569
148 571
148 357
148 685
148 224
148 679
148 885
148 974
148 896
148 504
148 726
148 666
148 990
148 155
148 228
148 351
148 609
148 651
148 689
148 728
148 733
148 781
148 820
148 949
149 561
149 940
149 488
149 300
149 693
149 533
149 357
149 478
149 813
149 963
149 966
149 987
149 572
149 238
149 905
149 791
149 789
149 704
149 491
149 532
149 623
149 152
149 160
149 351
149 557
149 595
149 632
149 659
149 875
149 978
150 467
150 341
150 217
150 330
150 203
150 250
150 223
150 795
150 626
150 632
150 645
150 637
150 540
150 746
150 281
150 262
150 477
150 621
150 652
150 748
150 775
151 526
151 968
151 215
151 793
151 531
151 701
151 478
151 348
151 792
151 708
151 634
151 735
151 880
151 543
151 189
151 336
151 422
151 435
151 637
151 705
151 805
151 910
151 950
152 617
152 389
152 586
152 158
152 886
152 460
152 804
152 155
152 198
152 202
152 236
152 344
152 345
152 517
152 550
152 592
152 599
152 793
152 820
152 842
152 895
153 546
153 636
153 904
153 380
153 395
153 834
153 254
153 434
153 982
153 453
153 302
153 218
153 306
153 539
153 677
153 184
153 234
153 346
153 452
153 474
153 479
153 560
153 750
153 807
153 856
153 992
154 567
154 215
154 781
154 859
154 894
154 249
154 213
154 757
154 334
154 883
154 929
154 209
154 538
154 187
154 302
154 356
154 390
154 853
154 888
155 443
155 984
155 613
155 628
155 550
155 212
155 821
155 479
155 219
155 256
155 324
155 742
155 814
155 998
156 565
156 910
156 205
156 261
156 993
156 739
156 926
156 761
156 385
156 557
156 284
156 349
156 797
156 976
156 741
156 747
156 382
156 641
156 296
156 315
156 997
157 837
157 968
157 541
157 363
157 823
157 323
157 168
157 306
157 311
157 404
157 447
157 601
157 670
157 702
157 777
157 852
157 923
157 927
158 241
158 482
158 935
158 558
158 160
158 711
158 177
158 344
158 364
158 424
158 490
158 553
158 676
158 736
158 779
158 787
159 401
159 868
159 993
159 923
159 790
159 204
159 385
159 428
159 295
159 217
159 721
159 607
159 377
159 180
159 429
159 883
160 275
160 231
160 284
160 974
160 769
160 554
160 559
160 690
160 403
160 188
160 205
160 209
160 408
160 423
160 573
160 600
160 704
160 763
160 880
160 935
160 986
161 701
161 784
161 555
161 837
161 592
161 552
161 966
161 527
161 648
161 700
161 983
161 283
161 359
161 839
161 542
161 306
161 263
161 485
161 395
161 264
161 360
161 436
161 196
161 163
161 194
161 206
161 254
161 260
161 515
161 547
161 549
161 656
161 856
162 813
162 252
162 399
162 283
162 330
162 912
162 249
162 324
162 341
162 395
162 483
162 578
162 637
162 650
162 655
162 859
162 923
162 948
163 774
163 691
163 767
163 765
163 949
163 506
163 479
163 666
163 808
163 878
163 395
163 178
163 400
163 412
163 465
163 598
163 607
163 615
163 674
163 750
163 889
164 782
164 609
164 691
164 221
164 923
164 455
164 362
164 428
164 464
164 481
164 594
164 629
164 788
164 792
164 801
164 830
164 863
164 954
164 964
165 968
165 908
165 635
165 313
165 872
165 767
165 880
165 410
165 547
165 492
165 204
165 519
165 662
165 591
165 293
165 315
165 359
165 468
165 630
165 673
165 827
165 896
166 679
166 677
166 819
166 506
166 838
166 227
166 168
166 172
166 185
166 260
166 268
166 329
166 336
166 362
166 371
166 495
166 539
166 597
166 629
166 717
166 752
166 754
166 780
166 877
167 837
167 536
167 420
167 733
167 561
167 475
167 627
167 490
167 902
167 548
167 923
167 209
167 549
167 436
167 197
167 240
167 262
167 307
167 423
167 488
167 514
167 874
167 943
168 526
168 636
168 478
168 868
168 913
168 635
168 439
168 333
168 416
168 642
168 460
168 605
168 273
168 553
168 592
168 669
168 728
168 766
168 781
168 826
168 931
168 933
168 951
168 963
169 546
169 733
169 499
169 277
169 757
169 380
169 188
169 430
169 201
169 990
169 314
169 394
169 547
169 607
169 792
169 823
169 864
169 936
169 965
170 467
170 781
170 701
170 544
170 230
170 518
170 998
170 574
170 697
170 631
170 394
170 491
170 723
170 630
170 730
170 218
170 346
170 256
170 290
170 371
170 551
170 712
170 736
170 776
170 877
170 914
171 593
171 566
171 294
171 455
171 727
171 554
171 989
171 911
171 435
171 381
171 513
171 281
171 214
171 276
171 295
171 578
171 719
171 742
171 779
171 853
172 244
172 554
172 275
172 209
172 675
172 679
172 394
172 197
172 236
172 287
172 349
172 409
172 458
172 626
172 784
172 823
172 854
172 860
172 919
172 992
173 399
173 325
173 476
173 795
173 662
173 779
173 284
173 360
173 276
173 438
173 440
173 455
173 459
173 554
173 611
173 665
173 883
174 248
174 676
174 923
174 777
174 979
174 261
174 325
174 417
174 441
174 598
174 658
174 827
174 949
175 802
175 710
175 383
175 714
175 283
175 719
175 878
175 542
175 758
175 353
175 544
175 814
175 840
175 877
175 908
175 983
176 771
176 221
176 553
176 879
176 252
176 332
176 885
176 313
176 918
176 878
176 337
176 440
176 586
176 721
177 546
177 207
177 996
177 289
177 385
177 974
177 962
177 446
177 203
177 397
177 464
177 187
177 288
177 315
177 491
177 524
177 583
177 628
177 696
177 794
177 821
177 928
177 935
178 255
178 454
178 851
178 743
178 878
178 258
178 680
178 436
178 663
178 203
178 307
178 397
178 495
178 499
178 513
178 628
178 686
178 938
178 995
179 561
179 282
179 940
179 546
179 728
179 665
179 377
179 387
179 330
179 414
179 425
179 443
179 469
179 514
179 567
179 578
179 588
179 670
179 674
179 744
179 784
179 843
179 901
179 947
180 290
180 746
180 867
180 191
180 366
180 400
180 429
180 486
180 606
180 621
180 908
180 952
180 973
181 279
181 540
181 703
181 729
181 385
181 925
181 870
181 343
181 330
181 405
181 678
181 768
181 899
181 915
181 946
181 959
181 973
182 298
182 437
182 582
182 389
182 923
182 609
182 523
182 751
182 900
182 323
182 576
182 192
182 397
182 929
182 520
182 730
182 328
182 474
182 256
182 404
182 675
182 690
182 883
183 868
183 425
183 613
183 923
183 211
183 879
183 780
183 849
183 472
183 962
183 410
183 275
183 898
183 549
183 193
183 254
183 502
183 783
183 971
184 505
184 663
184 856
184 579
184 718
184 616
184 945
184 222
184 239
184 328
184 332
184 430
184 491
184 573
184 599
184 607
184 857
184 923
184 980
185 693
185 488
185 286
185 763
185 690
185 491
185 747
185 614
185 191
185 222
185 390
185 426
185 466
185 568
185 710
185 713
185 716
185 874
185 895
185 907
185 965
186 437
186 777
186 470
186 523
186 810
186 195
186 443
186 472
187 968
187 594
187 823
187 848
187 761
187 279
187 704
187 520
187 273
187 883
187 912
187 745
187 990
187 485
187 260
187 311
187 376
187 572
187 630
187 631
187 716
187 723
187 899
188 793
188 546
188 593
188 717
188 553
188 266
188 655
188 492
188 277
188 201
188 763
188 330
188 288
188 925
188 489
188 228
188 265
188 401
188 583
188 880
189 426
189 725
189 627
189 907
189 595
189 413
189 472
189 748
189 558
189 344
189 466
189 572
189 622
189 793
189 916
190 571
190 469
190 588
190 351
190 793
190 561
190 800
190 401
190 781
190 499
190 237
190 309
190 311
190 805
190 809
190 698
190 518
190 380
190 704
190 632
190 806
190 621
190 886
190 298
190 327
190 344
190 361
190 362
190 424
190 513
190 570
190 575
190 589
190 618
190 682
190 798
190 979
191 487
191 505
191 237
191 800
191 710
191 824
191 712
191 714
191 280
191 347
191 678
191 534
191 563
191 568
191 672
191 745
191 868
191 903
191 947
192 425
192 931
192 252
192 250
192 253
192 397
192 273
192 291
192 345
192 378
192 415
192 443
192 520
192 572
192 592
192 689
192 721
192 742
192 748
192 766
192 935
192 947
192 962
193 751
193 589
193 277
193 655
193 848
193 767
193 217
193 719
193 346
193 377
193 221
193 251
193 415
193 439
193 524
193 676
193 746
193 768
193 905
193 925
194 401
194 933
194 332
194 824
194 200
194 980
194 472
194 295
194 448
194 640
194 839
194 689
194 607
194 233
194 312
194 344
194 422
194 479
194 480
194 505
194 516
194 587
194 692
194 723
194 790
194 808
194 821
194 976
195 901
195 259
195 481
195 954
195 687
195 967
195 730
195 853
195 226
195 283
195 679
195 893
195 923
195 935
196 548
196 939
196 314
196 479
196 342
196 206
196 227
196 542
196 581
196 801
196 807
196 808
196 861
196 864
196 868
196 908
196 971
197 569
197 531
197 529
197 896
197 321
197 903
197 436
197 226
197 397
197 468
197 572
197 597
197 631
197 645
197 662
197 747
197 797
197 851
197 887
197 909
197 941
197 962
197 985
198 588
198 649
198 837
198 279
198 323
198 370
198 415
198 952
198 746
198 209
198 271
198 579
198 620
198 626
198 642
198 754
198 875
198 938
199 487
199 724
199 230
199 221
199 403
199 823
199 316
199 867
199 642
199 453
199 227
199 682
199 857
199 402
199 579
199 615
199 797
199 802
199 858
199 864
200 710
200 407
200 688
200 226
200 550
200 862
200 613
200 648
200 259
200 894
200 827
200 796
200 370
200 215
200 272
200 311
200 462
200 610
200 634
200 687
200 923
200 971
200 972
201 271
201 908
201 341
201 289
201 665
201 719
201 277
201 485
201 377
201 232
201 280
201 391
201 405
201 723
201 726
201 795
202 702
202 300
202 940
202 499
202 667
202 699
202 649
202 865
202 758
202 799
202 305
202 793
202 809
202 843
202 942
203 824
203 625
203 249
203 516
203 391
203 491
203 589
203 899
203 999
204 352
204 593
204 946
204 928
204 679
204 626
204 932
204 410
204 416
204 623
204 479
204 338
204 817
204 864
204 289
204 444
204 509
204 582
204 600
204 625
204 661
204 713
204 834
204 880
204 953
205 601
205 309
205 910
205 546
205 511
205 993
205 791
205 453
205 262
205 333
205 379
205 420
205 526
205 668
205 689
205 755
205 784
205 895
205 906
205 913
205 922
205 965
206 650
206 787
206 936
206 642
206 336
206 528
206 489
206 641
206 881
206 218
206 360
206 681
206 285
206 992
206 304
206 404
206 446
206 510
206 557
206 616
206 835
206 899
206 913
206 916
207 744
207 654
207 505
207 922
207 842
207 738
207 762
207 488
207 597
207 577
207 265
207 257
207 372
207 552
207 557
207 750
207 819
207 874
207 947
208 766
208 209
208 994
208 652
208 310
208 264
208 304
208 451
208 475
208 565
208 578
208 644
208 695
208 759
208 808
208 914
209 968
209 873
209 832
209 662
209 430
209 577
209 345
209 689
209 211
209 285
209 326
209 417
209 514
209 532
209 635
209 672
209 840
209 866
210 734
210 908
210 568
210 565
210 400
210 411
210 498
210 228
210 232
210 271
210 371
210 499
210 746
210 938
210 947
211 849
211 226
211 998
211 717
211 690
211 557
211 632
211 611
211 732
211 521
211 664
211 285
211 549
212 923
212 378
212 528
212 230
212 296
212 349
212 358
212 374
212 404
212 507
212 542
212 566
212 628
212 657
212 662
212 792
212 937
212 971
213 672
213 378
213 444
213 719
213 892
213 803
213 247
213 308
213 347
213 435
213 480
213 491
213 611
213 703
213 713
213 724
213 730
213 825
214 781
214 414
214 895
214 782
214 349
214 794
214 911
214 662
214 883
214 985
214 477
214 679
214 607
214 803
214 338
214 641
214 276
214 331
214 471
214 550
214 761
214 790
214 795
214 927
215 351
215 913
215 261
215 290
215 481
215 621
215 773
215 815
215 330
215 385
215 471
215 511
215 599
215 635
215 716
215 721
215 728
215 868
215 892
216 954
216 277
216 378
216 276
216 279
216 307
216 328
216 373
216 408
216 435
216 493
216 512
216 806
216 897
216 902
216 976
217 981
217 831
217 369
217 673
217 585
217 269
217 976
217 345
217 408
217 549
217 681
217 747
218 744
218 793
218 452
218 678
218 516
218 686
218 382
218 359
218 312
218 450
218 510
218 602
218 671
218 731
218 767
218 820
218 861
218 923
218 968
219 913
219 392
219 413
219 353
219 858
219 512
219 221
219 882
219 316
219 795
219 405
219 671
219 423
219 273
219 276
219 591
219 708
219 931
220 684
220 820
220 962
220 596
220 428
220 875
220 880
220 231
220 899
220 951
220 718
220 330
220 339
220 364
220 400
220 656
220 876
220 929
220 965
220 994
221 691
221 751
221 735
221 717
221 854
221 692
221 914
221 326
221 253
221 339
221 535
221 602
221 294
221 393
221 441
222 352
222 926
222 804
222 359
222 464
222 591
222 305
222 338
222 460
222 522
222 602
222 652
222 663
222 753
222 757
222 784
222 817
222 876
222 953
223 570
223 627
223 668
223 373
223 359
223 438
223 331
223 429
223 585
223 703
223 751
223 835
223 869
223 971
224 782
224 620
224 354
224 757
224 737
224 445
224 539
224 889
224 850
224 294
224 311
224 490
224 704
224 713
224 740
224 742
224 779
224 927
224 944
225 868
225 881
225 664
225 838
225 479
225 732
225 340
225 480
225 565
225 600
225 607
225 615
225 646
225 923
226 802
226 913
226 348
226 322
226 548
226 472
226 917
226 331
226 353
226 388
226 518
226 578
226 608
226 685
226 712
226 724
226 731
226 787
226 799
226 814
226 923
226 960
227 868
227 781
227 789
227 803
227 945
227 877
227 689
227 845
227 563
227 412
227 528
227 250
227 377
227 381
227 454
227 498
227 615
227 635
227 653
227 681
227 755
227 773
227 808
227 879
227 881
228 778
228 708
228 569
228 940
228 623
228 460
228 236
228 300
228 357
228 553
228 611
228 800
228 802
229 781
229 372
229 272
229 999
229 474
229 614
229 328
229 368
229 677
229 611
229 494
229 498
229 689
229 759
229 451
229 306
229 421
229 520
229 589
229 921
230 733
230 238
230 766
230 728
230 635
230 629
230 332
230 413
230 609
230 518
230 787
230 993
230 755
230 363
230 791
230 765
230 448
230 280
230 426
230 544
230 554
230 571
230 586
230 625
230 824
231 352
231 820
231 476
231 557
231 428
231 823
231 525
231 417
231 359
231 434
231 470
231 575
231 713
231 795
231 806
231 886
231 892
231 923
231 956
232 716
232 362
232 404
232 550
232 765
232 405
232 723
232 331
232 696
232 504
232 491
232 249
232 307
232 476
232 234
232 398
232 877
232 878
232 986
233 425
233 781
233 441
233 923
233 883
233 630
233 803
233 624
233 979
233 260
233 856
233 819
233 877
233 305
233 389
233 535
233 635
234 332
234 632
234 758
234 268
234 241
234 261
234 297
234 354
234 376
234 414
234 583
234 657
234 704
234 748
234 926
235 702
235 461
235 907
235 534
235 793
235 388
235 998
235 885
235 611
235 506
235 262
235 345
235 409
235 466
235 574
235 588
235 716
235 782
235 791
235 902
235 942
236 957
236 582
236 568
236 778
236 762
236 571
236 533
236 792
236 655
236 772
236 497
236 920
236 566
236 567
236 598
236 622
236 976
237 667
237 940
237 569
237 511
237 820
237 693
237 462
237 866
237 984
237 893
237 349
237 405
237 670
237 775
237 812
237 888
238 365
238 319
238 716
238 733
238 781
238 699
238 650
238 280
238 378
238 997
238 519
238 483
238 496
238 595
238 607
238 645
238 665
238 805
238 861
238 921
239 369
239 598
239 341
239 269
239 510
239 336
239 254
239 845
239 979
239 889
239 417
239 292
239 383
239 386
239 387
239 506
239 596
239 646
240 505
240 710
240 514
240 457
240 874
240 965
240 900
240 740
240 315
240 538
240 799
240 556
240 533
240 567
240 575
240 670
240 708
240 853
240 868
240 955
240 988
241 725
241 319
241 901
241 923
241 530
241 244
241 345
241 480
241 382
241 326
241 470
241 533
241 567
241 638
241 796
241 891
241 999
242 282
242 805
242 957
242 828
242 959
242 981
242 283
242 439
242 830
242 635
242 720
242 862
242 791
242 989
242 323
242 745
242 446
242 450
242 615
242 494
242 275
242 294
242 553
242 590
242 616
242 692
243 529
243 736
243 806
243 410
243 656
243 310
243 995
243 464
243 741
243 503
243 271
243 455
243 508
243 653
243 671
244 255
244 425
244 426
244 736
244 388
244 608
244 635
244 634
244 283
244 492
244 423
244 285
244 267
244 363
244 376
244 573
244 639
244 650
244 653
244 700
244 807
244 822
244 846
244 893
244 935
245 420
245 956
245 977
245 564
245 326
245 356
245 609
245 964
245 286
245 518
245 923
245 861
245 313
245 838
245 789
245 996
246 789
246 951
246 850
246 368
246 506
246 247
246 258
246 265
246 278
246 298
246 356
246 359
246 371
246 382
246 448
246 592
246 652
246 819
246 938
246 980
246 992
246 995
247 627
247 588
247 502
247 383
247 290
247 890
247 453
247 258
247 664
247 808
247 817
247 451
247 515
247 918
247 347
247 386
247 464
247 490
247 497
247 580
247 937
247 961
248 734
248 830
248 578
248 782
248 983
248 923
248 620
248 547
248 821
248 642
248 624
248 369
248 523
248 717
248 726
248 751
248 752
248 916
249 705
249 866
249 523
249 974
249 347
249 509
249 917
249 330
249 432
249 632
249 703
249 726
249 832
249 902
250 555
250 965
250 698
250 923
250 806
250 926
250 915
250 985
250 748
250 349
250 632
250 258
250 386
250 442
250 598
250 779
250 863
250 890
251 895
251 933
251 440
251 925
251 274
251 292
251 524
251 596
251 880
251 504
251 672
251 614
251 269
251 297
251 313
251 329
251 445
252 650
252 483
252 879
252 266
252 923
252 783
252 833
252 635
252 912
252 289
252 340
252 529
252 694
252 698
252 954
252 974
253 989
253 723
253 703
253 316
253 576
253 917
253 416
253 772
253 686
253 342
253 377
253 336
253 349
253 378
253 446
253 455
253 470
253 545
253 590
253 626
253 635
253 885
254 561
254 923
254 379
254 642
254 611
254 377
254 844
254 258
254 284
254 286
254 368
254 422
254 606
254 680
254 682
254 760
254 782
254 816
254 940
254 952
255 257
255 884
255 324
255 694
255 365
255 837
255 319
255 933
255 501
255 735
255 871
255 979
255 262
255 311
255 320
255 325
255 332
255 343
255 406
255 427
255 521
255 658
255 869
255 978
256 923
256 322
256 735
256 261
256 269
256 272
256 337
256 356
256 413
256 423
256 586
256 604
256 763
256 790
256 841
256 858
256 983
257 592
257 351
257 923
257 698
257 904
257 962
257 416
257 296
257 462
257 527
257 565
257 594
257 703
257 706
257 747
257 933
258 888
258 572
258 523
258 765
258 938
258 542
258 752
258 453
258 268
258 360
258 678
258 850
258 641
258 498
258 806
259 818
259 858
259 399
259 518
259 396
259 286
259 337
259 823
259 539
259 803
259 560
259 296
259 392
259 572
259 637
259 748
259 763
259 960
259 996
260 933
260 422
260 939
260 407
260 885
260 904
260 600
260 870
260 746
260 979
260 525
260 528
260 479
260 580
260 726
260 753
260 815
260 857
261 364
261 783
261 851
261 863
261 267
261 286
261 665
261 759
261 398
261 490
261 509
261 522
261 717
261 734
261 742
261 812
261 837
261 849
261 862
261 872
261 874
262 955
262 496
262 809
262 968
262 437
262 299
262 291
262 923
262 352
262 424
262 546
262 562
262 570
262 575
262 693
262 716
262 731
262 954
262 991
263 514
263 963
263 633
263 698
263 272
263 779
263 737
263 295
263 666
263 360
263 803
263 412
263 315
263 445
263 480
263 506
263 578
263 605
263 646
263 651
263 661
263 743
264 841
264 964
264 929
264 844
264 268
264 560
264 652
264 711
264 976
264 834
264 718
264 353
264 371
264 399
264 402
264 752
264 994
265 569
265 437
265 592
265 518
265 860
265 559
265 823
265 442
265 393
265 974
265 786
265 321
265 639
265 516
265 402
265 447
265 292
265 382
265 611
265 850
265 899
265 936
266 586
266 383
266 861
266 648
266 902
266 492
266 315
266 723
266 689
266 332
266 380
266 422
266 561
266 676
266 697
266 809
266 857
266 894
267 998
267 283
267 390
267 999
267 847
267 982
267 747
267 464
267 670
267 715
267 791
267 891
267 923
268 499
268 537
268 901
268 557
268 867
268 975
268 360
268 539
268 877
268 479
268 816
268 521
268 549
268 449
268 487
268 490
268 500
268 647
268 660
268 764
268 797
268 861
269 565
269 685
269 339
269 543
269 803
269 909
269 464
269 539
269 556
269 614
269 671
269 724
269 732
269 758
269 811
269 822
270 298
270 762
270 793
270 374
270 846
270 550
270 873
270 923
270 583
270 889
270 326
270 376
270 576
270 715
270 730
270 735
270 787
270 866
271 352
271 588
271 965
271 775
271 361
271 931
271 734
271 986
271 379
271 838
271 815
271 544
271 546
271 571
271 636
272 582
272 955
272 566
272 437
272 595
272 923
272 286
272 827
272 441
272 859
272 893
272 950
272 648
272 973
272 844
272 283
272 384
272 512
272 685
272 812
272 970
273 805
273 946
273 923
273 458
273 435
273 559
273 373
273 899
273 719
273 779
273 626
273 892
273 288
273 481
273 493
273 600
273 656
273 840
273 897
273 911
274 744
274 488
274 378
274 779
274 415
274 848
274 917
274 446
274 313
274 576
274 730
274 642
274 292
274 335
274 380
274 385
274 397
274 468
274 486
274 865
275 958
275 599
275 595
275 459
275 818
275 948
275 655
275 333
275 673
275 855
275 663
275 379
275 397
275 403
275 441
275 515
275 541
275 583
275 735
275 886
275 947
276 962
276 745
276 545
276 476
276 542
276 539
276 825
277 923
277 773
277 742
277 347
277 872
277 330
277 746
277 307
277 655
277 393
277 440
277 519
277 591
277 880
277 997
278 674
278 787
278 697
278 840
278 556
278 976
278 515
278 418
278 436
278 580
278 641
278 673
279 456
279 724
279 685
279 903
279 321
279 327
279 379
279 381
279 397
279 489
279 514
279 617
279 623
279 666
279 835
279 865
279 925
279 958
280 587
280 980
280 870
280 411
280 539
280 918
280 479
280 343
280 535
280 647
280 748
280 812
280 989
281 688
281 410
281 961
281 829
281 464
281 916
281 752
281 342
281 513
281 678
281 680
281 683
281 734
281 923
281 930
281 979
282 694
282 566
282 594
282 673
282 662
282 903
282 803
282 351
282 538
282 555
282 595
282 623
282 701
282 757
282 784
282 801
282 942
282 946
283 866
283 934
283 923
283 998
283 390
283 472
283 299
283 335
283 768
283 639
283 682
283 302
283 544
283 580
283 609
283 789
283 859
283 879
283 984
284 562
284 566
284 942
284 551
284 343
284 973
284 886
284 576
284 295
284 345
284 632
284 749
284 826
284 890
284 923
284 947
285 570
285 533
285 431
285 380
285 346
285 671
285 485
285 839
285 864
285 342
285 464
285 368
285 992
285 877
285 340
285 381
285 430
285 450
285 599
285 634
285 686
285 941
285 971
286 575
286 832
286 299
286 688
286 697
286 879
286 923
286 964
286 482
286 934
286 551
286 472
286 822
286 576
286 642
286 992
286 542
286 303
286 312
286 343
286 345
286 347
286 376
286 401
286 404
286 453
286 486
286 547
286 589
286 598
286 610
286 621
286 676
286 698
286 701
286 789
286 828
286 861
286 876
286 880
286 898
286 959
286 972
286 994
287 300
287 987
287 771
287 511
287 526
287 910
287 958
287 887
287 541
287 499
287 414
287 788
287 698
287 322
287 645
287 680
287 653
287 525
287 842
287 889
287 905
287 923
287 947
288 905
288 587
288 784
288 496
288 463
288 353
288 334
288 393
288 455
288 941
288 876
288 307
288 347
288 626
288 757
288 942
289 665
289 374
289 615
289 335
289 638
289 796
289 828
289 849
289 863
289 941
289 980
290 572
290 798
290 805
290 854
290 923
290 956
290 332
290 788
290 783
290 443
290 840
290 299
290 308
290 355
290 390
290 463
290 543
290 586
290 610
290 670
290 675
290 713
290 959
291 924
291 843
291 566
291 537
291 832
291 983
291 553
291 404
291 923
291 323
291 360
291 304
291 367
291 687
291 817
291 825
291 879
291 909
291 941
291 958
292 940
292 573
292 428
292 429
292 405
292 974
292 379
292 926
292 880
292 765
292 343
292 474
292 310
292 552
292 730
292 806
292 923
293 467
293 907
293 745
293 860
293 915
293 455
293 936
293 899
293 345
293 973
293 856
293 314
293 663
293 520
293 702
293 757
293 773
294 657
294 734
294 833
294 490
294 858
294 697
294 939
294 923
294 959
294 698
294 827
294 685
294 356
294 831
294 509
294 864
294 337
294 482
294 578
294 773
294 967
295 452
295 355
295 727
295 675
295 641
295 345
295 638
295 871
295 883
295 932
295 962
296 541
296 472
296 894
296 700
296 326
296 323
296 408
296 473
296 497
296 507
296 523
296 562
296 731
296 830
296 871
296 982
297 778
297 833
297 873
297 698
297 828
297 435
297 740
297 545
297 877
297 332
297 339
297 600
297 651
297 675
297 886
297 925
297 952
298 593
298 457
298 991
298 934
298 938
298 647
298 686
298 363
298 371
298 533
298 541
298 649
298 713
298 728
298 762
298 798
298 806
298 874
298 884
298 983
299 894
299 597
299 980
299 655
299 435
299 302
299 404
299 609
299 635
299 901
299 923
299 937
300 595
300 961
300 323
300 478
300 511
300 627
300 641
300 649
300 708
300 738
300 874
300 955
301 348
301 526
301 463
301 872
301 880
301 440
301 932
301 869
301 740
301 759
301 395
301 339
301 349
301 391
301 645
301 723
301 770
301 778
301 802
301 855
301 965
301 973
301 976
302 981
302 631
302 367
302 790
302 355
302 690
302 498
302 418
302 759
302 678
302 651
302 563
302 473
302 639
302 695
302 923
302 934
303 457
303 776
303 322
303 325
303 722
303 508
303 367
303 403
303 405
303 546
303 629
303 720
303 752
303 833
304 527
304 653
304 689
304 756
304 448
304 344
304 494
304 497
304 510
304 539
304 680
304 887
304 888
304 979
305 425
305 335
305 715
305 492
305 856
305 336
305 799
305 474
305 498
305 371
305 594
305 689
305 803
305 815
305 964
305 974
305 976
305 990
305 995
306 595
306 372
306 963
306 781
306 479
306 646
306 494
306 453
306 920
306 348
306 395
306 664
306 878
307 924
307 778
307 564
307 956
307 923
307 520
307 761
307 748
307 347
307 945
307 429
307 442
307 902
307 912
308 751
308 956
308 524
308 557
308 559
308 689
308 468
308 486
309 454
309 501
309 813
309 965
309 802
309 437
309 662
309 505
309 670
309 730
309 822
309 832
309 986
310 587
310 330
310 663
310 580
310 666
310 664
310 379
310 469
310 495
310 510
310 542
310 807
310 809
310 845
310 855
310 981
311 868
311 940
311 733
311 694
311 970
311 933
311 891
311 631
311 400
311 541
311 601
311 637
311 659
311 684
311 843
312 921
312 958
312 981
312 521
312 602
312 640
312 916
312 661
312 864
312 581
312 314
312 402
312 492
312 560
312 607
312 874
312 898
312 992
313 728
313 973
313 391
313 989
313 576
313 577
313 668
313 342
313 315
313 323
313 334
313 394
313 448
313 877
313 937
314 469
314 885
314 500
314 641
314 543
314 458
314 516
314 518
314 537
314 654
314 815
314 837
314 859
314 898
314 984
315 496
315 684
315 365
315 582
315 967
315 609
315 875
315 545
315 559
315 885
315 385
315 767
315 329
315 540
315 379
315 890
315 835
315 927
315 961
315 945
315 333
315 334
315 721
315 868
315 926
316 512
316 862
316 790
316 621
316 886
316 723
316 615
316 388
316 422
316 502
316 656
316 739
316 847
316 892
316 941
317 841
317 814
317 700
317 923
317 337
317 585
317 671
317 515
317 423
317 564
317 582
317 631
317 692
317 717
317 879
317 914
318 527
318 410
318 504
318 440
318 485
318 451
318 323
318 346
318 361
318 362
318 486
318 501
318 585
318 719
318 779
318 794
318 923
318 945
318 956
319 775
319 531
319 488
319 357
319 391
319 564
319 566
319 572
319 643
319 694
319 725
319 979
320 357
320 401
320 843
320 669
320 469
320 633
320 923
320 502
320 893
320 672
320 651
320 352
320 367
320 459
320 506
320 576
320 622
320 628
320 649
320 655
320 840
321 582
321 751
321 768
321 558
321 380
321 416
321 761
321 446
321 941
321 727
321 343
321 399
321 504
321 684
321 838
321 931
321 934
322 643
322 599
322 694
322 784
322 523
322 923
322 991
322 362
322 422
322 334
322 527
322 635
322 812
322 846
323 547
323 411
323 327
323 632
323 860
323 458
323 768
323 673
323 450
323 442
323 523
323 612
323 658
323 679
323 701
323 702
324 820
324 594
324 475
324 592
324 728
324 674
324 658
324 775
324 923
324 431
324 811
324 412
324 458
324 547
324 566
324 627
324 703
324 793
325 861
325 616
325 855
325 441
325 457
325 557
325 589
325 635
325 833
325 859
325 923
325 946
325 948
326 728
326 508
326 998
326 735
326 776
326 530
326 714
326 640
326 680
326 365
326 460
326 559
326 604
326 769
326 812
327 868
327 439
327 577
327 405
327 883
327 415
327 339
327 394
327 432
327 447
327 545
327 564
327 576
327 690
327 719
327 765
327 769
327 832
327 986
328 779
328 330
328 679
328 754
328 450
328 448
328 340
328 347
328 381
328 535
328 539
328 578
328 614
328 683
328 686
328 753
328 813
328 815
328 829
328 938
329 411
329 440
329 985
329 355
329 409
329 449
329 500
329 632
329 723
329 752
329 786
330 904
330 504
330 477
330 493
330 986
330 626
330 926
330 928
330 739
330 464
330 850
330 368
330 376
330 411
330 563
330 679
330 798
330 885
331 477
331 590
331 871
331 391
331 445
331 423
331 847
331 576
331 684
331 757
331 762
331 875
331 887
332 948
332 824
332 416
332 335
332 356
332 413
332 422
332 490
332 545
332 579
332 755
332 760
332 785
332 857
332 923
332 931
332 934
332 951
333 700
333 723
333 779
333 430
333 737
333 794
333 455
333 579
333 881
333 754
333 378
333 410
333 445
333 726
333 856
333 927
333 936
333 970
334 923
334 688
334 999
334 823
334 757
334 739
334 768
334 713
334 904
334 815
334 522
334 375
334 431
334 554
334 585
334 611
334 646
334 763
335 599
335 459
335 676
335 610
335 824
335 407
335 937
335 985
335 915
335 378
335 353
335 390
335 551
335 838
335 913
335 923
335 933
336 958
336 846
336 779
336 653
336 447
336 338
336 683
336 680
336 344
336 377
336 525
336 625
336 634
336 643
336 943
337 463
337 644
337 977
337 363
337 523
337 656
337 591
337 353
337 524
337 704
337 717
337 890
337 923
337 959
337 980
338 511
338 946
338 873
338 833
338 773
338 695
338 898
338 799
338 979
338 368
338 386
338 480
338 591
338 602
338 608
338 804
338 938
338 971
338 985
339 396
339 648
339 929
339 645
339 786
339 557
339 397
339 442
339 870
339 834
339 395
339 509
339 514
339 590
339 652
339 682
339 750
339 767
339 981
340 426
340 955
340 434
340 368
340 718
340 951
340 949
340 816
340 652
340 478
341 529
341 787
341 879
341 384
341 472
341 486
341 632
341 826
341 916
342 499
342 365
342 471
342 811
342 982
342 489
342 402
342 449
342 743
342 349
342 450
342 525
342 661
342 664
342 697
342 732
342 747
342 772
342 807
342 834
342 844
342 850
342 927
342 992
343 895
343 965
343 841
343 869
343 512
343 520
343 545
343 692
343 892
343 923
343 932
343 941
344 592
344 688
344 503
344 743
344 371
344 510
344 839
344 579
344 478
345 469
345 827
345 915
345 554
345 453
345 540
345 839
345 870
345 917
346 843
346 907
346 541
346 373
346 434
346 752
346 489
346 354
346 381
346 484
346 678
346 732
346 754
346 811
346 851
346 866
346 877
346 971
347 882
347 442
347 354
347 928
347 696
347 630
347 936
347 871
347 600
347 373
347 881
347 376
347 458
347 466
347 509
347 632
347 690
347 752
347 753
347 771
347 812
348 775
348 852
348 599
348 568
348 534
348 701
348 425
348 572
348 921
348 913
348 552
348 603
348 627
348 636
348 770
348 890
348 892
348 978
349 603
349 456
349 483
349 553
349 635
349 415
349 645
349 962
349 761
349 545
349 880
349 821
349 985
349 457
349 521
349 662
349 711
349 839
349 842
350 469
350 693
350 584
350 361
350 568
350 594
350 416
350 928
350 655
350 889
350 624
350 434
350 453
350 460
350 363
350 488
350 543
350 875
351 710
351 913
351 931
351 851
351 713
351 549
351 653
351 433
351 658
351 800
351 858
351 907
351 923
352 728
352 699
352 571
352 734
352 526
352 947
352 635
352 986
352 560
352 677
352 367
352 457
352 475
352 488
352 499
352 565
352 587
352 610
352 654
352 659
352 708
352 833
352 845
352 965
353 913
353 715
353 831
353 613
353 634
353 400
353 468
353 695
353 585
353 684
353 782
353 789
353 930
353 934
354 669
354 906
354 964
354 835
354 559
354 746
354 860
354 758
354 417
354 446
354 630
354 679
354 790
354 952
355 437
355 609
355 504
355 911
355 590
355 869
355 749
355 425
355 576
355 769
355 821
355 923
355 974
356 484
356 685
356 613
356 889
356 816
356 544
356 622
356 625
356 635
356 658
356 844
356 846
356 858
356 923
356 938
357 569
357 372
357 884
357 627
357 701
357 593
357 698
357 923
357 509
357 422
357 426
357 439
357 466
357 533
357 573
357 587
357 621
357 703
357 823
357 868
357 946
357 970
357 976
358 569
358 698
358 923
358 608
358 832
358 610
358 548
358 529
358 873
358 598
358 609
358 773
358 662
358 396
358 490
358 604
359 946
359 459
359 984
359 929
359 560
359 361
359 426
359 435
359 451
359 587
359 651
359 936
360 762
360 698
360 951
360 474
360 377
360 387
360 395
360 503
360 549
360 566
360 580
360 592
360 606
360 607
360 639
360 666
360 716
360 738
360 749
360 750
360 842
360 878
360 944
361 724
361 837
361 696
361 587
361 658
361 725
361 882
361 943
362 555
362 863
362 776
362 751
362 923
362 967
362 673
362 936
362 494
362 396
362 483
362 486
362 589
362 619
362 635
362 722
362 811
362 944
363 437
363 787
363 923
363 396
363 410
363 661
363 478
363 628
363 861
363 873
363 972
364 784
364 866
364 632
364 560
364 384
364 431
364 452
364 608
364 688
364 764
364 923
364 954
365 569
365 511
365 705
365 693
365 813
365 425
365 852
365 627
365 655
365 706
365 522
365 678
365 462
365 475
365 497
365 923
366 914
366 610
366 851
366 648
366 873
366 923
366 410
366 973
366 426
366 455
366 483
366 965
367 923
367 866
367 862
367 537
367 822
367 375
367 635
367 925
367 919
367 384
367 626
367 629
367 845
368 609
368 419
368 885
368 393
368 624
368 451
368 992
368 682
368 490
368 521
368 602
368 612
368 808
368 898
369 832
369 862
369 923
369 635
369 706
369 752
369 589
369 608
369 643
369 665
369 764
369 768
369 788
369 889
370 569
370 780
370 545
370 394
370 445
370 378
370 458
370 928
370 997
370 869
370 912
370 992
370 498
370 845
370 615
370 455
370 509
370 554
370 709
370 746
370 865
371 874
371 955
371 527
371 635
371 610
371 374
371 836
371 662
371 542
371 867
371 474
371 402
371 485
371 421
371 381
371 512
371 595
371 855
371 909
371 941
372 588
372 734
372 437
372 496
372 499
372 534
372 584
372 767
372 789
372 966
373 612
373 827
373 410
373 402
373 408
373 464
373 600
374 573
374 919
374 904
374 633
374 665
374 825
375 511
375 931
375 433
375 967
375 880
375 384
375 463
375 619
375 665
375 685
375 849
375 861
375 887
375 915
376 809
376 644
376 981
376 894
376 544
376 969
376 631
376 648
376 537
376 736
376 623
376 645
376 400
376 723
376 886
376 492
376 877
376 482
376 553
376 573
376 719
376 796
377 907
377 943
377 859
377 730
377 416
377 810
377 411
377 680
377 579
377 421
377 395
377 560
377 856
377 808
377 402
377 777
377 815
377 992
378 814
378 904
378 872
378 704
378 509
378 679
378 547
378 810
378 405
378 560
378 385
378 415
378 466
378 690
378 719
378 729
378 733
378 830
378 882
378 906
379 843
379 499
379 836
379 999
379 973
379 706
379 976
379 756
379 403
379 411
379 492
379 534
379 670
379 677
379 717
379 806
379 872
380 694
380 842
380 665
380 777
380 706
380 997
380 590
380 860
380 761
380 718
380 647
380 540
380 615
380 623
380 675
380 740
381 568
381 955
381 604
381 812
381 407
381 559
381 886
381 682
381 447
381 749
381 855
381 808
381 513
381 803
381 681
381 535
381 581
381 667
381 683
381 708
381 766
382 922
382 744
382 488
382 691
382 629
382 925
382 870
382 756
382 395
382 807
382 446
382 689
382 796
382 818
382 840
382 887
382 979
383 972
383 828
383 923
383 403
383 470
383 529
383 542
383 597
383 621
383 735
383 832
383 835
384 487
384 702
384 968
384 575
384 684
384 586
384 755
384 598
384 969
384 980
384 396
384 633
384 403
384 723
384 994
384 451
384 556
384 603
384 735
384 844
384 948
385 882
385 491
385 974
385 962
385 492
385 749
385 524
385 538
385 713
385 723
386 924
386 488
386 923
386 634
386 954
386 610
386 712
386 648
386 664
386 756
386 412
386 482
386 622
386 630
386 720
386 775
387 454
387 529
387 872
387 620
387 677
387 436
387 683
387 464
387 883
388 552
388 933
388 634
388 392
388 631
388 700
388 589
388 717
388 779
388 409
388 542
388 439
388 553
388 615
388 635
388 826
388 842
388 923
388 971
388 981
389 643
389 478
389 534
389 894
389 490
389 732
389 451
389 467
389 543
389 571
389 698
389 928
390 702
390 567
390 923
390 722
390 755
390 828
390 852
391 546
391 649
391 598
391 923
391 823
391 810
391 890
391 739
391 393
391 583
391 394
391 917
391 606
391 457
391 681
391 757
391 821
391 911
392 837
392 862
392 836
392 923
392 481
392 902
392 637
392 394
392 892
392 689
392 413
392 524
392 715
392 854
392 937
393 442
393 864
393 410
393 416
393 448
393 538
393 545
393 836
393 925
394 936
394 554
394 860
394 439
394 457
394 474
394 690
394 713
394 737
394 786
394 805
394 870
394 874
394 964
395 835
395 732
395 510
395 542
395 549
395 603
395 695
395 979
396 511
396 801
396 425
396 923
396 830
396 464
396 421
396 433
396 444
396 819
396 822
396 891
396 984
397 575
397 880
397 794
397 915
397 428
397 449
397 568
397 577
397 637
397 929
397 945
398 648
398 836
398 413
398 863
398 923
398 558
398 961
398 586
398 630
398 761
398 980
398 993
399 633
399 862
399 573
399 827
399 953
399 967
399 932
399 554
399 780
399 796
399 849
399 893
399 960
400 825
400 835
400 419
400 668
400 749
400 440
400 573
400 786
400 800
400 845
400 856
400 952
401 456
401 940
401 887
401 842
401 414
401 593
401 907
401 969
401 415
401 526
401 583
401 594
401 647
401 794
401 805
401 822
401 831
402 424
402 709
402 775
402 978
402 780
402 628
402 989
402 556
402 539
402 451
402 500
402 938
402 640
402 797
402 711
402 741
402 749
402 941
403 884
403 409
403 410
403 790
403 532
403 675
403 707
403 802
403 910
403 911
403 923
403 950
403 962
404 533
404 874
404 698
404 923
404 814
404 509
404 502
404 530
404 586
404 714
404 722
404 755
404 778
404 846
404 859
404 878
404 880
404 900
405 536
405 469
405 923
405 882
405 824
405 564
405 668
405 936
405 932
405 952
405 962
405 740
405 449
405 626
405 989
406 940
406 561
406 988
406 724
406 798
406 574
406 637
406 427
406 437
406 501
406 557
406 617
406 647
406 698
406 710
406 946
407 488
407 882
407 983
407 452
407 439
407 923
407 626
407 458
407 477
407 633
407 648
407 789
407 875
408 906
408 884
408 848
408 765
408 476
408 554
408 492
408 662
408 452
408 625
408 721
408 880
408 904
408 997
409 840
409 468
409 410
409 690
409 480
409 554
409 615
409 762
409 768
409 930
410 738
410 551
410 746
410 446
410 985
410 840
410 656
410 806
410 999
410 657
410 690
410 775
410 843
410 860
410 923
411 430
411 637
411 504
411 768
411 554
411 453
411 640
411 428
411 444
411 472
411 519
411 622
411 623
411 676
411 814
411 917
412 702
412 505
412 659
412 791
412 460
412 669
412 689
412 785
412 803
412 828
412 923
412 963
412 995
413 466
413 629
413 698
413 785
413 859
413 441
413 635
413 731
413 861
413 902
413 905
413 914
414 467
414 775
414 568
414 699
414 635
414 527
414 666
414 505
414 584
414 800
414 943
414 963
415 670
415 923
415 717
415 439
415 442
415 770
415 989
415 577
415 640
415 760
415 668
415 685
415 690
416 923
416 527
416 836
416 476
416 745
416 911
416 559
416 672
416 471
416 615
416 646
416 662
416 676
416 711
416 756
416 760
416 892
416 899
416 927
417 593
417 698
417 803
417 857
417 436
417 521
417 450
417 500
417 872
417 945
418 659
418 914
418 672
418 759
418 535
418 473
418 450
418 857
418 951
418 881
418 819
418 909
418 804
418 465
418 504
418 617
418 706
419 593
419 769
419 718
419 864
419 440
419 444
419 576
419 590
419 591
419 670
419 679
419 701
419 703
419 746
419 935
420 533
420 724
420 714
420 562
420 575
420 582
420 636
420 651
420 710
420 743
420 754
420 809
420 815
420 836
420 868
420 913
421 966
421 793
421 688
421 563
421 464
421 494
421 640
421 692
421 709
421 725
421 751
421 847
422 820
422 531
422 685
422 736
422 578
422 586
422 901
422 441
422 480
422 634
423 771
423 964
423 615
423 920
423 747
423 976
423 570
423 639
423 881
424 546
424 501
424 469
424 566
424 674
424 544
424 610
424 926
424 455
424 473
424 541
424 571
424 617
424 707
424 719
424 791
424 799
424 897
425 541
425 701
425 549
425 431
425 445
425 475
425 507
425 552
425 713
425 727
425 753
425 771
425 807
425 842
425 905
425 984
426 910
426 853
426 478
426 536
426 566
426 569
426 643
426 654
426 801
426 852
426 859
426 905
426 920
426 923
426 995
427 874
427 694
427 593
427 488
427 850
427 514
427 566
427 624
427 627
427 657
427 684
427 759
427 924
427 968
428 703
428 795
428 729
428 753
428 491
428 605
428 683
428 740
428 866
428 916
429 531
429 702
429 698
429 912
429 583
429 925
429 927
429 763
429 919
429 706
429 492
429 477
429 810
429 978
430 786
430 547
430 772
430 925
430 559
430 532
430 575
430 633
430 723
430 755
430 918
430 943
431 825
431 439
431 523
431 923
431 652
431 803
431 748
431 833
431 928
431 953
432 970
432 958
432 699
432 561
432 854
432 519
432 917
432 557
432 909
432 750
432 817
432 479
432 480
432 477
432 558
432 627
432 752
432 807
432 920
432 922
433 650
433 698
433 730
433 511
433 605
433 621
433 635
433 686
433 701
433 873
433 911
433 960
433 975
433 998
434 981
434 785
434 513
434 624
434 489
434 695
434 563
434 497
434 517
434 521
434 612
434 614
434 639
434 811
434 846
434 903
434 952
434 965
435 852
435 923
435 482
435 440
435 752
435 837
436 721
436 920
436 447
436 473
436 499
436 602
436 646
436 649
436 684
436 760
436 779
436 842
436 867
436 977
437 499
437 806
437 474
437 561
437 633
437 670
437 693
437 871
437 875
437 884
437 946
438 570
438 521
438 850
438 741
438 495
438 758
438 538
438 635
438 647
438 681
438 870
438 909
438 930
439 618
439 639
439 447
439 635
439 748
439 753
439 776
439 851
439 904
439 917
440 734
440 984
440 626
440 936
440 765
440 904
440 819
440 498
440 505
440 703
440 742
440 812
440 815
440 861
440 925
441 923
441 893
441 948
441 489
441 760
441 484
441 542
441 609
441 653
441 655
441 957
442 456
442 493
442 757
442 883
442 679
442 799
442 467
442 537
442 545
442 623
442 737
442 795
442 821
442 932
442 935
442 941
443 977
443 923
443 480
443 530
443 537
443 576
443 633
443 776
443 879
443 972
443 981
444 775
444 939
444 544
444 952
444 493
444 936
444 576
444 962
444 806
444 740
444 935
444 525
444 855
444 477
444 624
444 635
444 884
444 970
445 977
445 492
445 928
445 975
445 540
445 574
445 637
445 701
445 703
445 840
446 733
446 507
446 557
446 875
446 767
446 473
446 760
446 456
446 477
446 869
446 870
446 973
447 766
447 763
447 640
447 878
447 711
447 867
447 732
447 453
447 515
447 909
447 535
447 538
447 549
447 551
447 670
447 720
447 817
447 923
447 984
448 771
448 644
448 542
448 678
448 864
448 752
448 611
448 639
448 681
448 742
448 829
448 847
448 931
448 949
449 579
449 994
449 647
449 804
449 979
449 560
449 516
449 746
449 747
449 836
449 903
450 888
450 924
450 722
450 824
450 890
450 517
450 711
450 951
450 568
450 656
450 680
450 736
450 889
450 896
450 909
451 751
451 857
451 864
451 453
451 976
451 480
451 503
451 530
451 539
451 595
451 710
451 792
451 856
452 923
452 769
452 741
452 806
452 832
452 853
452 898
452 955
452 991
453 497
453 503
453 579
453 753
453 945
453 949
454 462
454 533
454 594
454 705
454 895
454 942
454 991
454 794
454 742
454 482
454 536
454 641
454 710
454 800
454 884
455 708
455 659
455 745
455 936
455 810
455 577
455 989
455 539
455 517
455 581
455 823
455 846
455 927
456 462
456 738
456 705
456 594
456 980
456 504
456 646
456 819
456 587
456 595
456 665
456 693
456 955
456 963
456 977
457 801
457 684
457 636
457 553
457 576
457 579
457 624
457 546
457 552
457 595
457 635
457 868
457 905
457 918
457 923
457 963
458 674
458 708
458 988
458 742
458 997
458 926
458 672
458 761
458 936
458 727
458 883
458 596
458 962
458 562
459 775
459 762
459 623
459 909
459 487
459 571
459 615
459 667
459 837
459 971
460 534
460 590
460 556
460 850
460 808
460 517
460 474
460 471
460 513
460 516
460 573
460 624
460 680
460 726
460 903
461 594
461 467
461 936
461 472
461 489
461 526
461 545
461 567
461 599
461 807
461 852
461 908
462 895
462 820
462 991
462 696
462 556
462 801
462 884
462 898
463 715
463 923
463 633
463 861
463 902
463 783
463 648
463 650
463 688
463 934
463 967
463 993
464 665
464 706
464 936
464 647
464 474
464 686
464 661
464 542
464 601
464 624
464 664
464 797
464 889
464 978
465 968
465 724
465 978
465 478
465 923
465 589
465 790
465 726
465 881
465 633
465 669
465 691
466 514
466 716
466 674
466 566
466 955
466 702
466 610
466 828
466 545
466 949
466 527
466 578
466 593
466 770
466 842
466 856
466 923
466 963
466 976
467 670
467 505
467 738
467 728
467 649
467 570
467 821
467 502
467 539
467 563
467 582
467 596
467 675
467 892
467 915
467 947
468 899
468 765
468 803
468 498
468 520
468 577
468 718
468 786
468 880
468 911
469 694
469 907
469 801
469 549
469 505
469 526
469 587
469 661
469 716
469 778
469 841
469 922
469 978
470 529
470 879
470 532
470 671
470 945
470 923
470 953
470 965
471 836
471 729
471 673
471 999
471 892
471 503
471 577
471 930
471 956
471 963
471 994
472 674
472 541
472 568
472 977
472 923
472 715
472 698
472 642
472 484
472 517
472 562
472 586
472 615
472 934
472 964
472 996
473 728
473 674
473 814
473 953
473 857
473 500
473 992
473 666
473 741
473 850
473 916
473 971
473 976
474 655
474 838
474 660
474 726
474 711
474 515
474 523
474 606
474 667
474 740
474 760
474 816
474 845
474 857
474 951
474 985
475 541
475 534
475 776
475 836
475 587
475 684
475 699
475 712
475 734
475 802
475 852
475 879
475 892
475 913
475 977
476 706
476 558
476 632
476 904
476 513
476 487
476 527
476 585
476 673
477 923
477 785
477 773
477 786
477 491
477 711
477 758
477 630
477 655
477 842
477 865
477 952
478 627
478 931
478 770
478 572
478 599
478 703
478 733
478 926
478 943
478 979
479 872
479 758
479 579
479 945
479 653
479 570
479 683
479 726
479 819
479 933
480 966
480 996
480 856
480 850
480 520
480 646
480 686
480 726
480 750
480 837
480 864
481 744
481 953
481 610
481 680
481 550
481 664
481 751
481 790
481 849
481 851
481 983
482 946
482 565
482 546
482 846
482 685
482 574
482 512
482 495
482 707
482 733
482 802
482 880
482 982
483 933
483 888
483 837
483 650
483 544
483 697
483 954
483 928
483 611
483 866
483 923
483 957
484 774
484 499
484 613
484 923
484 648
484 537
484 879
484 740
484 986
484 485
484 678
484 517
484 578
484 596
484 634
484 746
484 833
484 939
484 993
485 912
485 898
485 881
485 641
485 845
485 624
485 539
485 644
485 650
485 718
485 834
485 855
485 923
486 534
486 923
486 698
486 900
486 827
486 635
486 918
486 586
486 748
486 952
487 599
487 910
487 570
487 963
487 965
487 781
487 672
487 639
487 541
487 561
487 562
487 622
487 722
487 805
487 831
487 957
487 978
487 990
488 667
488 762
488 996
488 707
488 530
488 533
488 572
488 612
488 635
488 656
488 790
488 820
488 852
488 880
489 781
489 892
489 498
489 510
489 539
489 616
489 719
489 797
489 811
489 917
490 778
490 657
490 830
490 736
490 550
490 547
490 810
490 864
490 938
490 972
491 716
491 791
491 818
491 786
491 621
491 721
491 909
491 819
491 492
491 504
491 795
491 828
491 901
491 928
492 967
492 870
492 503
492 580
492 681
492 823
492 854
492 936
492 992
493 793
493 578
493 679
493 671
493 557
493 576
493 690
493 716
493 717
493 766
493 883
493 941
494 967
494 803
494 743
494 502
494 848
494 892
494 900
495 654
495 708
495 714
495 720
495 925
495 752
495 683
495 749
495 689
495 639
495 510
495 949
495 539
495 881
495 945
495 819
495 988
496 565
496 922
496 913
496 966
496 555
496 601
496 808
496 627
496 658
496 707
496 924
496 958
497 511
497 602
497 664
497 626
497 661
497 995
498 659
498 861
498 865
498 581
498 515
498 500
498 695
498 539
498 499
498 549
498 632
498 803
498 939
499 612
499 744
499 907
499 552
499 595
499 931
499 562
499 724
499 789
499 790
499 579
499 660
499 906
499 912
499 915
499 953
500 905
500 985
500 804
500 513
500 515
500 549
500 615
500 660
500 724
500 754
500 790
500 976
501 627
501 940
501 587
501 534
501 780
501 836
501 757
501 747
501 552
501 595
501 608
501 699
501 713
501 804
501 936
501 947
502 635
502 923
502 961
502 625
503 612
503 948
503 861
503 629
503 876
503 979
503 971
503 807
503 538
503 994
503 510
503 610
503 619
503 741
503 765
504 730
504 696
504 519
504 668
504 646
504 620
504 794
504 875
505 593
505 744
505 569
505 809
505 670
505 952
505 816
505 570
505 573
505 622
505 643
505 724
505 833
505 887
505 943
506 771
506 934
506 991
506 607
506 666
506 653
506 643
506 748
506 754
507 893
507 882
507 697
507 960
507 713
507 758
508 751
508 814
508 635
508 923
508 644
508 564
508 530
508 765
508 740
508 772
508 676
508 718
508 993
509 964
509 637
509 547
509 623
509 630
509 750
509 923
509 948
510 531
510 685
510 639
510 799
510 521
510 556
510 764
510 781
510 920
510 938
511 582
511 917
511 564
511 599
511 622
511 841
511 901
511 974
512 571
512 861
512 993
512 923
512 984
512 821
512 779
512 827
512 833
512 839
513 664
513 689
513 916
513 758
513 737
513 752
513 754
513 773
513 932
513 982
514 570
514 725
514 801
514 643
514 908
514 968
514 923
514 602
514 695
514 556
514 775
514 979
515 728
515 550
515 886
515 545
515 754
515 563
515 689
515 692
515 733
515 797
515 851
515 961
516 846
516 928
516 932
516 591
516 718
516 855
516 741
516 538
516 653
516 816
516 576
516 628
516 804
517 854
517 861
517 665
517 579
517 726
517 819
517 695
517 522
517 686
517 847
517 951
518 650
518 715
518 698
518 529
518 731
518 789
518 867
518 871
518 959
519 774
519 729
519 962
519 590
519 696
519 677
519 540
519 552
519 626
519 840
519 989
520 923
520 765
520 540
520 890
520 585
520 883
520 583
520 645
520 688
520 745
520 753
520 770
520 812
520 813
520 858
521 568
521 782
521 923
521 962
521 683
521 543
521 815
521 571
521 746
521 834
521 876
521 949
522 946
522 534
522 575
522 921
522 628
522 982
522 661
522 539
522 919
523 569
523 923
523 537
523 964
523 950
523 629
524 714
524 672
524 835
524 655
524 700
524 761
524 919
524 946
525 654
525 879
525 791
525 673
525 974
525 579
525 799
526 837
526 940
526 968
526 811
526 573
526 575
526 585
526 588
526 603
526 669
526 738
526 746
526 802
526 884
527 698
527 691
527 668
527 930
527 635
527 694
527 717
527 808
527 851
527 876
527 923
528 582
528 697
528 953
528 596
528 811
528 682
528 834
528 949
528 799
528 789
529 923
529 872
529 542
529 605
529 942
530 933
530 755
530 923
530 645
530 543
530 606
530 817
530 948
531 575
531 669
531 674
531 776
531 959
531 722
531 548
531 673
531 621
531 721
531 743
531 593
531 874
532 862
532 904
532 929
532 974
532 927
532 973
532 952
532 918
532 864
532 545
532 693
532 811
532 997
533 705
533 884
533 933
533 939
533 873
533 961
533 718
533 566
533 601
533 784
533 971
534 570
534 571
534 946
534 706
534 829
534 889
534 609
534 621
534 766
534 960
534 988
535 843
535 792
535 700
535 656
535 607
535 579
535 653
535 666
536 921
536 895
536 978
536 627
536 546
536 776
536 677
536 867
536 561
536 609
536 682
536 701
537 622
537 736
537 635
537 714
537 540
537 819
537 553
537 823
538 897
538 811
538 579
538 681
538 578
538 607
538 641
538 651
538 695
538 759
538 881
539 710
539 642
539 560
539 681
539 563
539 591
539 607
539 789
539 903
540 739
540 651
540 723
540 847
540 984
541 800
541 802
541 618
541 625
541 742
541 781
541 792
542 636
542 854
542 815
542 857
542 759
542 982
542 549
542 606
542 615
542 695
542 804
542 819
542 834
542 988
543 762
543 595
543 821
543 624
543 971
543 689
543 951
543 574
543 581
543 711
543 732
543 738
543 949
544 627
544 923
544 692
544 903
544 641
544 975
544 625
545 593
545 958
545 923
545 917
545 932
545 871
545 580
545 706
545 763
545 833
546 669
546 809
546 908
546 913
546 758
546 654
546 733
546 778
546 805
546 922
547 618
547 843
547 744
547 720
547 554
547 999
547 632
547 810
547 925
547 952
547 579
547 597
547 745
547 875
547 893
547 894
547 896
547 953
548 818
548 923
548 610
548 669
548 692
548 698
548 832
548 881
548 891
548 921
549 617
549 813
549 912
549 952
549 646
549 839
549 602
549 661
549 717
549 768
549 798
549 892
550 781
550 553
550 630
550 635
551 796
551 653
551 635
551 640
551 698
551 959
552 922
552 906
552 595
552 714
552 588
552 674
552 679
552 725
552 935
553 569
553 665
553 948
553 579
553 604
553 636
553 697
553 923
553 985
553 995
554 854
554 585
554 668
554 620
554 892
554 986
554 885
554 632
554 808
554 590
554 679
554 685
554 833
554 841
554 896
554 899
554 923
554 952
555 566
555 657
555 716
555 774
555 762
555 581
555 706
555 874
555 879
555 901
555 907
555 946
555 978
556 968
556 825
556 863
556 882
556 759
556 920
556 640
556 652
556 606
556 660
556 677
556 781
556 799
556 855
556 945
557 667
557 643
557 836
557 862
557 911
557 835
557 683
557 583
557 617
557 649
557 656
557 672
557 730
557 773
557 865
557 902
557 926
558 946
558 796
558 953
558 748
558 637
558 740
558 565
558 576
558 675
558 821
559 962
559 620
559 719
559 738
559 825
559 832
559 923
559 941
559 964
560 653
560 686
560 611
560 664
560 561
560 732
560 817
560 935
560 960
561 842
561 968
561 728
561 977
561 964
561 567
561 575
561 630
561 809
561 812
561 910
561 923
561 947
561 957
562 888
562 566
562 868
562 657
562 588
562 777
562 745
562 630
562 829
562 570
562 609
563 705
563 929
563 952
563 602
563 808
563 760
563 689
563 692
563 741
563 804
563 846
563 852
563 856
563 923
563 992
564 587
564 714
564 755
564 863
564 727
564 936
564 693
564 893
565 784
565 625
565 571
565 724
565 752
565 848
566 702
566 955
566 781
566 820
566 724
566 871
566 615
566 587
566 728
566 801
567 837
567 766
567 910
567 888
567 631
567 903
567 570
567 732
567 805
568 674
568 965
568 570
568 642
568 696
568 792
568 874
568 888
568 940
568 945
569 571
569 661
569 631
569 667
569 728
569 740
569 778
569 788
569 798
569 805
569 807
569 829
569 851
569 910
569 919
569 978
570 599
570 674
570 693
570 936
570 580
570 834
570 658
570 725
570 774
570 819
570 847
570 923
570 970
571 792
571 575
571 766
571 870
571 887
572 921
572 897
572 792
572 906
572 762
572 734
572 771
572 627
572 650
572 832
572 768
572 992
572 920
572 695
572 749
572 805
572 943
573 843
573 777
573 859
573 953
573 788
573 621
573 675
573 916
573 608
573 770
573 800
573 923
573 967
574 922
574 582
574 633
574 722
574 923
574 814
574 982
574 668
574 718
575 887
575 762
575 809
575 969
575 923
575 691
575 848
575 611
575 665
575 798
575 880
575 885
576 688
576 985
576 723
576 786
576 623
576 727
576 803
576 853
577 617
577 873
577 796
577 810
577 847
577 799
577 620
577 632
577 752
577 890
577 899
577 930
577 941
577 997
578 987
578 592
578 633
578 788
578 879
578 755
578 923
578 960
579 956
579 989
579 920
579 811
579 976
579 982
579 749
579 647
579 817
579 810
579 819
579 890
579 906
579 951
579 994
580 635
580 628
580 893
580 604
580 660
580 928
581 943
581 816
581 759
581 847
581 718
581 839
581 758
581 851
581 936
582 587
582 730
582 646
582 652
582 659
582 817
582 933
582 963
583 697
583 952
583 870
583 999
583 821
583 611
583 632
583 704
583 810
583 820
584 905
584 895
584 694
584 775
584 777
584 846
584 825
584 934
584 855
584 733
584 737
584 789
584 805
584 841
585 785
585 989
585 655
585 675
585 757
585 786
585 957
586 793
586 613
586 638
586 914
586 764
586 859
586 923
587 837
587 595
587 826
587 626
587 667
587 725
587 923
588 771
588 842
588 858
588 605
588 699
588 894
588 901
588 954
588 983
589 964
589 836
589 923
589 804
589 849
589 956
590 880
590 745
590 779
590 795
590 797
590 805
590 853
590 869
591 988
591 852
591 984
591 923
591 730
591 815
591 680
591 733
591 856
591 857
592 882
592 607
592 603
592 616
592 623
592 725
592 805
592 817
592 907
592 957
593 805
593 634
593 686
594 948
594 648
594 719
594 614
594 612
594 824
595 699
595 801
595 887
595 988
595 892
595 726
595 744
595 845
595 897
596 715
596 770
596 765
596 600
596 645
596 720
596 748
596 766
597 599
597 923
597 717
597 851
597 655
597 713
597 815
598 625
598 923
598 613
598 960
598 879
598 851
598 911
598 690
598 753
598 866
598 968
599 762
599 965
599 613
599 642
599 945
599 607
599 612
599 631
599 701
599 815
599 928
600 705
600 964
600 848
600 904
600 794
600 823
600 748
601 820
601 793
601 923
601 651
601 649
601 701
601 716
601 795
601 947
601 948
602 795
602 994
602 606
602 815
602 605
602 671
602 756
602 838
602 918
602 923
603 800
603 708
603 888
603 923
603 611
603 684
603 876
603 884
604 798
604 887
604 628
604 755
604 950
604 776
604 796
604 997
604 608
604 788
604 791
604 888
604 899
605 666
605 990
605 681
605 735
605 927
605 949
606 732
606 711
606 671
606 640
606 759
606 829
606 756
606 683
606 703
606 914
606 953
606 970
607 709
607 921
607 961
607 881
607 649
607 817
607 890
607 953
608 977
608 786
608 850
608 639
608 682
608 764
608 803
608 854
609 710
609 644
609 854
609 830
609 788
609 635
609 752
609 981
610 923
610 826
610 996
610 831
610 621
610 635
610 687
610 711
610 902
610 907
610 929
610 977
611 728
611 890
611 930
611 616
611 918
611 864
611 909
611 799
611 661
611 829
611 712
611 811
611 997
612 884
612 923
612 830
612 670
612 693
612 707
612 769
613 987
613 828
613 628
613 923
613 706
613 716
613 814
613 834
613 905
613 944
614 967
614 685
614 882
614 678
614 653
614 833
614 856
614 938
614 952
615 691
615 929
615 877
615 815
615 811
615 920
615 663
615 754
615 797
615 938
616 661
616 749
617 940
617 820
617 833
617 772
617 867
617 784
617 865
618 674
618 842
618 996
618 729
618 738
618 809
618 988
619 897
619 893
619 783
619 825
619 735
619 637
619 870
619 692
619 707
619 752
619 792
619 795
619 832
619 868
619 882
619 910
619 923
619 954
619 959
619 988
620 923
620 692
620 737
620 896
620 704
620 844
620 948
620 980
621 917
621 860
621 929
621 696
621 816
621 678
621 645
621 676
621 740
621 810
622 852
622 693
622 843
622 834
622 644
622 658
622 683
622 686
622 774
622 778
622 874
622 950
623 888
623 802
623 939
623 648
623 862
623 655
623 853
623 709
623 772
624 923
624 848
624 839
624 677
624 889
624 844
624 850
624 982
625 923
625 996
625 875
625 979
625 971
626 884
626 830
626 916
626 655
626 656
626 699
626 752
626 756
626 768
626 849
626 888
627 842
627 810
627 636
627 734
627 787
627 841
627 852
627 882
627 987
628 967
628 830
628 751
628 635
629 827
629 697
629 840
629 690
629 923
629 960
630 775
630 960
630 662
630 748
630 686
630 744
630 832
630 919
631 939
631 750
631 687
631 818
631 951
632 793
632 748
632 739
632 729
632 656
632 737
632 767
632 935
633 657
633 698
633 755
633 780
633 828
633 913
634 933
634 635
634 826
634 893
634 740
634 683
634 727
634 764
634 831
634 877
635 987
635 822
635 923
635 644
635 851
635 698
635 967
635 972
635 999
635 929
635 763
635 850
635 797
635 718
635 657
635 684
635 692
635 725
635 730
635 743
635 751
635 791
635 848
635 854
635 863
635 879
635 950
635 953
635 960
635 971
635 981
636 906
636 781
636 943
636 907
636 955
636 802
636 939
636 976
636 766
636 795
636 875
636 880
637 778
637 890
637 749
637 711
637 859
637 943
638 716
638 736
638 751
638 891
638 971
639 827
639 662
639 653
639 671
639 683
639 707
639 711
639 777
639 850
639 912
640 712
640 695
640 847
640 666
640 845
640 641
640 683
640 881
640 893
640 936
640 950
641 700
641 923
641 886
641 864
641 664
641 807
641 850
641 900
641 951
641 952
641 992
642 762
642 889
642 663
642 994
642 817
642 690
642 981
643 963
643 987
643 781
643 658
643 970
643 888
643 947
643 995
644 828
644 692
644 952
644 697
644 780
644 972
645 716
645 880
645 936
645 727
645 795
645 899
646 731
646 741
646 678
646 878
646 675
646 804
646 808
646 945
647 998
647 923
647 926
647 857
647 803
647 819
647 677
647 721
647 747
647 749
647 825
647 829
647 984
648 964
648 685
648 664
648 676
648 688
648 691
648 818
648 863
648 991
649 669
649 903
649 658
649 750
649 812
649 895
649 937
649 943
649 972
650 694
650 830
650 900
650 712
650 866
650 977
650 964
650 823
650 666
650 709
650 808
650 991
651 802
651 697
651 885
651 756
651 740
651 774
651 891
651 909
652 927
652 683
652 661
652 698
652 982
652 994
653 923
653 934
653 856
653 834
653 771
653 811
653 838
653 860
653 919
654 922
654 802
654 791
654 984
654 916
654 762
654 897
654 988
654 996
655 793
655 810
655 740
655 742
655 759
655 790
655 850
655 959
656 702
656 761
656 872
656 747
656 706
656 773
656 853
657 749
657 920
657 784
657 813
657 835
657 843
658 762
658 774
658 966
658 956
658 923
658 740
658 662
658 710
658 826
658 936
659 775
659 781
659 744
659 669
659 842
659 940
659 826
659 730
659 864
659 825
659 938
659 966
660 921
660 974
660 904
660 881
660 847
660 758
660 844
660 756
660 661
660 799
660 816
661 689
661 838
661 675
661 692
661 809
661 837
661 844
661 992
662 787
662 923
662 962
662 721
662 769
662 685
662 800
662 831
662 976
662 978
663 962
663 686
663 743
663 753
663 830
664 958
664 838
664 677
664 741
664 845
664 992
665 744
665 717
665 974
665 925
665 737
665 722
665 806
665 814
665 873
665 923
665 934
665 948
666 778
666 859
666 876
667 852
667 776
667 871
667 702
667 773
667 957
667 996
667 997
668 923
668 727
668 860
668 878
668 930
668 681
668 745
668 867
668 874
668 916
668 951
669 910
669 693
669 931
669 964
669 673
669 690
669 695
669 715
669 792
670 887
670 784
670 709
670 876
670 916
670 744
670 801
670 913
670 930
670 995
671 881
671 990
671 689
671 750
672 769
672 795
672 835
672 839
672 868
672 871
672 875
673 912
673 892
673 710
673 730
673 746
673 870
673 941
673 955
674 933
674 728
674 923
674 733
674 749
675 891
675 973
675 792
675 847
675 860
675 886
675 904
675 923
675 965
675 987
676 882
676 967
676 814
676 972
676 987
677 878
677 930
677 797
677 704
677 769
677 781
677 816
677 903
677 951
678 695
678 758
678 796
678 855
678 857
678 906
678 949
679 989
679 790
679 706
679 821
679 880
680 817
680 920
680 760
680 689
680 695
680 856
680 889
681 918
681 961
681 711
681 747
681 847
681 857
681 930
681 951
682 802
682 923
682 858
682 882
682 834
682 918
682 799
682 787
682 877
682 878
682 909
683 777
683 865
683 867
683 845
683 855
683 753
683 784
683 792
683 878
684 842
684 940
684 923
684 795
684 920
684 797
684 774
684 805
684 901
684 947
685 694
685 923
685 783
685 976
685 983
686 922
686 883
686 881
686 811
686 689
686 855
686 869
686 985
687 707
687 769
687 845
687 750
688 923
688 866
688 721
688 712
688 720
688 901
688 934
688 944
689 837
689 951
689 975
689 690
689 869
689 916
689 923
690 702
690 986
690 795
690 973
690 892
690 745
690 810
690 732
690 835
690 886
690 925
690 990
691 831
691 712
691 788
691 967
691 923
691 891
691 729
691 746
691 930
692 923
692 715
692 698
693 792
693 912
693 810
693 698
693 754
693 800
693 802
693 833
693 852
693 872
693 913
693 955
694 907
694 776
694 768
694 745
694 876
694 712
694 747
694 918
694 947
695 785
695 764
695 938
696 892
696 723
696 928
696 751
696 786
696 821
696 941
697 910
697 731
697 814
697 826
697 848
697 858
698 825
698 794
698 755
698 822
698 859
698 889
698 944
698 950
698 972
699 907
699 995
699 703
699 712
699 779
699 947
700 702
700 703
700 741
700 791
700 854
700 890
700 914
700 923
701 716
701 910
701 874
701 984
701 857
702 784
702 792
702 843
702 887
702 897
702 910
702 966
702 999
703 958
703 832
703 714
703 830
703 735
703 706
703 746
703 834
703 889
703 919
704 802
704 950
704 865
704 804
704 732
704 733
704 933
704 971
705 851
705 899
705 940
706 843
706 923
706 904
706 856
706 761
706 891
706 900
706 902
706 953
706 979
707 987
707 714
707 824
707 904
707 803
707 777
707 818
707 861
707 923
708 940
708 781
708 812
708 819
708 841
708 866
708 883
708 930
709 965
709 923
709 859
709 745
710 738
710 958
710 943
710 997
710 898
711 995
711 877
711 855
712 993
712 901
713 965
713 973
713 727
713 748
713 806
713 923
714 780
714 923
714 787
714 808
714 844
714 947
714 965
714 984
715 780
715 812
715 732
715 826
715 923
715 993
716 728
716 820
716 788
716 939
716 793
716 878
716 884
716 923
716 946
717 963
717 731
717 832
717 747
717 847
717 906
717 923
718 857
718 878
718 839
719 739
719 721
719 769
719 804
719 890
720 851
720 923
720 984
721 723
721 875
721 848
721 871
721 997
722 967
722 869
722 917
722 738
722 849
722 859
722 923
723 833
723 923
723 962
723 941
723 770
723 910
723 920
724 922
724 867
724 827
724 833
724 919
725 913
725 800
725 955
725 933
725 781
725 895
725 791
725 882
725 985
725 975
725 792
725 801
726 785
726 912
726 852
726 857
727 812
727 772
727 865
727 870
727 879
727 892
728 766
728 807
728 888
728 952
729 793
729 983
729 810
729 869
729 817
729 839
730 955
730 948
730 872
730 892
730 790
730 810
730 835
730 960
731 966
731 972
732 983
732 795
732 810
732 928
732 811
732 920
733 963
733 843
733 887
733 970
733 862
733 805
734 775
734 923
734 821
734 990
734 890
734 900
734 978
735 801
735 833
735 849
735 916
735 744
735 796
735 832
735 923
735 994
736 814
736 751
736 772
736 852
736 863
736 897
736 900
736 923
736 932
736 948
736 964
737 931
737 940
737 761
737 797
737 979
737 780
737 815
737 872
738 978
738 908
738 917
738 855
738 878
738 813
738 886
738 958
739 779
739 795
739 935
739 878
739 923
739 952
739 974
739 997
740 973
740 872
740 745
740 770
740 802
740 844
740 902
740 923
740 989
741 937
741 830
741 923
741 920
741 829
741 804
741 898
741 903
741 916
741 918
742 802
742 853
742 929
742 919
743 879
743 756
743 850
743 993
744 911
744 776
744 800
744 842
744 898
744 943
745 762
745 904
745 925
745 748
745 760
745 767
745 804
745 815
745 852
745 860
745 880
745 984
746 774
746 955
746 923
746 993
746 773
746 834
746 790
746 829
746 952
746 961
747 879
747 784
747 944
747 979
748 998
748 974
748 768
748 765
748 769
748 919
748 794
748 856
748 809
748 896
749 855
749 949
749 807
749 850
749 867
749 905
749 925
749 943
749 984
750 861
750 827
750 896
750 971
750 945
751 900
751 964
751 990
751 788
751 916
751 923
751 954
751 980
752 906
752 905
752 872
752 819
752 839
753 923
753 989
753 844
753 865
754 886
754 857
755 784
755 964
755 894
755 923
755 979
755 874
755 939
756 922
756 784
756 936
756 986
756 935
756 870
756 759
756 810
756 811
756 866
756 876
756 990
757 818
757 840
757 830
757 888
757 955
757 985
758 889
758 815
758 902
758 920
758 995
759 894
759 994
760 842
760 995
761 988
761 903
761 927
761 928
761 999
762 778
762 775
762 864
762 920
762 988
763 827
763 818
763 982
763 770
763 915
763 919
764 983
764 827
764 992
764 920
764 923
764 928
764 934
764 964
765 927
765 928
765 985
766 940
766 783
766 926
766 846
767 895
767 989
767 925
768 848
768 949
768 856
768 886
768 927
768 936
769 921
769 933
769 814
769 937
769 934
769 989
769 773
769 936
769 786
769 849
769 904
770 923
770 794
770 974
770 997
771 778
771 782
771 801
771 830
771 841
772 816
773 822
773 821
773 892
773 984
774 978
774 917
774 903
774 778
774 968
775 907
775 798
775 874
775 913
775 931
776 858
776 853
776 794
776 792
776 817
776 900
776 923
777 782
777 824
777 923
777 814
777 785
777 882
777 821
777 916
777 830
777 948
778 881
778 794
778 892
779 962
779 829
779 870
779 875
779 885
779 941
779 986
780 923
780 972
780 977
781 820
781 852
781 801
781 892
781 909
781 923
782 884
782 836
782 976
783 862
783 893
784 895
784 820
784 942
784 955
784 923
784 887
784 889
786 921
786 935
786 817
786 899
787 964
787 934
788 931
788 863
788 923
788 937
788 983
789 793
789 894
789 964
789 923
789 848
789 938
790 926
790 864
790 884
790 989
791 846
791 982
791 866
791 923
791 959
792 793
792 952
792 995
792 818
792 978
793 955
793 909
794 828
794 923
794 912
794 860
794 986
795 923
795 997
795 875
795 808
795 897
795 918
795 928
796 825
796 967
796 822
796 827
796 898
796 923
797 883
797 908
797 976
798 913
798 919
798 949
798 922
799 963
799 855
799 889
799 925
799 957
800 910
800 874
800 940
800 842
801 957
801 923
801 830
801 841
801 890
801 988
802 939
802 805
802 836
802 843
802 860
802 887
802 933
802 958
802 959
802 963
802 993
803 922
803 967
803 808
803 832
803 875
803 992
804 908
804 867
804 995
804 847
804 841
804 919
805 895
805 852
805 871
805 962
805 848
805 967
806 973
806 813
806 828
806 872
806 890
806 896
807 903
807 856
807 915
807 916
808 923
808 828
808 974
808 815
808 945
808 994
808 951
808 819
808 838
808 856
808 880
808 941
808 975
809 897
809 896
809 979
809 922
810 882
810 984
810 899
810 839
810 869
810 913
810 997
811 946
811 886
811 995
811 876
811 819
811 881
811 891
812 943
812 923
812 836
812 893
813 923
813 937
813 841
813 910
813 922
813 943
813 989
814 913
814 923
814 956
815 841
815 949
815 855
816 938
816 817
816 838
817 923
817 986
817 912
817 847
818 978
818 950
818 923
818 866
818 893
819 923
819 925
819 973
819 871
819 834
819 839
819 990
820 842
820 965
820 895
820 894
820 853
820 946
820 970
821 914
821 936
821 853
821 952
821 881
822 981
822 923
822 971
822 978
823 954
823 962
823 896
823 853
823 941
824 964
824 934
824 923
824 825
824 886
824 902
824 927
824 968
825 905
825 923
825 934
825 832
825 826
825 851
825 830
825 849
825 879
825 985
826 977
826 923
826 937
826 953
826 980
827 923
827 974
827 866
827 960
828 981
828 927
828 923
828 960
829 833
829 864
829 889
830 861
830 960
830 992
831 863
831 926
831 845
831 959
832 880
832 942
832 966
832 976
833 922
833 998
833 984
833 923
833 940
834 952
834 860
834 878
834 923
834 960
834 975
835 923
835 878
835 890
835 929
835 941
835 973
836 923
837 854
837 987
838 888
838 856
838 923
838 971
839 923
840 939
840 848
840 952
840 974
840 961
841 923
842 916
843 907
843 988
843 931
845 988
845 857
845 858
845 946
845 961
845 966
846 879
846 960
846 934
846 945
846 972
847 895
847 877
847 949
848 973
848 999
848 865
848 926
848 960
848 974
849 858
849 923
849 914
850 874
850 877
850 864
850 886
850 912
850 938
851 854
851 870
851 914
852 921
852 963
852 882
853 984
853 890
853 926
854 993
854 923
854 950
854 869
854 900
854 905
854 954
855 862
855 857
855 949
855 990
856 923
856 870
856 982
856 897
857 969
857 979
857 860
857 909
857 957
857 976
858 932
858 881
858 967
858 976
858 998
859 923
859 866
860 890
860 962
860 898
860 985
861 923
862 931
862 973
862 880
862 900
862 923
863 984
863 923
863 917
863 873
863 914
864 887
864 984
865 923
865 952
866 901
866 923
866 871
866 932
867 880
867 994
868 887
868 895
868 931
868 921
868 923
868 888
869 958
869 923
869 890
869 926
869 928
870 923
870 884
870 904
871 923
871 986
871 880
872 963
873 977
873 923
875 897
875 972
876 899
876 898
877 881
877 918
877 923
877 945
877 986
878 940
878 898
879 981
879 991
879 993
880 915
880 919
880 997
880 941
880 985
881 956
881 973
881 923
882 923
883 946
883 919
883 912
883 926
884 946
885 917
885 915
885 974
886 915
886 968
887 905
887 943
887 947
887 966
887 926
887 923
889 923
889 968
890 952
890 915
890 954
891 923
891 967
891 894
891 902
891 909
891 981
891 989
892 987
892 919
892 973
893 934
893 959
895 949
896 900
896 952
897 983
897 919
898 956
899 911
900 967
900 923
901 954
901 986
901 997
902 923
902 980
903 986
903 994
903 947
904 912
904 928
905 921
905 948
905 973
905 957
905 972
906 940
906 923
906 951
906 922
907 924
908 953
908 979
909 923
909 930
909 920
909 971
909 982
911 923
911 935
912 999
913 937
913 958
914 927
914 934
915 974
915 927
915 932
916 994
916 949
917 936
917 986
917 938
917 941
917 984
917 985
918 991
918 996
918 951
918 945
918 981
918 993
919 953
920 921
920 930
921 970
922 940
922 924
922 966
922 978
922 998
923 933
923 998
923 972
923 991
923 967
923 944
923 948
923 939
923 956
923 954
923 932
923 930
923 937
923 950
923 953
923 963
923 964
923 971
923 977
923 980
923 996
923 999
924 949
924 943
924 978
925 981
925 962
926 997
926 961
926 932
927 941
928 974
928 972
929 952
931 957
932 957
932 968
933 954
933 958
933 972
936 992
937 959
937 993
939 996
939 967
940 957
940 958
940 968
943 978
945 961
945 978
946 970
946 975
949 971
950 977
953 998
953 979
954 982
956 992
957 970
957 984
957 982
957 988
958 966
959 969
960 972
960 997
964 967
965 987
965 990
966 987
967 971
968 988
969 980
969 984
969 996
970 985
971 997
973 977
975 999
977 996
983 986
984 993
984 996
986 991
