0 292
0 701
0 502
0 36
0 242
0 161
0 325
0 239
0 22
0 574
0 981
0 637
0 807
0 610
0 308
0 144
0 344
0 432
0 481
0 508
0 512
0 536
0 611
0 642
0 715
0 730
0 774
0 823
0 927
0 928
0 951
1 682
1 488
1 967
1 627
1 328
1 389
1 896
1 814
1 765
1 478
1 156
1 2
1 117
1 126
1 143
1 276
1 296
1 359
1 447
1 534
1 611
1 712
1 722
1 770
1 827
2 988
2 166
2 643
2 701
2 587
2 110
2 229
2 725
2 934
2 545
2 444
2 184
2 498
2 565
2 617
2 634
2 680
2 747
2 765
3 34
3 35
3 217
3 687
3 463
3 93
3 435
3 717
3 728
3 848
3 46
3 227
3 277
3 334
3 363
3 365
3 431
3 465
3 655
3 761
3 855
3 957
4 704
4 840
4 716
4 285
4 702
4 691
4 708
4 80
4 94
4 129
4 156
4 197
4 286
4 342
4 358
4 441
4 498
4 757
4 802
4 973
5 15
5 252
5 66
5 123
5 69
5 147
5 762
5 56
5 67
5 117
5 175
5 228
5 389
5 471
5 596
5 873
5 896
5 897
6 209
6 707
6 327
6 646
6 212
6 121
6 542
6 593
6 827
6 46
6 246
6 362
6 372
6 519
6 585
6 632
6 693
7 599
7 814
7 916
7 934
7 62
7 551
7 469
7 29
7 107
7 217
7 386
7 434
7 661
7 716
7 780
7 795
7 819
7 932
7 986
8 901
8 620
8 640
8 398
8 235
8 753
8 413
8 75
8 116
8 240
8 369
8 508
8 555
8 672
8 703
8 764
9 436
9 346
9 148
9 301
9 893
9 152
9 920
9 391
9 693
9 959
9 687
9 285
9 508
9 752
9 63
9 99
9 227
9 266
9 279
9 543
9 547
9 627
9 664
10 881
10 83
10 82
10 780
10 700
10 735
10 117
10 126
10 184
10 214
10 268
10 315
10 326
10 434
10 456
10 490
10 587
10 897
11 263
11 889
11 808
11 195
11 986
11 30
11 24
11 111
11 105
11 116
11 168
11 251
11 297
11 376
11 437
11 462
11 490
11 491
11 559
11 566
11 590
11 643
11 663
11 665
11 666
11 770
11 794
11 934
12 874
12 306
12 610
12 809
12 483
12 374
12 872
12 26
12 144
12 200
12 345
12 400
12 413
12 508
12 621
12 637
12 712
12 774
12 853
13 693
13 598
13 818
13 205
13 501
13 161
13 185
13 815
13 387
13 600
13 16
13 65
13 679
13 775
13 864
13 951
14 624
14 772
14 271
14 515
14 69
14 134
14 332
14 374
14 403
14 453
14 508
14 571
14 622
14 626
14 664
14 749
14 761
14 770
14 848
14 882
14 897
15 492
15 124
15 773
15 101
15 681
15 449
15 711
15 393
15 204
15 148
15 350
15 615
15 22
15 93
15 107
15 263
15 341
15 482
15 563
15 728
15 865
15 944
16 975
16 146
16 501
16 576
16 369
16 658
16 111
16 120
16 136
16 137
16 328
16 380
16 387
16 398
16 404
16 429
16 857
16 862
16 873
16 935
16 991
17 350
17 247
17 165
17 299
17 851
17 492
17 249
17 684
17 538
17 298
17 363
17 602
17 364
17 448
17 711
17 488
17 763
17 634
17 408
17 35
17 256
17 428
17 585
17 603
17 875
17 905
17 973
18 556
18 905
18 125
18 39
18 525
18 263
18 785
18 677
18 400
18 926
18 22
18 63
18 136
18 292
18 301
18 327
18 348
18 427
18 579
18 621
18 647
18 682
18 769
18 793
19 148
19 166
19 528
19 278
19 566
19 695
19 729
19 761
19 802
19 953
20 198
20 52
20 343
20 213
20 477
20 308
20 839
20 723
20 852
20 135
20 570
20 468
20 45
20 53
20 109
20 249
20 300
20 365
20 452
20 523
20 798
21 556
21 446
21 102
21 103
21 796
21 582
21 839
21 850
21 742
21 931
21 248
21 206
21 48
21 58
21 94
21 129
21 162
21 513
21 569
21 677
22 787
22 902
22 802
22 433
22 607
22 194
22 836
22 679
22 47
22 86
22 145
22 289
22 476
22 501
22 508
22 575
22 728
22 753
22 897
22 927
22 935
23 197
23 488
23 644
23 728
23 96
23 937
23 463
23 327
23 455
23 31
23 859
23 252
23 971
23 597
23 281
23 312
23 160
23 589
23 269
23 953
23 746
23 448
23 657
23 893
23 761
23 279
23 164
23 954
23 626
23 268
23 408
23 839
23 92
23 165
23 191
23 211
23 233
23 259
23 332
23 348
23 397
23 430
23 440
23 441
23 508
23 919
24 944
24 344
24 768
24 57
24 784
24 975
24 557
24 353
24 836
24 289
24 818
24 698
24 495
24 508
24 615
24 900
24 902
24 926
24 990
25 710
25 96
25 84
25 893
25 151
25 46
25 273
25 905
25 630
25 125
25 292
25 668
25 382
25 663
25 930
26 764
26 887
26 874
26 586
26 900
26 250
26 508
26 806
26 344
26 604
26 823
26 360
26 580
26 907
26 230
26 981
26 306
26 398
26 807
27 269
27 64
27 553
27 508
27 223
27 703
27 806
27 981
27 607
27 696
27 239
27 306
27 727
27 984
27 133
27 85
27 138
27 180
27 308
27 413
27 447
27 519
27 525
27 536
27 600
27 731
27 771
27 886
27 927
27 935
27 957
28 554
28 530
28 490
28 510
28 278
28 986
28 791
28 894
28 97
28 123
28 345
28 408
28 453
28 478
28 508
28 618
28 634
28 653
28 690
28 725
28 730
28 779
28 797
28 808
28 812
28 889
28 900
28 903
28 972
29 269
29 910
29 591
29 41
29 779
29 175
29 631
29 653
29 638
29 811
29 404
29 548
29 40
29 104
29 123
29 166
29 173
29 179
29 383
29 418
29 566
29 626
29 628
29 741
29 771
29 788
29 808
29 916
29 921
30 897
30 509
30 418
30 770
30 253
30 190
30 271
30 422
30 491
30 493
30 579
30 665
30 789
30 896
30 998
31 633
31 99
31 733
31 525
31 212
31 534
31 39
31 415
31 335
31 675
31 825
31 81
31 301
31 304
31 468
31 697
31 763
31 971
31 993
32 281
32 983
32 442
32 756
32 220
32 540
32 405
32 468
32 752
32 102
32 475
32 821
32 882
32 847
32 444
32 582
32 140
32 170
32 526
32 533
32 649
32 852
32 929
33 435
33 416
33 904
33 157
33 318
33 141
33 334
33 901
33 397
33 655
33 597
33 534
33 53
33 307
33 870
33 119
33 151
33 398
33 563
33 609
33 619
33 711
33 855
33 959
34 761
34 963
34 919
34 181
34 121
34 532
34 350
34 593
34 550
34 789
34 38
34 69
34 109
34 127
34 148
34 212
34 243
34 514
34 518
34 571
34 577
34 596
34 602
34 685
34 740
34 787
34 990
35 663
35 232
35 266
35 573
35 967
35 543
35 761
35 534
35 219
35 685
35 175
35 654
35 142
35 216
35 243
35 431
35 696
36 805
36 185
36 98
36 940
36 607
36 912
36 155
36 172
36 201
36 508
37 328
37 123
37 778
37 966
37 587
37 245
37 422
37 622
37 470
37 214
37 505
37 97
37 309
37 363
37 372
37 386
37 674
37 720
37 771
37 789
37 857
37 910
37 932
37 998
38 822
38 856
38 435
38 436
38 632
38 196
38 233
38 270
38 312
38 318
38 431
38 548
38 573
38 647
38 726
38 761
38 763
39 717
39 257
39 985
39 793
39 764
39 350
39 106
39 96
39 120
39 164
39 191
39 332
39 335
39 600
39 684
39 893
40 46
40 687
40 962
40 881
40 385
40 613
40 789
40 466
40 80
40 794
40 386
40 256
40 288
40 565
40 690
40 795
40 943
40 969
41 937
41 601
41 123
41 134
41 579
41 788
41 751
41 297
41 434
41 440
41 791
41 873
41 875
42 374
42 574
42 479
42 360
42 945
42 672
42 325
42 200
42 128
42 956
42 853
42 239
42 180
42 242
42 260
42 380
42 413
42 447
42 562
42 649
42 805
42 829
42 984
42 987
43 876
43 803
43 457
43 154
43 452
43 824
43 51
43 931
43 839
43 686
43 581
43 394
43 918
43 891
43 516
43 723
43 526
43 982
43 48
43 210
43 282
43 357
44 115
44 567
44 792
44 995
44 582
44 48
44 58
44 183
44 277
44 445
44 451
44 506
44 649
44 756
44 801
44 815
44 932
44 940
45 681
45 420
45 784
45 86
45 915
45 834
45 48
45 879
45 670
45 658
45 799
45 361
45 333
45 409
45 496
45 564
45 585
45 723
45 941
45 989
45 999
46 163
46 246
46 695
46 944
46 733
46 273
46 152
46 617
46 817
46 507
46 365
46 106
46 127
46 164
46 166
46 347
46 350
46 463
46 845
46 856
46 953
47 827
47 802
47 524
47 809
47 205
47 853
47 369
47 189
47 598
47 965
47 57
47 384
47 594
47 611
47 781
47 926
48 443
48 779
48 628
48 939
48 87
48 570
48 669
48 756
48 183
48 641
48 796
48 891
48 378
48 473
48 854
48 60
48 129
48 135
48 249
48 688
49 227
49 209
49 943
49 361
49 861
49 723
49 338
49 445
49 698
49 888
49 158
49 870
49 202
49 261
49 271
49 406
49 609
49 775
49 939
50 599
50 309
50 875
50 268
50 775
50 91
50 117
50 320
50 329
50 509
50 552
50 569
50 596
50 779
50 860
51 898
51 920
51 154
51 477
51 835
51 248
51 709
51 888
51 997
51 87
51 88
51 133
51 242
51 365
51 401
51 426
51 444
51 454
51 496
51 567
51 581
51 590
51 671
51 676
51 817
51 826
51 866
51 880
51 982
52 556
52 941
52 331
52 497
52 58
52 870
52 108
52 723
52 526
52 590
52 159
52 212
52 220
52 293
52 308
52 394
52 452
52 651
52 671
52 752
52 796
52 802
52 854
52 997
53 966
53 969
53 245
53 638
53 618
53 169
53 347
53 716
53 389
53 749
53 434
53 913
53 817
53 559
53 586
53 843
53 133
53 247
53 318
53 417
53 490
53 493
53 539
53 587
53 625
53 650
53 701
54 714
54 865
54 421
54 246
54 518
54 761
54 204
54 663
54 843
54 208
54 233
54 334
54 351
54 376
54 416
54 419
54 478
54 543
55 373
55 275
55 862
55 128
55 221
55 234
55 461
55 694
55 802
55 950
56 925
56 589
56 175
56 913
56 297
56 467
56 309
56 173
56 193
56 978
56 372
56 894
56 613
56 599
56 70
56 741
56 451
56 835
56 202
56 174
56 525
56 617
56 736
56 996
57 263
57 69
57 680
57 275
57 774
57 95
57 424
57 549
57 161
57 128
57 664
57 758
57 743
57 269
57 485
57 487
57 508
57 600
57 783
57 786
57 892
57 907
57 922
58 567
58 210
58 313
58 133
58 906
58 824
58 850
58 516
58 333
58 835
58 468
58 891
58 474
58 322
58 612
58 139
58 102
58 767
58 915
58 206
58 213
58 215
58 460
58 648
58 754
58 865
58 938
58 989
59 822
59 323
59 795
59 978
59 486
59 315
59 354
59 643
59 469
59 540
59 130
59 245
59 329
59 395
59 484
59 515
59 585
59 591
59 653
59 724
60 309
60 377
60 964
60 867
60 939
60 313
60 798
60 248
60 260
60 357
60 431
60 468
60 477
60 503
60 533
60 705
60 739
61 856
61 385
61 736
61 173
61 875
61 143
61 386
61 517
61 881
61 812
61 631
61 690
61 484
61 187
61 848
61 383
61 285
61 375
61 448
61 456
61 471
61 515
61 831
61 955
61 998
62 482
62 701
62 811
62 422
62 418
62 712
62 214
62 916
62 328
62 765
62 643
62 82
62 386
62 417
62 559
62 803
62 686
62 136
62 490
62 666
62 816
63 556
63 243
63 334
63 412
63 740
63 937
63 537
63 363
63 883
63 71
63 772
63 508
63 332
63 430
63 498
64 546
64 943
64 667
64 794
64 561
64 175
64 601
64 745
64 814
64 315
64 330
64 385
64 406
64 462
64 569
64 613
64 706
64 765
64 837
64 949
65 256
65 178
65 502
65 407
65 159
65 98
65 480
65 738
65 866
65 585
65 78
65 111
65 113
65 137
65 290
65 359
65 372
65 508
65 519
65 529
65 672
65 690
65 696
65 753
65 974
66 70
66 199
66 469
66 376
66 175
66 67
66 134
66 750
66 97
66 113
66 123
66 173
66 187
66 196
66 244
66 245
66 310
66 315
66 385
66 418
66 478
66 534
66 569
66 690
66 788
66 849
66 922
66 952
66 998
67 302
67 910
67 747
67 778
67 701
67 934
67 643
67 741
67 690
67 446
67 105
67 418
67 874
67 572
67 827
67 503
67 653
67 487
67 94
67 123
67 190
67 245
67 482
67 565
67 725
67 745
68 874
68 972
68 834
68 405
68 688
68 254
68 500
68 153
68 88
68 365
68 669
68 438
68 729
68 792
68 140
68 206
68 321
68 513
68 596
68 800
68 906
68 998
69 643
69 757
69 319
69 813
69 285
69 624
69 789
69 498
69 654
69 910
69 486
69 952
69 503
69 638
69 156
69 986
69 794
69 330
69 804
69 389
69 500
69 77
69 651
69 123
69 168
69 187
69 456
70 517
70 734
70 470
70 909
70 624
70 838
70 94
70 159
70 620
70 970
70 703
70 467
70 478
70 674
70 757
70 860
70 871
70 962
71 589
71 893
71 96
71 685
71 485
71 299
71 352
71 832
71 967
71 125
71 544
71 657
71 84
71 953
71 217
71 241
71 644
71 136
71 143
71 383
71 508
71 413
71 670
71 879
71 101
71 323
71 412
71 428
71 455
71 514
71 668
71 877
72 736
72 840
72 80
72 130
72 147
72 779
72 745
72 123
72 229
72 700
72 205
72 982
72 176
72 652
72 689
72 788
72 793
72 794
73 921
73 345
73 724
73 517
73 966
73 747
73 143
73 969
73 873
73 195
73 606
73 960
73 82
73 342
73 520
73 578
73 579
73 674
73 741
73 820
74 233
74 955
74 153
74 458
74 451
74 308
74 908
74 756
74 906
74 108
74 215
74 283
74 438
74 497
74 564
74 570
74 723
75 607
75 307
75 700
75 501
75 549
75 585
75 888
75 913
76 571
76 519
76 868
76 154
76 670
76 688
76 293
76 752
76 409
76 135
76 211
76 229
76 527
76 564
76 619
76 791
76 796
76 847
76 943
77 645
77 819
77 442
77 313
77 162
77 394
77 206
77 290
77 333
77 338
77 343
77 640
77 754
77 826
77 999
78 550
78 456
78 802
78 505
78 871
78 369
78 529
78 568
78 250
78 235
78 128
78 604
78 189
78 380
78 830
78 853
78 925
79 183
79 756
79 206
79 766
79 287
79 752
79 311
79 339
79 852
79 188
79 801
79 86
79 169
79 198
79 228
79 248
79 282
79 343
79 409
79 506
79 581
79 612
79 924
79 933
79 938
79 946
79 960
80 542
80 913
80 665
80 329
80 778
80 601
80 82
80 91
80 170
80 97
80 175
80 195
80 402
80 507
80 596
80 674
80 770
80 813
80 892
80 968
80 979
81 412
81 296
81 236
81 825
81 109
81 165
81 257
81 266
81 277
81 289
81 330
81 436
81 761
81 859
82 114
82 229
82 848
82 414
82 510
82 172
82 575
82 454
82 104
82 288
82 318
82 490
82 530
82 608
82 623
82 636
82 691
82 725
82 765
82 839
82 853
82 968
83 722
83 811
83 596
83 913
83 296
83 156
83 932
83 517
83 385
83 476
83 214
83 447
83 778
83 804
83 831
83 982
83 999
84 865
84 120
84 542
84 793
84 876
84 431
84 269
84 455
84 790
84 440
84 132
84 682
84 761
84 247
84 157
84 252
84 859
84 547
84 423
84 110
84 738
84 444
84 693
84 884
84 898
84 904
84 947
85 735
85 990
85 508
85 949
85 675
85 411
85 523
85 200
85 611
85 620
85 640
85 776
85 810
85 823
86 832
86 638
86 844
86 262
86 698
86 992
86 337
86 752
86 150
86 202
86 226
86 282
86 305
86 356
86 458
86 475
86 496
86 629
86 877
86 972
87 228
87 739
87 671
87 645
87 796
87 744
87 648
87 821
87 283
87 254
87 265
87 417
87 475
87 570
87 596
87 651
87 782
87 919
88 896
88 508
88 900
88 133
88 826
88 863
88 262
88 723
88 220
88 356
88 705
88 153
88 861
88 294
88 158
88 698
88 466
88 564
88 686
88 796
88 798
88 824
89 510
89 150
89 744
89 867
89 540
89 868
89 313
89 198
89 222
89 300
89 321
89 515
89 516
89 709
89 839
89 856
90 556
90 357
90 343
90 460
90 933
90 473
90 145
90 222
90 261
90 489
90 526
90 630
90 645
90 709
90 870
91 285
91 195
91 545
91 467
91 297
91 990
91 278
91 309
91 326
91 586
91 627
91 654
91 674
91 677
91 698
91 724
91 838
91 896
91 968
92 919
92 726
92 954
92 632
92 668
92 884
92 746
92 430
92 876
92 761
92 231
92 185
92 398
92 264
92 151
92 238
92 534
92 544
92 733
92 883
92 917
93 465
93 904
93 633
93 439
93 415
93 859
93 152
93 856
93 351
93 455
93 548
93 606
93 322
93 423
93 531
93 537
93 542
93 946
94 691
94 566
94 143
94 383
94 530
94 873
94 229
94 503
94 353
94 315
94 401
94 551
94 579
95 789
95 637
95 295
95 508
95 895
95 536
95 242
95 171
95 419
95 481
95 527
95 753
95 900
96 435
96 681
96 421
96 919
96 188
96 109
96 208
96 277
96 346
96 416
96 423
96 531
96 534
96 642
96 682
96 697
96 856
96 924
96 953
96 985
97 482
97 152
97 943
97 586
97 973
97 618
97 677
97 515
97 840
97 913
97 425
97 176
97 177
97 328
97 508
97 689
97 959
98 514
98 775
98 994
98 635
98 131
98 182
98 251
98 368
98 380
98 404
98 508
98 588
98 600
98 626
98 842
98 853
98 860
99 465
99 257
99 304
99 397
99 350
99 279
99 439
99 430
99 518
99 166
99 793
99 345
99 263
99 370
99 412
99 431
99 514
99 639
99 644
99 668
99 859
99 893
99 925
99 967
100 874
100 727
100 580
100 949
100 321
100 673
100 450
100 260
100 171
100 803
100 250
100 374
100 505
100 823
100 845
100 885
101 947
101 421
101 904
101 901
101 266
101 544
101 628
101 825
101 302
101 363
101 632
101 710
101 790
101 814
101 932
102 806
102 938
102 262
102 729
102 520
102 582
102 659
102 849
102 108
102 367
102 941
102 150
102 315
102 392
102 402
102 464
102 557
102 761
102 844
102 885
102 888
102 910
102 997
103 703
103 339
103 183
103 533
103 826
103 877
103 222
103 283
103 301
103 520
103 564
103 929
103 975
104 889
104 288
104 503
104 860
104 846
104 811
104 153
104 372
104 466
104 494
104 645
104 745
104 867
105 456
105 462
105 110
105 342
105 372
105 827
105 425
105 545
105 601
105 881
105 916
105 403
105 949
105 187
105 276
105 383
105 395
105 624
105 860
105 952
106 399
106 580
106 907
106 501
106 871
106 708
106 505
106 111
106 673
106 116
106 147
106 226
106 311
106 349
106 508
106 549
106 561
106 694
106 775
106 786
106 913
106 975
107 217
107 364
107 181
107 118
107 937
107 993
107 238
107 257
107 488
107 791
107 942
107 739
107 177
107 361
107 397
107 427
107 593
107 711
107 713
107 883
107 936
108 517
108 303
108 333
108 766
108 287
108 198
108 133
108 458
108 468
108 477
108 598
108 612
108 629
108 653
108 662
108 671
108 777
108 850
108 938
109 141
109 121
109 364
109 740
109 454
109 232
109 474
109 486
109 546
109 663
109 693
110 820
110 840
110 278
110 199
110 625
110 624
110 986
110 175
110 315
110 321
110 578
110 606
110 634
110 664
110 702
110 765
110 768
110 897
111 971
111 902
111 703
111 610
111 508
111 186
111 487
111 750
111 481
111 972
112 927
112 940
112 956
112 970
112 640
112 185
112 508
112 611
112 664
112 853
112 885
113 675
113 829
113 642
113 159
113 557
113 912
113 307
113 133
113 168
113 341
113 354
113 495
113 508
113 519
113 692
113 715
113 805
113 823
113 857
113 862
113 961
113 970
114 978
114 244
114 772
114 643
114 530
114 271
114 123
114 545
114 701
114 119
114 826
114 250
114 278
114 291
114 490
114 608
114 631
114 702
114 725
114 734
114 757
114 838
114 962
115 886
115 824
115 997
115 477
115 215
115 198
115 186
115 457
115 468
115 475
115 564
115 743
115 747
115 762
115 933
115 938
115 995
116 926
116 672
116 541
116 699
116 495
116 635
116 189
116 321
116 324
116 384
116 400
116 407
116 487
116 568
116 710
116 750
116 949
116 957
116 977
116 993
117 644
117 547
117 165
117 169
117 922
117 376
117 720
117 778
117 986
117 128
117 143
117 425
117 430
117 736
117 875
117 998
118 124
118 292
118 636
118 363
118 132
118 710
118 685
118 304
118 814
118 319
118 490
118 727
118 270
118 773
119 937
119 199
119 840
119 503
119 623
119 978
119 498
119 320
119 745
119 285
119 567
119 147
119 171
119 195
119 491
119 507
119 587
119 747
119 932
119 950
120 937
120 233
120 733
120 383
120 253
120 132
120 241
120 298
120 364
120 370
120 449
120 521
120 531
120 614
120 901
120 971
121 988
121 944
121 440
121 971
121 832
121 209
121 978
121 452
121 132
121 233
121 257
121 383
121 514
121 593
121 650
121 663
121 714
121 726
121 761
121 985
122 833
122 845
122 773
122 898
122 197
122 597
122 593
122 206
122 454
122 142
122 231
122 266
122 281
122 488
122 508
122 514
122 543
122 576
122 603
122 718
122 746
122 764
122 820
122 953
123 160
123 385
123 175
123 654
123 507
123 490
123 913
123 608
123 330
123 889
123 691
123 771
123 445
123 169
123 179
123 244
123 258
123 326
123 408
123 437
123 509
123 569
123 623
123 667
123 689
123 736
123 754
123 896
123 897
123 908
123 909
124 793
124 204
124 266
124 769
124 217
124 301
124 177
124 165
124 969
124 815
124 424
124 231
124 277
124 707
124 890
124 947
125 785
125 577
125 435
125 761
125 793
125 616
125 534
125 197
125 518
125 657
125 714
125 726
125 968
125 508
125 511
125 207
125 215
125 455
125 681
125 704
125 869
125 928
126 199
126 586
126 922
126 174
126 434
126 780
126 817
127 740
127 352
127 538
127 364
127 298
127 482
127 415
127 773
127 204
127 571
127 684
127 430
127 711
127 152
127 263
127 242
127 506
127 391
127 520
127 769
127 862
127 884
128 459
128 234
128 495
128 809
128 758
128 974
128 268
128 508
128 790
128 862
128 927
129 238
129 755
129 539
129 698
129 877
129 405
129 154
129 739
129 379
129 333
129 850
129 723
129 444
129 457
129 744
129 855
129 918
129 964
130 920
130 889
130 545
130 478
130 631
130 271
130 174
130 725
130 418
130 552
130 179
130 207
130 432
130 433
130 441
130 527
130 770
130 838
130 846
130 848
130 894
130 946
131 981
131 983
131 553
131 673
131 984
131 138
131 156
131 251
131 476
131 481
131 501
131 541
131 562
131 575
131 610
131 656
131 705
131 711
131 738
131 760
131 775
132 547
132 944
132 682
132 148
132 351
132 936
132 884
132 528
132 833
132 814
132 401
132 163
132 197
132 373
132 406
132 443
132 636
132 647
133 299
133 516
133 756
133 357
133 452
133 824
133 262
133 496
133 858
133 939
133 213
133 222
133 301
133 314
133 508
133 520
133 526
133 564
133 742
133 822
133 844
133 879
133 911
133 914
133 941
133 992
134 214
134 716
134 510
134 429
134 860
134 342
134 591
134 746
134 808
135 334
135 693
135 667
135 638
135 244
135 452
135 915
135 493
135 799
135 140
135 150
135 153
135 236
135 290
135 300
135 453
135 508
135 526
135 544
135 588
135 619
135 826
135 938
136 301
136 693
136 746
136 431
136 219
136 302
136 415
136 682
136 207
136 631
136 927
136 166
136 218
136 348
136 443
136 514
136 593
136 761
136 952
137 386
137 595
137 600
137 951
137 236
137 284
137 201
137 508
137 529
137 557
137 679
137 777
137 823
138 194
138 508
138 977
138 224
138 548
138 450
138 692
138 274
138 505
138 560
138 594
138 743
138 783
138 829
138 891
138 894
138 900
139 636
139 515
139 732
139 512
139 816
139 336
139 339
139 206
139 837
139 150
139 390
139 800
139 367
139 356
139 282
139 386
139 511
139 564
139 676
139 705
139 835
139 854
139 929
139 941
139 960
140 656
140 240
140 387
140 570
140 357
140 923
140 686
140 451
140 870
140 489
140 564
140 444
140 478
140 554
140 561
140 762
140 879
140 992
141 602
141 790
141 746
141 209
141 448
141 412
141 728
141 318
141 471
141 364
141 597
141 697
141 707
141 925
142 845
142 589
142 556
142 954
142 323
142 793
142 370
142 334
142 164
142 787
142 362
142 243
142 318
142 859
142 874
142 625
142 217
142 349
142 593
142 704
142 707
142 761
142 802
142 937
142 988
143 878
143 498
143 173
143 175
143 375
143 734
143 814
143 975
143 310
143 456
143 494
143 508
143 566
143 599
143 680
143 921
143 922
144 784
144 802
144 774
144 267
144 501
144 951
144 700
144 945
144 598
144 398
144 407
144 456
144 508
145 978
145 689
145 372
145 794
145 680
145 586
145 509
145 260
145 405
145 471
145 484
145 747
145 902
145 951
146 665
146 853
146 502
146 523
146 872
146 803
146 508
146 226
146 293
146 381
146 481
146 799
146 831
146 857
146 900
146 902
146 970
147 772
147 170
147 654
147 638
147 903
147 813
147 491
147 794
147 395
147 719
147 502
147 826
147 150
147 245
147 297
147 422
147 437
147 626
147 643
147 666
147 747
148 633
148 217
148 371
148 346
148 726
148 728
148 905
148 899
148 219
148 403
148 789
148 187
148 363
148 423
148 599
148 616
148 640
148 845
149 453
149 815
149 388
149 777
149 629
149 468
149 516
149 206
149 210
149 235
149 340
149 343
149 365
149 452
149 508
149 564
149 748
149 825
149 939
150 831
150 643
150 931
150 390
150 361
150 964
150 527
150 605
150 426
150 220
150 540
150 882
150 671
150 287
150 182
150 459
150 477
150 520
150 676
150 976
151 455
151 217
151 208
151 485
151 761
151 668
151 263
151 971
151 763
151 593
151 603
151 704
151 238
151 514
151 164
151 204
151 266
151 463
151 856
151 876
151 983
152 718
152 845
152 196
152 227
152 893
152 217
152 844
152 246
152 252
152 391
152 518
152 534
152 681
152 967
153 587
153 659
153 262
153 294
153 516
153 322
153 331
153 535
153 698
153 762
153 918
154 744
154 402
154 751
154 220
154 222
154 253
154 282
154 313
154 331
154 378
154 477
154 650
154 669
154 671
154 720
154 757
154 781
154 915
154 923
155 498
155 400
155 502
155 946
155 201
155 951
155 508
155 902
155 335
155 499
155 885
155 903
156 193
156 469
156 608
156 173
156 297
156 184
156 271
156 283
156 366
156 375
156 610
156 623
156 625
156 631
156 782
156 812
156 826
156 921
156 946
156 998
157 534
157 554
157 364
157 393
157 616
157 899
157 822
157 988
157 657
157 327
157 396
157 531
157 627
157 646
157 693
157 980
158 436
158 701
158 378
158 202
158 801
158 938
158 444
158 877
158 477
158 442
158 179
158 361
158 394
158 419
158 438
158 489
158 561
158 570
158 645
158 754
158 767
158 839
158 914
158 923
159 490
159 946
159 483
159 255
159 161
159 501
159 748
159 766
159 900
159 975
160 280
160 616
160 905
160 571
160 490
160 197
160 270
160 416
160 423
160 695
160 954
161 578
161 853
161 885
161 783
161 955
161 201
161 284
161 319
161 342
161 355
161 508
161 529
161 611
161 940
161 974
161 987
161 991
162 164
162 384
162 727
162 583
162 567
162 253
162 533
162 198
162 799
162 497
162 468
162 206
162 219
162 226
162 337
162 500
162 516
162 526
162 659
162 723
162 834
162 992
163 733
163 905
163 963
163 833
163 534
163 279
163 165
163 209
163 191
163 197
163 498
163 691
163 845
163 930
164 710
164 525
164 904
164 181
164 373
164 371
164 713
164 430
164 255
164 216
164 889
164 898
164 901
165 351
165 988
165 633
165 197
165 209
165 430
165 436
165 531
165 553
165 563
165 613
165 761
166 252
166 693
166 485
166 901
166 299
166 954
166 763
166 217
166 944
166 212
166 455
166 260
166 292
166 396
166 599
166 903
167 562
167 479
167 398
167 237
167 308
167 290
167 201
167 317
167 360
167 508
167 611
167 987
168 179
168 921
168 229
168 509
168 419
168 795
168 780
168 894
168 827
168 874
168 420
168 749
168 599
168 610
168 192
168 174
168 288
168 437
168 586
168 625
168 846
169 677
169 578
169 579
169 176
169 422
169 271
169 618
169 770
169 675
169 676
169 268
169 613
169 654
169 722
169 745
169 780
169 808
169 909
169 952
169 962
169 980
169 993
170 204
170 328
170 780
170 276
170 229
170 986
170 813
170 484
170 566
170 172
170 417
170 507
170 545
170 551
170 578
170 606
170 735
170 817
170 889
170 894
171 930
171 833
171 507
171 886
171 275
171 355
171 359
171 201
171 501
171 735
171 404
171 818
171 221
171 411
171 508
171 576
171 681
171 783
171 987
172 755
172 508
172 182
172 354
172 652
172 675
172 681
172 706
172 853
172 892
172 902
172 983
173 966
173 401
173 623
173 376
173 878
173 389
173 579
173 229
173 214
173 840
173 329
173 982
173 199
173 666
173 736
173 747
173 794
173 969
174 298
174 528
174 532
174 633
174 276
174 724
174 627
174 789
174 268
174 690
174 608
174 921
174 765
174 582
174 231
174 470
174 586
175 302
175 551
175 720
175 375
175 329
175 395
175 552
175 678
175 494
175 203
175 267
175 193
175 237
175 265
175 332
175 491
175 566
175 691
175 860
175 922
176 246
176 596
176 403
176 952
176 814
176 296
176 569
176 214
176 310
176 418
176 622
176 627
176 663
177 687
177 602
177 531
177 209
177 728
177 763
177 259
177 642
177 853
177 262
177 474
177 241
177 346
177 453
177 485
177 764
178 616
178 601
178 508
178 977
178 230
178 576
178 291
178 366
178 374
178 413
178 687
178 694
178 735
178 737
178 738
178 842
178 857
178 887
178 892
178 968
178 994
179 494
179 667
179 586
179 736
179 446
179 319
179 369
179 276
179 309
179 414
179 757
179 770
179 932
180 286
180 853
180 182
180 818
180 230
180 523
180 583
180 335
180 499
180 508
180 522
180 683
181 231
181 681
181 334
181 636
181 718
181 602
181 275
181 185
181 867
181 196
181 222
181 241
181 246
181 281
181 415
181 423
181 479
181 505
181 639
181 657
181 761
181 822
181 993
182 917
182 830
182 521
182 224
182 981
182 703
182 461
182 388
182 468
182 295
182 508
182 596
182 664
182 857
182 912
182 933
182 986
183 944
183 419
183 650
183 688
183 739
183 392
183 821
183 651
183 394
183 406
183 437
183 581
183 645
183 819
183 826
183 863
183 914
183 974
184 229
184 565
184 320
184 258
184 878
184 741
184 368
184 929
184 187
184 245
184 401
184 486
184 586
184 718
184 887
184 889
184 975
184 985
185 204
185 949
185 580
185 541
185 802
185 247
185 508
185 520
185 553
185 755
185 857
185 928
185 965
186 455
186 544
186 347
186 461
186 802
186 803
186 349
186 397
186 508
186 541
186 592
186 700
187 252
187 589
187 733
187 372
187 812
187 617
187 434
187 366
187 545
187 288
187 441
187 509
187 345
187 319
187 309
187 268
187 496
187 333
187 354
187 375
187 433
187 494
187 596
187 779
187 828
188 273
188 421
188 697
188 475
188 192
188 265
188 428
188 452
188 507
188 539
188 709
188 756
188 792
188 819
188 852
188 924
189 304
189 523
189 398
189 748
189 652
189 642
189 341
189 230
189 907
189 240
189 620
189 900
189 541
189 508
189 260
189 721
189 588
189 201
189 345
189 774
189 805
189 807
190 507
190 271
190 720
190 643
190 587
190 253
190 342
190 467
190 565
190 791
190 795
190 932
190 966
191 352
191 554
191 412
191 876
191 714
191 208
191 687
191 384
191 323
191 550
191 685
191 953
192 670
192 609
192 570
192 303
192 257
192 345
192 367
192 426
192 428
192 430
192 821
192 880
192 941
192 964
192 982
193 566
193 903
193 278
193 329
193 420
193 484
193 677
193 689
193 811
193 827
193 875
193 881
193 973
194 201
194 508
194 895
194 450
194 656
194 203
194 226
194 255
194 555
194 862
194 940
194 951
194 990
195 273
195 587
195 510
195 286
195 328
195 702
195 741
195 484
195 934
195 819
195 317
195 329
195 342
195 466
195 769
195 814
195 859
196 312
196 761
196 985
196 350
196 304
196 351
196 693
196 936
196 528
196 813
196 969
196 223
196 220
196 291
196 333
196 672
196 684
196 937
197 616
197 573
197 302
197 558
197 859
197 273
197 397
197 412
197 978
197 317
197 516
197 350
197 436
197 468
197 508
197 556
197 717
197 761
197 963
197 990
198 206
198 854
198 535
198 821
198 800
198 382
198 294
198 474
198 452
198 650
198 458
198 698
198 709
198 762
199 772
199 417
199 654
199 678
199 296
199 347
199 470
199 354
199 376
199 491
200 508
200 975
200 755
200 900
200 267
200 355
200 568
200 572
200 607
200 673
200 761
200 872
200 971
200 987
200 991
201 415
201 778
201 900
201 349
201 508
201 664
201 512
201 730
201 775
201 946
202 914
202 392
202 426
202 777
202 288
202 382
202 444
202 649
202 705
202 729
202 826
202 847
202 915
203 312
203 318
203 977
203 398
203 512
203 620
203 673
203 340
203 536
203 459
203 400
203 476
203 737
203 760
203 950
204 435
204 704
204 571
204 554
204 657
204 684
204 614
204 242
204 246
204 280
204 421
204 558
204 706
204 761
204 851
204 930
204 967
205 977
205 957
205 481
205 748
205 344
205 983
205 221
205 354
205 359
205 433
205 508
205 643
205 913
205 965
205 980
205 985
206 548
206 800
206 841
206 835
206 390
206 671
206 285
206 517
206 645
206 796
206 868
207 714
207 364
207 589
207 833
207 532
207 684
207 362
207 936
207 423
207 327
207 813
207 566
207 672
207 231
207 270
207 482
207 492
207 636
207 671
207 687
207 761
207 795
207 868
207 873
207 937
208 707
208 577
208 298
208 597
208 430
208 993
208 217
208 318
208 369
208 787
208 901
208 954
208 981
209 217
209 954
209 332
209 415
209 832
209 364
209 761
209 351
209 281
209 235
209 334
209 363
209 400
209 436
209 465
209 537
209 577
209 925
210 466
210 407
210 744
210 976
210 527
210 676
210 442
210 402
210 248
210 339
210 343
210 435
210 445
210 448
210 819
211 554
211 507
211 508
211 287
211 796
211 870
211 322
211 767
211 688
211 506
211 777
211 941
211 293
211 379
211 386
211 474
211 582
211 585
211 612
211 676
211 860
212 216
212 681
212 687
212 761
212 711
212 547
212 415
212 630
212 624
212 576
212 283
212 231
212 281
212 423
212 529
212 578
212 604
212 644
212 940
212 947
212 980
213 633
213 722
213 408
213 386
213 341
213 756
213 751
213 739
213 799
213 801
213 582
213 506
213 248
213 282
213 311
213 338
213 516
213 822
213 924
213 941
213 974
213 989
214 966
214 702
214 258
214 736
214 943
214 767
214 237
214 297
214 359
214 425
214 596
214 699
214 791
214 794
215 277
215 247
215 778
215 508
215 641
215 378
215 493
215 300
215 513
215 339
215 792
215 929
215 540
215 767
215 308
215 392
216 514
216 327
216 769
216 985
216 430
216 334
216 486
216 256
216 357
216 537
216 663
216 697
216 710
216 724
216 726
216 876
216 905
216 947
216 953
216 980
217 773
217 937
217 901
217 636
217 547
217 464
217 797
217 219
217 273
217 304
217 350
217 397
217 542
217 574
217 822
217 856
217 920
217 944
217 980
218 695
218 668
218 856
218 971
218 531
218 630
218 636
218 507
218 319
218 794
218 818
218 253
218 233
218 427
218 655
218 876
219 227
219 971
219 655
219 717
219 668
219 281
219 714
219 625
219 408
219 699
219 658
219 416
219 430
219 558
219 577
219 763
219 787
219 919
219 967
220 410
220 629
220 513
220 867
220 390
220 489
220 506
220 567
220 581
220 698
220 766
220 788
220 834
220 854
220 868
220 974
221 587
221 770
221 902
221 640
221 853
221 760
221 750
221 521
221 590
221 265
221 274
221 495
221 508
221 706
221 983
222 542
222 955
222 830
222 991
222 454
222 287
222 698
222 821
222 283
222 409
222 500
222 504
222 508
222 867
223 360
223 349
223 914
223 841
223 324
223 333
223 399
223 479
223 481
223 635
223 673
223 784
223 802
223 872
223 902
224 774
224 829
224 892
224 576
224 250
224 664
224 753
224 407
224 945
224 480
224 479
224 508
224 324
224 703
224 758
224 786
224 879
224 966
224 972
224 977
225 954
225 713
225 963
225 636
225 920
225 740
225 726
225 845
225 865
225 746
225 441
225 340
225 664
225 345
225 406
225 516
225 534
225 893
226 693
226 259
226 592
226 508
226 317
226 991
226 400
226 672
226 866
226 606
226 642
226 697
226 738
226 927
227 346
227 348
227 876
227 440
227 317
227 518
227 538
227 685
227 711
227 874
227 883
228 886
228 619
228 460
228 777
228 291
228 302
228 310
228 395
228 417
228 478
228 514
228 569
228 572
228 586
228 587
228 638
228 804
228 807
228 808
228 828
228 878
228 932
228 966
229 467
229 634
229 878
229 285
229 366
229 401
229 475
229 498
229 559
229 591
229 702
229 722
229 747
229 838
229 889
229 894
229 922
229 928
229 943
230 413
230 521
230 508
230 524
230 926
230 333
230 533
230 336
230 239
230 242
230 275
230 297
230 355
230 380
230 479
230 529
230 635
230 672
230 692
230 758
230 983
231 787
231 890
231 518
231 299
231 257
231 668
231 930
231 449
231 263
231 534
231 244
231 384
231 269
231 326
231 421
231 434
231 517
231 537
231 604
232 761
232 905
232 790
232 740
232 263
232 334
232 710
232 930
232 317
232 266
232 281
232 299
232 427
232 463
233 967
233 464
233 740
233 684
233 538
233 508
233 286
233 318
233 362
233 711
233 977
234 320
234 946
234 673
234 483
234 810
234 735
234 526
234 281
234 306
234 335
234 450
234 501
234 508
234 583
234 776
234 942
234 948
235 614
235 950
235 864
235 907
235 801
235 377
235 432
235 743
235 755
235 793
235 815
235 936
235 965
236 827
236 977
236 815
236 487
236 574
236 652
236 237
236 400
236 508
236 743
236 991
237 423
237 329
237 320
237 424
237 755
237 592
237 853
237 245
237 406
237 479
237 500
237 508
237 871
237 918
237 961
237 972
238 544
238 532
238 851
238 465
238 547
238 650
238 717
238 901
238 928
239 727
239 942
239 753
239 664
239 324
239 810
239 694
239 743
239 768
239 381
239 660
239 776
239 316
239 696
239 523
239 430
239 483
239 509
239 536
239 541
239 568
239 673
239 705
239 972
240 987
240 853
240 755
240 505
240 774
240 885
240 508
240 984
240 738
240 871
240 289
240 548
240 795
240 962
241 681
241 985
241 257
241 547
241 834
241 265
241 313
241 406
241 427
241 488
241 707
241 737
241 787
241 991
242 483
242 407
242 480
242 523
242 872
242 272
242 951
242 316
242 295
242 387
243 266
243 793
243 485
243 263
243 883
243 573
243 813
243 860
243 640
243 488
243 930
243 985
244 301
244 680
244 434
244 552
244 319
244 779
244 596
244 271
244 666
244 315
244 389
244 772
244 551
244 481
244 861
244 293
244 320
244 462
244 566
244 618
244 795
244 827
244 873
244 946
245 556
245 647
245 702
245 962
245 749
245 315
245 794
245 358
245 437
245 691
245 770
245 626
245 375
246 764
246 259
246 280
246 298
246 971
246 318
246 364
246 807
246 796
246 332
246 430
246 871
246 985
247 543
247 793
247 263
247 345
247 354
247 369
247 373
247 412
247 443
247 525
247 612
247 655
247 717
248 579
248 389
248 945
248 834
248 264
248 590
248 365
248 742
248 825
248 527
248 658
248 752
248 688
248 852
248 662
248 409
248 445
248 451
248 543
248 651
248 726
248 729
248 777
248 875
248 914
248 933
249 603
249 259
249 273
249 793
249 728
249 370
249 383
249 406
249 614
249 630
249 693
249 833
249 930
250 687
250 606
250 321
250 694
250 755
250 508
250 523
250 555
250 562
250 568
250 598
250 689
250 692
250 748
250 830
250 949
251 358
251 948
251 508
251 758
251 502
251 775
251 487
251 368
251 324
251 997
251 447
251 568
251 673
251 871
252 936
252 764
252 925
252 318
252 543
252 325
252 610
252 313
252 348
252 352
252 431
252 492
252 513
252 697
252 710
252 756
252 769
252 822
252 857
252 953
253 344
253 294
253 906
253 645
253 357
253 367
253 457
253 460
253 891
254 373
254 653
254 998
254 610
254 338
254 914
254 539
254 473
254 619
254 777
254 938
254 629
254 468
254 918
254 721
254 906
254 877
254 444
254 941
254 976
254 581
254 445
254 781
254 287
254 361
254 504
254 923
255 569
255 708
255 576
255 853
255 843
255 610
255 955
255 656
255 605
255 341
255 353
255 455
255 783
255 809
255 835
255 965
256 740
256 905
256 668
256 436
256 937
256 930
256 312
256 597
256 716
256 640
256 388
256 325
256 413
256 514
256 659
256 697
256 833
257 292
257 657
257 373
257 928
257 717
257 993
257 851
257 263
257 342
257 364
257 412
257 416
257 464
257 488
257 534
257 761
257 874
258 591
258 716
258 811
258 979
258 586
258 741
258 508
258 641
258 389
258 551
258 672
258 677
258 838
258 983
259 893
259 856
259 761
259 350
259 431
259 501
259 602
259 640
259 706
260 980
260 615
260 505
260 335
260 411
260 482
260 590
260 598
260 737
260 786
260 853
260 862
260 872
260 885
260 927
260 946
260 987
261 684
261 335
261 645
261 322
261 698
261 293
261 474
261 914
261 982
262 980
262 678
262 837
262 671
262 442
262 918
262 659
262 278
262 319
262 336
262 357
262 401
262 458
262 539
262 633
262 863
262 938
263 822
263 547
263 554
263 439
263 542
263 616
263 518
263 957
263 527
263 288
263 292
263 324
263 421
263 645
263 681
263 747
263 759
263 916
264 818
264 619
264 671
264 826
264 796
264 394
264 754
264 410
264 582
264 287
264 290
264 379
264 473
264 605
264 609
264 729
264 837
264 844
264 896
264 915
264 973
265 366
265 567
265 379
265 752
265 964
265 343
265 451
265 844
265 648
265 282
265 402
265 472
265 661
265 821
265 863
265 982
265 998
266 396
266 603
266 697
266 351
266 689
266 675
266 508
266 323
266 348
266 431
266 515
266 550
266 636
266 646
266 668
266 876
266 917
266 930
267 855
267 316
267 353
267 902
267 730
267 758
267 942
267 683
267 374
267 604
267 696
267 926
267 479
267 491
267 784
267 885
268 591
268 572
268 665
268 330
268 386
268 418
268 345
268 471
268 757
268 285
268 756
268 271
268 291
268 352
268 422
268 625
268 712
268 734
268 889
268 907
269 733
269 415
269 571
269 397
269 334
269 327
269 370
269 576
269 492
269 558
269 761
269 788
269 865
269 899
270 364
270 508
270 334
270 391
270 431
270 440
270 443
270 593
270 630
270 793
270 822
270 947
271 684
271 794
271 772
271 831
271 881
271 649
271 469
271 471
271 510
271 545
271 561
271 623
271 722
271 731
271 757
271 878
271 889
271 938
272 872
272 768
272 355
272 635
272 316
272 343
272 350
272 380
272 381
272 447
272 536
272 795
272 802
272 854
272 864
272 900
273 573
273 876
273 685
273 971
273 485
273 937
273 305
273 350
273 373
273 462
273 761
273 865
274 433
274 479
274 411
274 652
274 949
274 950
274 562
274 341
274 404
274 306
274 604
274 295
274 476
274 374
274 615
274 325
274 603
274 732
274 743
274 807
274 810
274 857
274 990
275 682
275 878
275 902
275 975
275 743
275 523
275 816
275 576
275 758
275 715
275 295
275 380
275 388
275 449
275 497
275 508
275 522
275 610
275 815
275 871
275 955
276 643
276 446
276 812
276 498
276 968
276 722
276 725
276 627
276 874
276 973
276 896
276 889
276 779
276 429
276 456
276 471
276 484
276 624
276 665
276 690
276 745
276 838
277 876
277 346
277 859
277 518
277 488
277 318
277 747
277 297
277 767
277 652
278 517
278 358
278 751
278 582
278 296
278 426
278 578
278 626
278 778
278 981
279 884
279 917
279 930
279 951
279 388
279 800
279 593
279 695
279 761
279 946
279 980
279 995
280 406
280 682
280 713
280 464
280 884
280 542
280 348
280 445
280 602
280 714
280 787
280 859
280 919
281 928
281 429
281 886
281 645
281 447
281 538
281 589
281 632
281 646
281 884
281 963
281 966
282 781
282 669
282 877
282 929
282 409
282 429
282 472
282 496
282 520
282 527
282 533
282 571
282 676
282 854
282 868
282 891
283 959
283 376
283 983
283 303
283 293
283 343
283 849
283 590
283 723
283 612
283 744
283 888
283 964
284 548
284 295
284 495
284 499
284 505
284 520
284 610
284 611
284 642
284 765
284 836
285 736
285 425
285 780
285 678
285 952
285 741
285 569
285 745
285 973
286 828
286 680
286 638
286 889
286 478
286 627
286 701
286 741
286 744
286 770
286 846
286 909
286 913
287 711
287 977
287 774
287 847
287 924
287 989
287 605
287 378
287 290
287 328
287 383
287 405
287 508
287 588
287 609
287 766
287 799
287 801
287 837
287 867
288 643
288 586
288 565
288 862
288 446
288 517
288 591
288 802
288 881
289 785
289 309
289 617
289 324
289 864
289 553
289 374
289 994
289 679
289 965
289 598
289 755
289 557
289 783
289 424
289 703
289 742
289 802
289 805
289 836
290 854
290 837
290 527
290 670
290 588
290 438
290 468
291 510
291 498
291 329
291 797
291 555
291 456
291 574
291 601
291 667
291 811
291 965
292 785
292 793
292 463
292 616
292 937
292 633
292 323
292 468
292 508
292 531
292 602
292 700
292 873
293 831
293 788
293 871
293 892
293 585
293 365
293 535
293 322
293 410
293 474
294 705
294 941
294 824
294 382
294 650
294 782
294 882
294 305
294 826
294 367
294 849
294 394
294 756
294 850
294 868
295 789
295 724
295 432
295 808
295 595
295 955
295 483
295 368
295 519
295 400
295 926
295 508
295 981
295 830
295 683
295 900
295 803
295 672
295 984
295 341
295 349
295 522
295 549
295 592
295 620
295 887
295 991
296 998
296 719
296 478
296 878
296 896
296 551
296 814
296 666
296 758
296 984
296 453
296 467
296 722
296 757
296 772
296 780
296 795
296 827
296 833
296 853
296 909
297 530
297 978
297 441
297 838
297 814
297 745
297 734
297 623
297 320
297 395
297 921
297 794
297 508
297 926
297 982
297 405
297 462
297 534
297 773
297 812
297 943
298 558
298 363
298 373
298 695
298 795
298 536
298 318
298 384
298 532
298 546
298 550
298 602
298 663
298 856
298 883
298 917
298 947
298 980
299 790
299 890
299 558
299 714
299 898
299 644
299 364
299 713
299 971
299 614
299 636
299 856
299 913
300 952
300 870
300 473
300 767
300 852
300 844
300 357
300 514
300 527
300 591
300 637
300 756
300 908
300 931
301 449
301 944
301 557
301 459
301 323
301 415
301 427
301 428
301 435
301 710
301 761
301 884
301 904
301 905
301 928
302 713
302 917
302 785
302 320
302 755
302 318
302 323
302 327
302 391
302 403
302 464
302 482
302 602
302 644
302 697
302 953
303 761
303 306
303 844
303 995
303 504
303 313
303 513
303 767
303 824
303 336
303 426
303 473
303 553
303 669
303 752
303 754
303 798
303 846
303 854
303 861
304 884
304 681
304 936
304 514
304 985
304 347
304 699
304 987
304 350
304 416
304 417
304 448
304 464
304 558
304 573
304 764
304 787
304 849
304 905
304 953
305 728
305 788
305 562
305 995
305 582
305 457
305 513
305 766
305 361
305 314
305 648
305 333
305 343
305 410
305 458
305 527
305 580
305 670
305 721
305 931
305 965
305 974
305 976
305 977
305 985
306 927
306 972
306 708
306 413
306 424
306 474
306 481
306 696
306 782
306 845
306 946
307 324
307 965
307 727
307 942
307 387
307 991
307 459
307 604
307 336
307 801
307 435
307 508
307 553
307 557
307 568
307 673
307 776
307 983
308 464
308 746
308 752
308 796
308 844
308 468
308 540
308 460
308 781
308 363
308 445
308 493
308 744
308 897
308 938
308 960
309 328
309 395
309 469
309 504
309 650
309 666
309 702
309 858
309 903
309 921
309 943
310 741
310 789
310 484
310 623
310 779
310 765
310 794
310 551
310 490
310 510
310 661
310 747
310 420
310 446
310 665
310 783
310 814
310 882
310 897
310 909
310 959
311 693
311 510
311 800
311 781
311 723
311 849
311 825
311 658
311 605
311 367
311 619
311 612
311 698
311 361
311 442
311 467
311 508
311 590
311 819
312 525
312 855
312 352
312 428
312 616
312 919
312 967
313 796
313 867
313 837
313 394
313 343
313 472
313 742
313 367
313 578
313 605
313 650
313 870
314 376
314 349
314 915
314 751
314 688
314 781
314 861
314 782
314 333
314 497
314 754
314 852
314 992
314 996
314 361
314 382
314 405
314 472
314 508
314 615
314 662
314 762
314 800
314 874
314 960
314 974
315 724
315 665
315 772
315 986
315 467
315 453
315 749
315 846
315 863
316 779
316 374
316 325
316 895
316 401
316 433
316 480
316 508
316 694
316 732
316 774
316 820
316 936
316 939
317 977
317 656
317 660
317 611
317 387
317 956
317 637
317 515
317 549
317 694
317 699
317 802
317 871
318 602
318 740
318 954
318 323
318 391
318 430
318 438
318 448
318 482
318 503
318 633
318 851
318 967
318 978
319 998
319 510
319 498
319 347
319 779
319 418
319 462
319 503
319 507
319 530
319 579
319 692
319 734
319 761
319 775
319 789
319 797
319 804
319 916
319 921
319 986
320 848
320 690
320 601
320 486
320 979
320 623
320 902
320 540
320 566
320 617
320 789
320 814
320 828
320 873
321 483
321 524
321 460
321 481
321 508
321 753
321 857
321 862
321 871
321 949
321 951
322 653
322 495
322 457
322 659
322 650
322 475
322 867
322 520
322 801
322 585
322 742
322 891
322 382
322 454
322 537
322 670
322 741
322 911
323 363
323 967
323 614
323 538
323 684
323 525
323 787
323 719
323 560
323 938
323 391
323 482
323 486
323 554
323 697
324 987
324 487
324 604
324 660
324 746
324 803
324 862
324 872
324 882
324 940
324 990
325 805
325 784
325 902
325 548
325 483
325 387
325 923
325 424
325 508
325 580
325 689
325 815
325 857
325 958
325 991
326 623
326 788
326 342
326 973
326 397
326 565
326 566
326 701
326 770
326 794
326 873
326 896
327 350
327 380
327 419
327 452
327 713
327 810
327 845
327 928
327 985
328 757
328 903
328 666
328 763
328 811
328 813
328 889
329 764
329 712
329 828
329 722
329 677
329 789
329 741
329 624
329 716
329 686
329 444
329 483
329 913
329 927
330 608
330 734
330 456
330 887
330 441
330 701
330 490
330 705
330 354
330 401
330 437
330 567
330 674
330 780
330 812
330 874
330 916
330 952
330 966
330 994
331 981
331 941
331 669
331 651
331 824
331 337
331 444
331 888
331 409
331 564
331 588
331 882
331 962
332 859
332 603
332 435
332 449
332 726
332 655
332 630
332 904
332 518
332 439
332 376
332 912
332 660
332 784
333 608
333 398
333 410
333 906
333 669
333 798
333 570
333 379
333 489
333 641
333 658
333 782
333 824
333 996
334 893
334 663
334 623
334 431
334 436
334 470
334 761
334 925
334 938
334 948
335 621
335 574
335 523
335 377
335 931
335 762
335 370
335 433
335 441
335 559
335 592
335 775
335 807
336 877
336 792
336 870
336 995
336 540
336 629
336 475
336 744
336 800
336 869
337 765
337 744
337 500
337 931
337 880
337 402
337 651
337 670
337 767
337 798
337 847
337 877
337 989
337 992
337 995
338 531
338 789
338 952
338 992
338 799
338 442
338 782
338 705
338 766
338 445
338 669
338 769
338 835
338 913
338 933
338 939
338 950
339 422
339 723
339 520
339 540
339 468
339 612
339 394
339 458
339 473
339 506
339 508
339 514
339 799
339 854
339 877
339 929
340 919
340 806
340 447
340 487
340 574
340 604
340 675
340 715
340 805
340 890
341 780
341 949
341 731
341 344
341 803
341 926
341 541
341 592
341 408
341 432
341 508
341 626
341 805
341 857
341 927
342 817
342 347
342 591
342 986
342 765
342 469
342 586
342 965
342 462
342 828
342 922
343 537
343 403
343 861
343 751
343 911
343 766
343 468
343 361
343 382
343 409
343 472
343 530
343 662
343 782
343 849
343 914
343 929
343 933
343 999
344 508
344 400
344 529
344 958
344 885
344 351
344 353
344 476
344 673
344 686
344 750
344 809
344 830
344 930
344 935
344 990
345 909
345 778
345 623
345 934
345 643
345 509
345 808
345 469
345 897
345 791
345 903
346 362
346 443
346 704
346 363
346 469
346 476
346 658
346 767
346 396
346 465
346 611
346 616
346 697
346 988
347 811
347 966
347 591
347 922
347 469
347 831
347 403
347 854
347 509
347 565
347 587
347 596
347 677
348 954
348 352
348 577
348 832
348 415
348 516
348 765
348 855
349 470
349 388
349 816
349 786
349 360
349 895
349 688
349 432
349 508
349 560
349 660
349 748
349 760
349 990
350 681
350 542
350 930
350 925
350 928
350 963
350 953
350 577
350 904
350 644
350 441
350 427
350 710
350 884
351 488
351 899
351 980
351 647
351 394
351 554
351 588
351 704
351 865
351 959
352 761
352 369
352 450
352 362
352 488
352 547
352 614
352 707
352 835
352 883
352 968
353 807
353 853
353 977
353 949
353 411
353 700
353 864
353 671
353 404
353 502
353 672
353 694
353 718
353 868
353 927
354 780
354 814
354 515
354 386
354 689
354 778
354 601
354 366
354 666
354 662
354 570
354 451
354 456
354 530
354 736
354 813
355 811
355 900
355 606
355 522
355 487
355 508
355 382
355 359
355 635
355 747
355 907
356 652
356 929
356 506
356 999
356 877
356 582
356 619
356 451
356 357
356 939
356 839
356 752
356 424
356 441
356 460
356 477
356 491
356 535
356 592
356 756
356 952
356 992
357 681
357 419
357 827
357 886
357 880
357 929
357 869
357 877
357 361
357 564
357 584
357 647
357 863
358 644
358 427
358 934
358 599
358 649
358 423
358 484
358 559
358 827
358 986
359 431
359 700
359 521
359 806
359 958
359 950
359 381
359 508
359 816
360 502
360 592
360 411
360 946
360 703
360 727
360 955
360 410
360 796
360 461
360 557
360 753
360 836
361 538
361 477
361 662
361 648
361 868
361 781
362 639
362 790
362 944
362 685
362 463
362 917
362 602
362 525
362 905
362 394
362 485
362 761
362 883
362 919
363 988
363 925
363 757
363 926
363 447
363 518
363 558
363 563
363 636
363 677
363 685
363 720
364 883
364 563
364 593
364 912
364 443
364 537
364 707
364 761
364 856
364 963
365 535
365 582
365 997
365 941
365 379
365 460
365 508
365 527
365 533
365 629
365 782
366 597
366 547
366 904
366 667
366 678
366 643
366 701
366 812
366 664
366 591
366 665
366 690
366 702
366 858
366 897
366 903
366 932
366 945
367 478
367 499
367 882
367 867
367 825
367 410
367 379
367 391
367 392
367 460
367 545
367 866
367 989
368 786
368 508
368 950
368 926
368 580
368 575
368 526
368 809
368 885
369 846
369 557
369 620
369 499
369 394
369 374
369 508
369 628
369 673
369 818
369 853
369 864
370 717
370 707
370 415
370 427
370 532
370 769
370 655
370 695
370 684
370 665
370 512
370 975
370 436
370 519
370 547
370 622
370 646
370 679
370 690
370 761
370 833
370 893
371 954
371 613
371 510
371 558
371 704
371 746
371 899
372 528
372 626
372 813
372 467
372 757
372 601
372 808
372 934
372 462
373 899
373 925
373 845
373 988
373 577
373 518
373 406
373 600
373 378
373 381
373 391
373 439
373 528
373 667
373 687
373 711
373 752
373 761
373 822
373 855
374 580
374 738
374 598
374 853
374 662
374 398
374 417
374 610
374 823
374 892
374 964
375 625
375 551
375 383
375 788
375 667
375 484
375 838
375 417
375 517
375 584
375 896
376 544
376 437
376 903
376 973
376 476
376 467
376 551
376 627
376 655
376 677
376 734
376 741
376 772
377 384
377 433
377 519
377 574
377 642
377 700
377 738
377 748
377 829
378 639
378 757
378 658
378 651
378 819
378 854
378 800
378 891
378 582
378 382
378 409
378 497
378 654
378 809
378 999
379 841
379 511
379 392
379 723
379 858
379 402
379 497
379 533
379 564
379 590
379 645
379 888
380 760
380 735
380 399
380 700
380 388
380 737
380 555
380 829
380 990
380 892
380 576
380 743
380 825
380 424
380 802
380 816
380 941
381 508
381 576
381 461
381 481
381 521
381 926
381 495
381 882
381 548
381 807
381 995
382 918
382 799
382 442
382 567
382 581
382 582
382 659
382 782
382 938
383 791
383 446
383 860
383 437
383 968
383 896
383 966
383 434
383 552
383 625
383 701
383 702
383 725
383 916
384 469
384 873
384 774
384 479
384 743
384 703
384 730
384 477
384 508
384 529
384 760
384 768
384 853
384 872
384 895
384 942
384 977
385 925
385 446
385 889
385 921
385 837
385 441
385 474
385 569
385 612
385 690
385 725
385 789
386 811
386 566
386 691
386 510
386 437
386 417
386 432
386 462
386 747
386 797
386 903
387 440
387 420
387 660
387 806
387 958
387 981
387 620
387 452
387 508
387 665
387 706
387 738
387 815
387 821
387 900
387 949
388 713
388 975
388 892
388 536
388 940
388 675
388 737
388 607
388 406
388 411
388 413
388 451
388 508
388 541
388 927
388 970
389 677
389 804
389 749
389 673
389 466
389 516
389 583
389 591
389 932
390 464
390 858
390 754
390 452
390 877
390 938
390 539
390 931
390 438
390 497
390 588
390 721
390 850
390 941
390 970
391 785
391 668
391 714
391 971
391 615
391 893
392 475
392 445
392 999
392 861
392 742
392 584
392 504
392 472
392 541
392 762
392 800
392 850
392 891
392 933
392 989
393 616
393 534
393 525
393 793
393 636
393 448
393 528
393 542
393 764
393 851
393 947
394 963
394 585
394 662
394 938
394 839
394 686
394 854
394 444
394 825
394 409
394 496
394 502
394 520
394 605
394 729
394 770
394 913
394 995
395 509
395 515
395 779
395 654
395 701
395 921
395 631
395 505
395 732
395 658
395 453
395 466
395 795
395 887
395 894
395 943
396 488
396 639
396 589
396 441
396 703
396 582
396 449
396 508
396 610
396 690
396 904
396 947
397 543
397 967
397 704
397 448
397 746
397 573
397 713
397 926
397 658
397 614
397 664
397 764
397 859
397 936
398 663
398 785
398 508
398 505
398 499
398 806
398 527
398 635
398 732
398 737
398 769
398 932
399 750
399 580
399 836
399 508
399 557
399 642
399 696
399 792
400 840
400 842
400 912
400 802
400 479
400 407
400 433
400 521
400 529
400 600
400 637
400 748
400 758
400 862
400 957
401 471
401 643
401 677
401 417
401 814
401 490
401 583
401 506
401 462
401 478
401 568
401 667
401 797
401 813
401 966
402 962
402 821
402 826
402 496
402 457
402 835
402 460
402 752
402 742
402 641
402 867
402 756
402 553
402 564
402 619
402 704
402 709
402 777
402 839
403 833
403 429
403 566
403 699
403 526
403 460
403 466
403 622
403 638
403 776
404 965
404 703
404 508
404 652
404 672
404 871
404 981
405 984
405 799
405 869
405 468
405 496
405 511
405 553
405 609
405 657
405 769
405 782
405 792
405 839
405 844
405 849
405 882
406 865
406 717
406 485
406 726
406 544
406 988
406 430
406 772
406 517
406 423
406 513
406 531
406 538
406 632
406 633
406 693
406 761
406 856
407 898
407 772
407 541
407 576
407 600
407 907
407 843
407 508
407 427
407 450
407 461
407 583
407 604
407 665
407 694
407 696
407 753
407 958
407 987
408 734
408 922
408 576
408 929
408 671
408 446
408 566
408 897
409 639
409 771
409 581
409 752
409 442
409 739
409 800
409 837
409 941
409 960
410 858
410 477
410 996
410 824
410 759
410 457
410 500
410 662
410 668
410 677
410 850
411 674
411 956
411 758
411 508
411 447
411 872
411 957
412 773
412 959
412 602
412 668
412 890
412 415
412 427
412 440
412 447
412 554
412 593
412 639
412 663
412 733
412 883
413 687
413 486
413 508
413 521
413 872
413 885
413 473
413 611
413 679
413 692
413 706
413 735
413 986
414 785
414 691
414 789
414 665
414 875
414 968
414 502
414 437
414 456
414 471
414 972
414 998
415 904
415 547
415 614
415 529
415 575
415 499
415 632
415 761
416 876
416 449
416 761
416 740
416 532
416 554
416 597
416 455
416 482
416 608
416 851
416 898
416 912
416 917
416 926
417 638
417 791
417 772
417 634
417 827
417 654
417 545
417 734
418 934
418 669
418 456
418 489
418 499
418 677
418 887
418 910
418 962
419 498
419 661
419 795
419 797
419 437
419 453
419 533
419 596
419 626
419 631
419 677
419 903
420 741
420 627
420 626
420 591
420 716
420 498
420 618
420 817
420 948
420 462
420 578
420 648
421 790
421 714
421 793
421 526
421 479
421 558
421 577
421 603
421 761
421 855
422 813
422 470
422 725
422 626
422 897
422 627
422 875
422 599
422 818
422 661
422 680
422 791
422 848
423 769
423 936
423 898
423 793
423 531
423 550
423 684
423 768
423 967
424 916
424 656
424 437
424 502
424 505
424 511
424 560
424 594
424 620
424 628
424 640
424 696
424 700
424 761
424 783
424 945
425 616
425 680
425 808
425 779
425 961
425 441
425 467
425 559
425 596
425 749
425 770
425 896
426 763
426 793
426 523
426 809
426 781
426 688
426 659
426 798
426 533
426 588
426 590
426 613
426 671
426 720
426 769
426 796
426 801
426 870
426 938
427 893
427 663
427 655
427 728
427 435
427 813
427 456
427 906
427 508
427 554
427 603
428 893
428 655
428 704
428 573
428 884
428 944
428 440
428 889
428 493
429 820
429 661
429 881
429 829
429 641
429 441
429 446
429 467
429 722
430 663
430 657
430 554
430 508
430 577
430 917
430 993
431 668
431 632
431 785
431 726
431 543
431 988
431 636
431 509
431 912
431 996
431 577
431 657
431 891
431 944
432 757
432 860
432 896
432 434
432 894
432 848
432 958
432 582
432 857
433 802
433 900
433 640
433 862
433 987
433 853
433 495
433 485
433 522
433 549
433 912
434 889
434 875
434 986
434 772
434 456
434 467
434 508
434 613
434 686
434 725
434 778
435 443
435 440
435 500
435 682
435 710
435 711
435 740
435 865
435 894
435 905
435 925
435 959
436 639
436 936
436 884
436 593
436 822
436 851
436 655
436 543
436 597
436 632
436 685
436 890
437 722
437 921
437 701
437 864
437 470
437 618
437 702
437 734
437 811
437 875
437 966
438 506
438 756
438 686
438 477
438 762
438 877
438 709
438 782
438 801
438 811
438 850
438 906
439 928
439 639
439 537
439 904
439 833
439 542
439 853
439 759
439 482
439 514
439 550
439 633
440 626
440 532
440 647
441 741
441 498
441 569
441 586
441 678
441 510
441 453
441 624
441 853
441 503
441 591
441 596
441 689
441 814
441 831
442 537
442 882
442 496
442 906
442 520
442 976
442 526
442 658
442 468
442 536
442 564
442 629
442 826
442 947
443 893
443 636
443 474
443 488
444 569
444 575
444 641
444 460
444 839
444 723
444 676
444 880
444 506
444 596
444 648
444 782
445 785
445 898
445 552
445 606
445 762
445 931
445 939
445 447
445 454
445 511
445 513
445 721
445 744
445 868
445 933
445 974
446 687
446 779
446 587
446 653
446 680
446 736
446 812
446 832
446 833
447 544
447 958
447 708
447 480
447 965
447 508
447 961
447 699
447 842
447 991
448 687
448 534
448 657
448 518
448 684
448 537
448 761
448 525
448 647
448 649
448 793
448 843
448 920
448 930
449 563
449 714
449 800
449 466
449 500
449 633
449 655
449 707
449 761
449 865
449 913
450 778
450 578
450 807
450 991
450 907
450 508
450 745
450 836
450 872
451 873
451 862
451 483
451 504
451 867
451 658
451 516
451 744
451 852
451 582
451 915
451 650
451 497
451 570
451 606
451 765
451 798
451 825
451 889
451 929
451 992
451 995
451 999
452 858
452 650
452 824
452 861
452 911
452 847
452 539
452 801
452 819
452 878
452 929
453 922
453 952
453 878
453 808
453 470
453 910
453 903
453 812
453 507
453 772
453 559
453 508
453 586
454 621
454 474
454 493
454 645
454 999
454 516
454 605
454 588
454 458
454 500
454 511
454 564
454 767
454 782
454 800
454 924
455 822
455 713
455 482
455 967
455 573
455 988
455 772
455 550
455 761
455 845
455 924
456 814
456 653
456 627
456 510
456 791
456 812
456 897
457 790
457 762
457 861
457 585
457 669
457 688
457 777
457 826
457 869
457 888
457 915
457 931
457 982
458 685
458 917
458 523
458 520
458 535
458 744
458 854
458 826
458 573
458 584
459 857
459 961
459 483
459 721
459 476
459 568
459 580
459 622
459 673
459 733
459 926
460 933
460 496
460 759
460 506
460 915
460 782
460 834
460 858
460 906
460 939
460 996
461 730
461 975
461 592
461 522
461 628
461 990
461 715
461 642
461 937
462 503
462 894
462 878
462 624
462 494
462 712
462 968
462 620
462 983
462 998
463 630
463 636
463 468
463 528
463 593
463 792
463 865
463 876
463 890
463 937
464 985
464 993
464 495
464 893
464 899
464 901
465 693
465 685
465 675
465 868
465 563
465 603
465 941
465 953
466 963
466 510
466 667
466 484
466 507
466 627
466 638
466 643
466 653
466 691
466 740
466 780
466 795
466 962
467 928
467 881
467 736
467 968
467 978
467 508
467 503
467 788
468 645
468 658
468 489
468 533
468 629
468 689
468 822
468 882
469 561
469 471
469 491
469 552
469 805
469 887
469 922
470 897
470 840
470 724
470 736
470 966
470 696
470 516
470 619
470 598
470 599
470 610
470 874
471 765
471 897
471 545
471 638
471 750
471 491
471 596
471 701
471 797
471 912
472 833
472 606
472 658
472 996
472 867
472 825
472 854
472 508
473 850
473 999
473 705
473 477
473 629
473 641
473 869
473 920
473 924
473 933
474 791
474 838
474 803
474 513
474 847
474 671
474 500
474 519
474 648
474 659
474 674
474 709
474 751
474 995
475 585
475 540
475 493
475 535
475 612
475 648
475 650
475 792
475 837
475 870
475 992
476 701
476 551
476 935
476 487
476 842
476 853
476 862
476 810
476 508
476 502
476 727
476 901
476 945
477 576
477 767
477 698
477 869
477 516
477 648
477 504
477 573
477 879
478 897
478 725
478 661
478 840
478 484
478 765
478 978
478 680
478 559
478 613
478 794
478 812
479 547
479 865
479 998
479 715
479 926
479 656
479 815
479 935
479 694
479 628
479 560
479 807
479 610
479 755
479 948
480 984
480 560
480 499
480 502
480 508
480 521
480 553
480 575
480 637
480 740
480 753
480 829
480 857
480 862
480 871
480 885
480 902
480 935
481 542
481 930
481 529
481 961
481 508
481 926
481 907
481 737
481 784
481 664
481 853
481 600
481 483
481 523
481 594
481 819
481 871
481 940
481 987
482 657
482 714
482 865
482 655
482 593
482 628
482 543
482 639
483 508
483 611
483 818
483 505
483 553
483 637
483 652
483 753
483 761
483 810
483 871
483 956
483 983
484 682
484 689
484 789
484 934
484 634
484 969
484 510
484 599
484 574
484 942
484 576
484 572
484 624
484 894
485 785
485 770
485 751
485 492
485 500
485 528
485 560
485 587
485 592
485 833
485 917
486 795
486 838
486 745
486 788
486 779
486 672
486 720
486 781
486 789
486 853
487 954
487 815
487 594
487 806
487 990
487 628
487 949
487 802
487 673
487 999
487 521
487 572
487 715
487 783
487 807
487 830
487 961
488 833
488 589
488 695
488 508
488 534
488 633
488 646
488 662
488 707
488 761
488 925
488 944
489 844
489 649
489 858
489 933
489 796
489 591
489 605
489 879
489 891
490 811
490 691
490 508
490 623
490 856
490 966
490 968
491 643
491 596
491 979
491 656
491 758
491 709
491 572
491 586
491 680
491 712
491 780
491 783
491 873
492 953
492 761
492 537
492 855
492 689
492 738
492 798
492 649
492 602
492 616
492 646
492 728
492 740
492 890
493 628
493 800
493 721
493 686
493 954
494 986
494 789
494 747
494 741
494 765
494 750
494 508
494 864
494 762
494 914
494 498
494 521
494 563
494 599
494 772
494 780
494 820
494 844
495 771
495 896
495 523
495 499
495 705
495 508
495 529
495 598
495 628
495 761
496 986
496 800
496 826
496 792
496 777
496 834
496 868
497 845
497 870
497 511
497 798
497 844
497 905
497 989
498 625
498 881
498 978
498 603
498 659
498 827
498 838
498 840
498 910
499 691
499 749
499 983
499 536
499 753
499 800
499 508
499 529
499 723
499 769
499 805
499 823
499 853
499 942
499 950
500 691
500 511
500 888
500 799
500 754
500 590
500 751
500 821
501 714
501 733
501 983
501 872
501 955
501 958
501 580
501 852
501 508
501 635
501 645
501 737
501 871
501 951
502 937
502 598
502 753
502 574
502 508
502 949
502 964
503 814
503 881
503 578
503 712
503 667
503 701
503 757
503 587
503 804
503 580
503 610
503 709
503 716
503 878
504 693
504 925
504 673
504 786
504 520
504 653
504 671
504 879
504 891
504 941
504 952
505 730
505 610
505 956
505 592
505 508
505 568
505 576
505 706
505 755
505 816
505 875
505 913
506 871
506 839
506 841
506 866
506 752
506 511
506 754
506 761
507 550
507 827
507 722
507 998
507 812
507 712
507 530
507 587
507 596
507 702
507 746
507 870
508 917
508 988
508 697
508 859
508 876
508 865
508 631
508 913
508 689
508 804
508 797
508 690
508 643
508 610
508 983
508 977
508 803
508 672
508 830
508 842
508 620
508 806
508 955
508 706
508 857
508 519
508 708
508 886
508 549
508 553
508 802
508 576
508 673
508 809
508 715
508 768
508 574
508 703
508 611
508 984
508 816
508 946
508 949
508 522
508 755
508 853
508 945
508 568
508 548
508 864
508 699
508 774
508 895
508 981
508 664
508 975
508 727
508 990
508 902
508 750
508 635
508 642
508 523
508 735
508 640
508 512
508 818
508 948
508 606
508 885
508 753
508 595
508 961
508 521
508 580
508 942
508 957
508 598
508 991
508 732
508 607
508 935
508 807
508 748
508 823
508 940
508 688
508 721
508 709
508 870
508 723
508 581
508 939
508 516
508 524
508 529
508 541
508 550
508 560
508 562
508 585
508 590
508 592
508 594
508 600
508 621
508 628
508 636
508 652
508 656
508 679
508 692
508 694
508 730
508 758
508 760
508 775
508 786
508 805
508 815
508 829
508 843
508 846
508 850
508 856
508 862
508 912
508 915
508 927
508 937
508 962
508 970
508 972
508 985
508 992
508 998
509 552
509 922
509 625
509 702
509 712
509 952
509 973
510 690
510 701
510 894
510 579
510 564
510 566
510 631
510 651
510 720
510 741
510 771
510 791
510 846
510 848
510 913
510 943
510 978
511 609
511 931
511 605
511 527
511 584
511 645
511 676
511 690
511 702
511 713
511 882
512 776
512 795
512 843
512 991
513 518
513 895
513 997
513 645
513 737
513 742
513 756
513 869
514 717
514 761
514 682
514 851
514 904
514 985
515 779
515 978
515 649
515 576
515 579
515 623
515 720
515 923
516 878
516 877
516 659
516 858
516 520
516 629
516 645
516 698
516 801
516 819
516 869
516 931
516 976
517 817
517 831
517 910
517 569
517 806
517 931
517 796
517 596
517 743
517 747
517 820
518 769
518 646
518 634
518 668
518 836
518 862
518 928
518 993
519 803
519 620
519 864
519 523
519 703
519 885
519 648
519 657
519 972
520 917
520 557
520 777
520 752
520 686
520 721
520 705
520 819
520 924
521 620
521 606
521 692
521 810
521 853
521 715
521 735
521 818
521 829
521 851
522 630
522 955
522 612
522 839
522 576
522 621
522 853
522 886
522 907
523 836
523 679
523 871
523 842
523 580
523 611
523 675
523 892
523 896
523 957
524 575
524 806
524 635
524 699
524 853
524 536
524 637
524 807
524 883
524 984
525 678
525 532
525 687
525 697
525 707
525 834
525 889
525 890
525 919
525 930
525 936
525 939
525 947
526 771
526 661
526 942
526 762
526 629
526 911
526 781
526 587
526 669
526 868
526 882
526 915
527 854
527 796
527 933
527 938
527 605
527 915
527 964
527 744
527 923
527 662
527 650
527 908
527 996
528 928
528 740
528 543
528 947
528 706
528 880
528 751
528 531
528 713
528 719
528 971
529 972
529 560
529 842
529 829
529 568
529 604
529 634
529 639
529 708
530 602
530 593
530 667
530 897
530 803
530 617
530 677
530 846
530 850
530 867
530 873
530 909
530 968
531 833
531 733
531 577
531 890
531 691
531 576
531 711
531 714
532 936
532 740
532 718
532 876
532 602
532 614
532 971
532 993
533 926
533 732
533 839
533 835
533 914
533 658
533 698
533 861
533 588
533 989
534 563
534 668
534 644
534 773
534 684
534 632
534 856
534 919
535 763
535 826
535 800
535 582
535 645
535 628
535 759
535 875
535 914
536 818
536 737
536 748
536 761
536 802
536 900
536 960
537 711
537 893
537 693
537 728
537 668
537 704
537 707
537 944
537 958
537 993
538 746
538 856
538 971
538 718
538 633
538 646
538 892
538 904
539 874
539 879
539 588
539 590
539 762
539 844
539 863
539 868
539 913
540 847
540 588
540 825
540 976
540 742
540 567
540 581
540 821
540 835
540 870
540 906
541 993
541 735
541 843
541 595
541 738
541 853
541 897
541 991
542 558
542 655
542 985
542 594
542 597
542 614
542 657
542 881
542 907
543 865
543 785
543 726
543 884
543 893
543 635
543 860
544 930
544 746
544 893
544 636
544 695
544 711
544 870
544 967
545 875
545 591
545 889
545 608
545 566
545 879
545 623
545 808
545 817
545 979
546 577
546 893
546 884
546 790
546 920
546 899
546 639
546 677
546 713
546 761
546 848
547 833
547 593
547 663
547 707
547 746
547 787
547 905
547 937
548 606
548 853
548 750
548 576
548 692
548 743
548 842
548 984
549 586
549 927
549 732
549 946
549 672
549 673
549 727
549 580
549 699
549 842
550 697
550 657
550 761
550 644
550 781
550 764
550 855
551 566
551 874
551 749
551 969
551 943
551 613
551 624
551 716
551 897
551 987
552 925
552 812
552 569
552 669
552 596
552 622
552 712
552 780
552 831
552 874
553 594
553 949
553 958
553 679
553 784
553 872
554 928
554 593
554 879
555 703
555 642
555 664
555 951
555 570
555 640
555 759
555 987
556 563
556 845
556 859
556 632
556 832
556 870
556 882
556 924
557 748
557 568
557 680
557 706
557 755
557 783
557 864
557 948
557 950
558 959
558 905
558 655
558 734
558 732
558 695
558 713
558 855
558 895
558 917
558 967
559 814
559 566
559 734
559 661
559 623
559 952
559 911
559 719
559 745
559 761
559 838
559 932
559 978
560 981
560 732
560 562
561 569
561 631
561 613
561 952
561 624
561 565
561 691
561 804
561 808
561 909
561 943
562 809
562 853
562 945
562 715
562 727
562 871
562 920
562 942
563 833
563 682
563 769
563 980
563 757
563 752
563 851
563 869
563 916
564 768
564 995
564 861
564 931
564 888
564 581
564 825
564 792
564 877
564 754
564 997
564 976
564 989
564 744
564 835
564 612
564 638
564 858
564 911
565 771
565 968
565 853
565 595
565 627
565 630
565 677
565 716
565 741
565 881
566 571
566 665
566 569
566 643
567 822
567 825
567 801
567 777
567 824
567 688
567 938
567 841
567 650
567 752
567 974
568 886
568 949
568 990
568 918
568 575
568 600
568 708
568 853
568 873
568 903
568 957
569 771
569 678
569 724
569 579
569 830
569 666
569 747
569 770
569 794
570 937
570 609
570 649
570 662
570 792
570 629
570 669
570 709
570 849
570 890
570 918
570 923
570 924
571 704
571 644
571 865
571 616
571 681
571 822
572 690
572 779
572 797
572 772
572 827
572 968
572 674
572 613
572 934
572 991
572 716
572 761
572 978
573 890
573 810
573 602
573 633
573 682
573 904
574 748
574 602
574 747
575 637
575 615
575 748
575 758
575 776
575 836
575 884
576 668
576 935
576 853
576 775
577 688
577 822
577 831
578 893
578 827
578 916
578 817
578 667
578 780
578 745
578 853
578 661
578 797
578 946
578 968
579 726
579 794
579 671
579 683
579 701
579 973
580 728
580 606
580 660
580 853
580 957
580 771
580 786
580 837
580 887
580 900
580 922
580 926
580 942
581 990
581 582
581 906
581 619
581 924
582 867
582 648
582 612
582 849
582 676
582 677
582 739
582 939
582 996
583 691
583 758
583 738
583 950
583 628
583 864
583 732
583 809
583 868
584 788
584 691
584 803
584 924
584 721
584 645
584 911
584 906
584 662
584 686
584 888
585 662
585 989
585 914
586 985
586 894
586 689
586 716
586 587
586 770
586 661
586 795
586 619
586 599
586 725
586 827
587 701
587 678
587 934
587 608
587 712
587 747
587 779
587 866
587 943
587 968
588 602
588 877
588 762
588 989
588 854
588 941
588 982
589 988
589 632
589 723
589 930
590 886
590 861
590 869
590 974
590 915
590 819
591 690
591 643
591 613
591 654
591 736
592 701
592 815
592 737
592 853
592 965
592 639
592 725
592 802
592 855
592 938
593 687
593 695
593 630
593 699
593 713
593 761
593 772
593 856
593 898
594 673
594 683
594 621
594 692
594 703
594 965
595 652
595 951
595 703
595 656
595 669
595 949
596 618
596 661
596 860
596 812
596 631
596 691
596 665
596 627
596 667
596 719
596 734
596 846
596 909
596 973
597 616
597 785
597 930
597 639
597 717
597 728
597 777
597 787
597 793
597 843
597 855
597 865
597 919
597 953
597 993
598 815
598 610
598 776
598 957
598 761
598 768
598 950
599 685
599 757
599 617
599 896
599 943
599 627
599 601
600 831
600 881
600 755
600 750
600 994
600 815
600 957
601 687
601 986
601 720
601 829
601 770
601 817
601 887
601 968
602 707
602 884
602 711
602 787
602 833
602 898
602 971
603 833
603 733
603 954
603 659
603 713
603 773
603 883
603 898
604 772
604 743
604 687
604 738
604 843
604 886
604 981
605 742
605 877
605 777
605 906
605 729
605 798
605 838
606 803
606 775
606 841
606 637
606 805
606 807
607 673
607 642
607 703
607 830
607 990
608 626
608 716
608 983
608 807
608 665
608 712
608 749
608 761
608 966
608 977
608 978
609 686
609 613
609 655
609 847
609 918
610 623
610 916
610 758
610 951
610 660
610 698
610 768
610 783
610 880
610 961
610 991
611 794
611 823
611 853
611 829
611 911
611 816
611 975
612 939
612 844
612 662
612 792
612 911
612 629
612 834
613 632
613 772
613 771
613 966
613 979
613 691
613 720
613 722
613 909
613 913
613 952
614 947
614 807
614 967
615 681
615 735
615 829
615 774
615 683
615 732
615 853
615 912
615 961
615 970
616 937
616 936
616 856
616 671
616 841
616 855
616 859
617 966
617 889
617 653
617 771
617 622
617 765
617 853
617 916
618 680
618 779
618 627
618 889
618 768
618 624
618 652
618 663
618 722
618 761
618 860
618 874
618 894
618 981
619 973
619 642
619 762
619 744
619 686
619 723
619 732
619 751
619 777
619 826
619 980
620 968
620 628
620 640
620 715
620 731
620 743
620 748
621 828
621 730
621 673
621 823
621 732
621 853
621 872
621 941
621 914
621 644
621 679
621 786
621 815
622 701
622 699
622 631
623 780
623 838
623 969
623 986
623 875
623 715
623 846
623 878
624 714
624 998
624 827
624 873
624 938
624 952
625 749
625 771
625 712
625 897
625 911
626 998
626 634
626 667
626 678
626 722
626 747
626 757
626 848
626 986
627 883
627 794
627 979
627 903
627 817
627 747
627 952
627 654
627 777
627 779
627 932
628 949
628 842
628 758
628 675
628 642
628 673
628 685
628 956
629 887
629 854
629 914
629 712
629 737
629 756
629 850
630 890
630 681
630 713
630 851
630 954
630 959
630 964
631 771
631 873
631 809
631 772
631 829
631 860
631 962
632 785
632 761
632 890
632 894
632 662
632 869
632 930
632 947
633 947
633 832
633 757
633 681
633 695
633 761
633 883
633 944
634 878
634 813
634 666
634 680
634 691
635 956
635 692
635 977
635 949
635 673
636 646
636 726
636 647
636 740
636 930
636 942
636 959
636 980
637 912
637 699
637 649
637 672
637 945
638 922
638 934
638 678
638 745
638 877
638 701
638 791
639 763
639 901
639 925
639 719
639 824
639 830
639 833
639 836
639 883
639 971
640 881
640 784
640 708
640 830
640 760
640 903
641 908
641 792
641 929
641 938
641 974
642 853
642 940
642 732
642 807
642 872
642 891
642 783
642 800
642 816
642 885
643 910
643 654
643 887
643 914
643 924
643 926
644 865
644 949
644 684
644 713
645 776
645 731
645 781
645 915
645 835
645 752
645 834
645 854
645 866
646 707
646 807
646 849
646 833
646 845
647 928
647 859
647 817
647 919
647 993
648 652
648 908
648 931
648 996
648 858
648 821
648 676
648 752
648 870
649 742
649 995
649 819
649 762
649 849
649 916
650 890
650 802
650 879
650 834
650 995
650 924
650 686
650 739
650 748
650 800
650 847
650 882
650 933
650 958
650 962
651 919
651 876
651 659
651 849
651 996
651 852
651 941
651 754
651 662
651 676
651 698
651 729
651 762
651 824
651 834
651 924
652 807
652 955
652 854
652 760
652 823
652 852
653 932
653 828
653 732
653 765
653 808
653 873
653 897
653 986
654 736
654 765
654 968
654 860
654 811
654 897
654 801
654 874
654 882
654 903
654 943
654 966
655 746
655 890
655 660
655 684
655 747
655 761
655 993
656 818
656 935
656 696
656 886
656 981
657 710
657 761
657 724
657 781
657 890
657 930
658 905
658 679
658 792
658 964
659 777
659 723
659 782
659 688
659 751
659 759
660 902
660 983
660 942
660 882
660 672
660 700
660 784
660 949
661 710
661 741
661 678
661 777
661 795
661 838
661 873
661 881
661 894
661 934
661 986
662 821
662 939
662 777
662 938
662 976
663 876
663 790
663 904
663 890
663 761
663 769
663 856
663 928
664 769
664 794
664 810
664 732
664 809
664 946
664 970
665 978
665 667
665 701
665 778
665 828
665 870
665 894
665 934
666 840
666 934
666 812
666 813
666 679
666 799
666 848
666 939
666 966
667 876
667 736
667 966
667 943
668 763
668 680
668 855
669 876
669 938
669 742
670 982
670 762
670 688
670 799
670 852
670 877
670 999
671 781
671 982
671 847
671 911
671 825
671 844
671 863
671 908
671 934
671 999
672 836
672 737
672 760
672 852
672 985
673 715
673 692
673 699
673 737
673 750
673 808
673 853
673 899
673 912
673 999
674 828
675 731
675 892
675 927
675 932
676 988
676 823
676 709
676 933
676 960
676 915
676 882
676 839
676 744
676 844
676 870
676 880
677 887
677 719
677 934
677 827
677 942
677 690
678 772
678 962
678 722
678 917
678 952
679 955
679 727
679 784
679 886
679 774
679 872
680 795
680 780
680 686
680 691
680 711
680 747
680 776
680 789
681 844
681 761
681 832
681 933
682 728
682 733
682 761
683 901
683 956
683 853
683 703
683 768
683 950
683 835
683 871
683 872
683 991
683 996
684 881
684 987
684 953
685 764
685 691
685 830
685 763
685 769
685 851
686 756
686 854
686 742
686 839
686 849
686 939
686 997
687 899
687 988
687 697
687 707
687 740
687 915
688 879
688 915
688 698
688 706
688 709
688 799
688 849
688 863
689 979
689 848
689 780
689 794
689 970
690 789
690 770
690 712
690 761
690 788
690 794
690 797
691 736
691 741
691 808
691 897
691 909
691 943
692 810
692 949
692 951
692 805
693 761
693 876
693 769
693 872
693 919
694 855
694 815
694 803
694 983
694 853
694 739
694 775
694 776
694 880
694 930
695 713
695 988
695 785
695 790
695 871
695 893
695 930
696 806
696 842
696 750
696 853
696 927
696 956
697 704
697 856
697 884
697 920
697 928
698 742
698 792
698 869
698 997
699 859
699 991
700 706
700 902
700 918
700 730
700 750
700 972
701 887
701 952
701 720
701 789
701 792
701 874
701 900
701 913
701 922
702 725
702 943
702 986
702 772
702 979
702 724
702 820
702 840
703 785
703 957
703 815
703 753
703 755
703 807
703 865
703 888
703 946
704 859
704 937
704 773
704 936
704 826
704 761
704 822
705 739
705 824
705 835
705 869
705 870
706 990
706 802
706 810
706 829
706 708
706 730
706 743
706 786
706 787
706 945
706 961
707 793
707 769
707 953
707 963
707 911
707 971
708 892
709 737
709 929
709 741
709 780
709 837
710 785
710 963
710 780
710 746
710 910
711 937
711 855
711 832
711 985
712 959
712 745
712 913
712 875
712 765
712 838
712 887
712 966
712 969
713 993
713 802
713 832
713 886
714 821
714 884
715 987
715 955
715 912
715 935
715 951
716 968
716 725
716 794
716 903
716 922
717 876
717 824
717 761
717 822
717 859
717 971
718 785
718 890
718 981
719 875
719 765
719 746
719 791
719 848
719 894
719 897
719 913
720 814
720 828
720 831
720 921
720 780
721 731
721 753
721 960
721 825
721 996
721 801
722 875
722 909
723 919
723 754
723 751
723 800
723 997
723 960
723 762
723 880
724 901
724 934
724 916
724 770
724 872
724 889
724 932
725 789
725 986
725 825
726 733
726 787
726 865
726 833
726 761
726 779
726 883
727 802
727 996
728 787
728 746
728 967
728 921
728 941
728 947
729 994
729 945
729 739
729 744
729 858
729 742
729 754
729 837
729 933
730 785
730 803
730 945
730 864
730 857
730 836
730 872
730 907
730 912
731 961
731 802
731 821
731 958
732 768
732 955
732 925
732 977
732 984
733 953
733 856
733 883
733 832
733 917
733 985
734 903
734 794
734 811
734 920
734 962
734 968
734 974
735 949
735 857
735 900
736 831
736 741
736 893
736 968
736 998
737 802
737 975
737 940
737 974
738 838
738 760
738 912
738 816
738 774
739 928
739 870
739 837
739 915
739 964
740 832
740 790
740 971
741 859
741 878
741 920
741 943
741 968
742 792
742 824
742 914
742 995
742 999
743 975
743 977
743 957
743 768
743 777
743 872
743 935
744 941
744 976
744 751
744 782
744 849
744 868
744 879
744 880
745 813
745 820
745 887
745 932
745 986
746 787
746 761
746 920
747 921
747 820
748 853
748 994
749 825
749 875
749 910
749 978
749 991
749 998
750 895
750 829
750 991
751 819
751 841
751 910
751 924
751 941
752 931
753 956
753 758
753 809
753 958
754 873
754 997
754 835
754 939
754 941
754 826
754 782
754 798
754 839
754 866
754 915
754 929
755 853
755 902
755 809
755 850
755 907
755 970
756 883
756 839
756 777
756 911
757 817
757 772
757 774
757 813
758 937
758 961
758 775
758 853
759 771
759 824
759 999
759 832
759 929
760 926
760 810
760 776
760 816
760 895
760 912
760 948
761 985
761 944
761 859
761 936
761 785
761 901
761 953
761 845
761 890
761 919
761 893
761 822
761 963
761 971
761 797
761 945
761 931
761 769
761 906
761 920
761 922
762 977
762 880
762 824
762 914
762 906
763 893
763 917
763 920
763 937
763 959
764 985
764 829
764 898
765 820
765 769
765 771
765 811
765 952
766 911
766 819
766 849
766 858
766 914
766 996
767 823
767 991
767 821
767 777
767 841
767 861
767 867
768 774
768 782
768 816
768 892
768 927
769 857
769 937
770 840
770 813
770 817
770 829
771 874
771 835
771 795
771 817
771 883
771 902
771 943
771 952
771 991
772 838
772 966
773 971
773 893
773 799
773 959
773 988
774 945
774 775
774 990
774 935
774 786
774 912
774 940
775 786
775 904
776 949
776 815
776 809
776 853
776 944
778 840
778 978
778 835
778 855
779 785
779 788
779 840
779 831
779 889
780 791
780 789
780 889
781 880
781 852
781 847
781 850
782 922
782 868
782 992
782 960
782 834
782 880
782 964
782 792
782 819
782 982
782 998
783 818
783 786
783 799
784 971
784 957
784 891
784 836
784 853
785 865
785 855
785 793
785 947
785 998
786 983
786 961
786 816
786 957
786 875
787 991
788 897
789 861
790 833
791 921
791 986
791 950
791 852
791 873
791 934
791 952
792 825
792 918
792 849
792 982
792 837
792 866
792 868
792 989
793 884
793 832
793 823
793 914
793 973
794 910
794 797
794 814
794 897
794 909
794 969
794 973
795 969
795 797
795 986
796 918
796 799
796 923
796 879
796 880
796 939
796 964
797 817
797 913
797 962
798 911
798 847
798 996
798 941
798 821
798 989
798 999
799 907
799 918
799 904
799 906
799 914
799 924
800 826
800 879
801 821
801 914
801 863
801 908
801 966
802 926
802 872
802 987
802 912
802 965
803 838
804 874
804 812
804 955
804 918
804 889
805 955
805 927
806 830
806 955
806 857
806 862
806 926
806 948
806 956
807 990
807 828
807 853
808 916
808 840
808 979
808 887
809 827
809 895
809 816
809 957
810 912
810 983
810 970
811 986
812 848
813 916
813 853
813 856
813 875
813 968
814 883
814 851
814 873
815 968
815 907
815 864
815 853
815 871
815 875
815 990
816 990
816 907
816 945
817 954
817 897
817 820
817 886
817 998
818 994
818 942
819 938
820 998
820 835
820 848
820 913
821 825
822 947
822 915
822 999
822 833
823 956
823 959
824 879
824 831
824 923
824 960
824 964
824 997
824 999
825 931
825 964
825 960
825 850
825 837
825 970
826 964
826 867
826 924
826 960
827 846
827 952
828 998
828 986
829 862
829 984
829 872
830 900
830 982
830 885
830 961
830 972
831 840
831 968
831 896
831 934
831 932
831 979
832 855
832 865
832 890
833 865
833 876
833 984
833 883
833 993
834 888
834 877
834 839
834 866
834 908
834 987
835 960
835 908
835 992
835 996
836 946
836 842
836 853
836 858
837 915
837 863
839 849
839 850
839 868
840 876
840 848
840 950
840 989
841 939
841 852
841 854
841 892
841 996
841 997
842 849
842 853
842 871
842 888
842 898
844 880
844 854
845 919
845 851
845 884
845 971
846 873
846 921
846 909
847 888
847 940
848 962
848 969
849 861
850 923
851 890
852 898
852 956
853 949
853 965
853 900
853 942
853 977
853 882
853 907
853 926
853 946
853 948
853 970
853 972
853 983
853 984
854 861
854 877
854 870
854 924
854 894
855 926
856 905
857 873
857 942
857 958
857 935
857 972
858 923
858 888
858 924
858 931
858 996
859 899
859 917
859 920
860 894
862 984
862 902
862 990
863 928
863 966
863 984
863 877
863 929
863 982
865 985
865 967
866 933
867 891
867 992
868 958
868 929
868 931
868 915
868 880
868 980
869 907
870 882
870 926
870 929
870 989
871 983
871 927
872 954
872 968
872 972
872 990
873 910
873 915
873 952
874 921
874 878
877 888
877 924
877 933
877 939
877 941
878 948
879 931
879 941
879 982
880 894
880 924
880 912
880 939
880 976
880 999
881 896
881 947
882 908
882 939
883 985
883 917
883 884
883 901
883 905
884 967
885 926
885 946
885 927
886 887
886 902
886 930
886 991
887 973
887 986
888 931
888 923
888 989
888 964
888 999
888 938
889 903
890 917
890 994
891 938
891 989
891 992
891 976
891 898
891 974
892 902
892 950
892 965
894 979
895 975
896 913
896 921
896 943
896 978
897 922
897 952
898 988
899 963
899 980
900 921
900 955
900 990
901 936
901 994
902 907
902 983
902 984
903 922
903 934
903 966
904 924
904 993
905 936
905 917
905 928
905 985
906 964
906 919
907 927
908 975
909 986
910 913
910 969
910 954
911 960
911 929
912 937
912 957
913 932
914 992
914 996
914 999
915 941
915 996
915 999
916 996
916 941
916 943
916 968
917 971
918 997
918 960
918 999
919 993
919 928
919 971
921 934
921 932
921 968
922 952
924 982
926 958
926 942
927 963
927 975
927 955
927 999
930 980
931 992
932 978
932 940
932 952
933 974
934 986
935 942
939 964
940 977
941 982
942 975
942 981
943 952
943 973
943 979
945 987
946 981
946 975
948 951
948 961
949 965
949 975
956 970
956 972
957 991
959 964
967 988
967 995
975 977
982 989
