0 921
0 158
0 580
0 544
0 101
0 944
0 662
0 626
0 261
0 56
0 723
0 481
0 350
0 93
0 780
1 626
1 88
1 573
1 640
1 206
1 210
1 336
1 337
1 380
1 431
1 444
1 447
1 482
1 552
1 665
1 666
1 686
1 766
1 775
1 798
1 822
2 259
2 124
2 528
2 877
2 61
2 80
2 204
2 415
2 519
2 540
2 647
2 730
2 860
2 939
2 952
2 970
2 982
3 654
3 744
3 246
3 651
3 32
3 591
3 485
3 924
3 271
3 287
3 292
3 406
3 760
3 858
3 863
3 958
4 664
4 836
4 169
4 744
4 41
4 29
4 749
4 467
4 57
4 438
4 90
4 824
4 175
4 254
4 393
4 472
4 707
5 194
5 702
5 880
5 355
5 679
5 325
5 223
5 941
5 751
5 739
5 659
5 837
5 770
5 902
5 263
5 987
5 820
5 173
5 699
5 939
5 25
5 98
5 796
5 968
6 307
6 686
6 101
6 385
6 667
6 541
6 894
6 216
6 37
6 38
6 115
6 172
6 272
6 523
6 557
6 576
6 582
6 680
6 809
6 853
6 901
7 744
7 215
7 174
7 140
7 505
7 708
7 885
7 673
7 230
7 417
7 645
7 69
7 342
7 480
7 161
7 967
7 897
7 900
7 278
7 622
7 719
7 264
7 167
7 258
7 59
7 453
7 511
7 603
7 612
7 659
7 685
8 219
8 811
8 396
8 381
8 866
8 353
8 807
8 744
8 87
8 348
8 567
8 698
8 755
8 756
8 929
8 938
9 278
9 407
9 114
9 645
9 633
9 87
9 92
9 171
9 173
9 205
9 242
9 298
9 325
9 334
9 505
9 622
9 763
9 871
9 897
9 974
9 995
10 121
10 394
10 983
10 35
10 81
10 315
10 331
10 338
10 349
10 422
10 603
10 646
10 701
11 18
11 853
11 635
11 744
11 245
11 745
11 554
11 526
11 348
11 509
11 938
11 486
11 997
11 988
11 974
11 200
11 558
11 725
12 222
12 472
12 470
12 131
12 404
12 668
12 366
12 286
12 744
12 734
12 82
12 139
12 322
12 398
12 434
12 464
12 578
12 791
13 419
13 78
13 713
13 457
13 136
13 893
13 645
13 498
13 872
13 911
13 230
13 671
13 833
13 886
13 386
13 97
13 174
13 177
13 203
13 207
13 327
13 720
13 770
13 864
13 962
13 968
14 977
14 741
14 330
14 46
14 433
14 815
14 869
14 133
14 909
14 152
14 376
14 514
14 527
14 606
14 931
14 941
14 998
14 999
15 484
15 560
15 273
15 931
15 23
15 118
15 899
15 987
15 478
15 41
15 62
15 87
15 192
15 397
15 426
15 462
15 505
15 673
15 757
15 796
15 957
16 844
16 810
16 761
16 339
16 972
16 798
16 287
16 924
16 145
16 255
16 332
16 424
16 540
16 574
16 606
16 617
16 998
17 367
17 887
17 543
17 849
17 375
17 488
17 995
17 841
17 378
17 83
17 190
17 227
17 362
17 408
17 810
17 972
17 982
18 826
18 307
18 66
18 489
18 950
18 468
18 573
18 665
18 211
18 476
18 714
18 67
18 252
18 915
18 381
18 614
18 45
18 360
18 372
18 641
18 811
18 957
19 898
19 164
19 796
19 173
19 663
19 242
19 51
19 165
19 167
19 177
19 214
19 349
19 368
19 397
19 482
19 612
19 645
19 666
19 833
19 897
19 987
20 79
20 501
20 516
20 605
20 592
20 733
20 133
20 144
20 386
20 433
20 455
20 561
20 619
20 621
20 633
20 649
20 690
20 887
21 302
21 419
21 626
21 764
21 555
21 706
21 468
21 773
21 265
21 320
21 413
21 519
21 541
21 661
21 744
21 923
21 950
21 953
21 980
22 378
22 998
22 375
22 577
22 193
22 133
22 226
22 234
22 423
22 528
22 744
22 747
22 748
22 841
22 926
23 315
23 346
23 263
23 872
23 699
23 820
23 879
23 392
23 24
23 157
23 214
23 338
23 436
23 453
23 537
23 546
23 674
23 700
23 717
23 837
23 871
23 899
23 974
24 218
24 828
24 140
24 427
24 724
24 167
24 253
24 31
24 210
24 987
24 379
24 387
24 439
24 572
24 626
24 629
24 774
25 744
25 952
25 262
25 673
25 805
25 659
25 165
25 140
25 739
25 417
25 207
25 189
25 105
25 215
25 279
25 427
25 796
25 888
25 911
25 941
26 67
26 917
26 950
26 198
26 471
26 134
26 797
26 922
26 206
26 141
26 568
26 191
26 390
26 435
26 588
26 75
26 361
26 665
26 709
26 723
26 758
26 776
26 790
26 846
26 896
27 797
27 575
27 478
27 730
27 989
27 857
27 637
27 875
27 300
27 882
27 422
27 982
27 51
27 72
27 89
27 303
27 408
27 627
27 818
27 972
27 973
28 652
28 130
28 324
28 803
28 810
28 926
28 190
28 973
28 768
28 43
28 116
28 414
28 559
28 606
28 883
28 913
28 969
28 971
29 127
29 789
29 246
29 364
29 824
29 614
29 993
29 931
29 587
29 186
29 245
29 304
29 314
29 322
29 353
29 404
29 506
29 536
29 744
29 755
29 910
29 918
29 929
29 949
29 963
30 506
30 301
30 782
30 744
30 31
30 131
30 139
30 150
30 271
30 323
30 374
30 492
30 588
30 608
30 741
30 955
31 327
31 859
31 341
31 54
31 612
31 70
31 987
31 142
31 900
31 223
31 121
31 279
31 871
31 659
31 407
31 232
31 857
31 179
31 308
31 357
31 395
31 405
32 393
32 241
32 682
32 601
32 87
32 370
32 744
32 79
32 86
32 167
32 366
32 377
32 395
32 500
32 545
32 869
32 881
32 906
32 961
33 585
33 635
33 320
33 922
33 956
33 925
33 632
33 49
33 60
33 158
33 162
33 265
33 471
33 744
33 775
33 905
34 518
34 477
34 349
34 274
34 455
34 69
34 840
34 333
34 316
34 279
34 773
34 939
34 167
34 172
34 177
34 198
34 796
34 837
35 696
35 584
35 231
35 845
35 728
35 712
35 135
35 159
35 160
35 237
35 255
35 296
35 426
35 433
35 496
35 514
35 548
35 586
35 647
35 762
35 818
35 951
35 995
36 396
36 44
36 63
36 173
36 224
36 628
36 172
36 227
36 387
36 827
36 872
36 893
37 753
37 569
37 770
37 855
37 817
37 605
37 728
37 250
37 193
37 947
37 985
37 501
37 383
37 234
37 542
37 629
37 832
37 919
38 247
38 910
38 63
38 464
38 179
38 173
38 263
38 138
38 199
38 639
38 52
38 552
38 572
39 580
39 961
39 309
39 859
39 516
39 726
39 849
39 184
39 609
39 970
39 190
39 762
39 825
39 313
39 868
39 512
39 259
39 147
39 144
39 96
39 321
39 479
39 500
39 562
39 645
39 690
40 230
40 657
40 258
40 480
40 209
40 724
40 629
40 611
40 886
40 397
40 645
40 987
40 146
40 79
40 138
40 164
40 478
40 505
40 579
40 585
40 603
40 880
40 920
40 971
41 266
41 341
41 254
41 744
41 566
41 286
41 209
41 246
41 348
41 409
41 460
41 508
41 570
41 598
41 670
41 682
41 807
41 955
42 116
42 159
42 817
42 717
42 972
42 72
42 655
42 126
42 416
42 421
42 81
42 326
42 362
42 384
42 617
42 627
42 815
42 820
42 963
43 294
43 354
43 972
43 310
43 473
43 384
43 857
43 565
43 72
43 747
43 690
43 270
43 877
43 94
43 212
43 229
43 386
43 433
43 493
43 546
43 636
43 637
43 683
43 795
44 74
44 399
44 99
44 744
44 579
44 920
44 357
44 397
44 498
44 230
44 719
44 759
44 331
44 703
44 258
44 180
44 262
44 315
44 536
44 574
44 663
44 716
44 773
45 66
45 722
45 208
45 779
45 991
45 829
45 576
45 102
45 129
45 162
45 198
45 218
45 240
45 447
45 534
45 575
45 649
45 809
45 846
45 891
46 609
46 474
46 818
46 935
46 592
46 252
46 388
46 586
46 832
46 885
46 889
46 919
46 969
47 357
47 290
47 583
47 496
47 920
47 480
47 69
47 118
47 62
47 355
47 223
47 529
47 50
47 102
47 136
47 446
47 620
48 904
48 272
48 890
48 563
48 944
48 753
48 632
48 623
48 589
48 211
48 269
48 73
48 103
48 225
48 413
48 415
48 480
48 528
48 713
48 923
49 706
49 317
49 829
49 520
49 492
49 541
49 709
49 66
49 412
49 813
49 53
49 110
49 125
49 372
49 640
50 562
50 259
50 937
50 868
50 985
50 144
50 347
50 855
50 969
50 936
50 326
50 388
50 289
50 80
50 94
50 237
50 279
50 303
50 420
50 523
50 555
50 730
50 758
50 761
50 889
50 982
50 986
51 758
51 653
51 629
51 880
51 674
51 478
51 462
51 407
51 179
51 685
51 120
51 366
51 368
51 427
51 709
51 834
52 656
52 385
52 796
52 702
52 290
52 174
52 242
52 763
52 428
52 179
52 257
52 114
52 708
52 498
52 530
52 743
52 876
52 931
53 134
53 709
53 382
53 686
53 75
53 765
53 373
53 758
53 890
53 744
53 954
53 296
53 67
53 122
53 249
53 497
53 669
53 790
53 798
53 944
53 984
54 848
54 260
54 498
54 663
54 155
54 140
54 565
54 281
54 209
54 285
54 291
54 405
54 515
54 552
54 701
54 770
54 771
54 880
54 885
54 944
54 974
55 843
55 487
55 341
55 653
55 488
55 466
55 951
55 718
55 531
55 737
55 108
55 312
55 377
55 388
55 430
55 456
55 469
55 627
55 898
55 960
56 706
56 293
56 235
56 990
56 950
56 132
56 178
56 623
56 804
56 191
56 915
56 679
56 550
56 270
56 515
56 846
57 239
57 986
57 127
57 863
57 943
57 744
57 707
57 200
57 288
57 341
57 324
57 411
57 443
57 507
57 638
58 506
58 811
58 404
58 166
58 149
58 180
58 255
58 301
58 425
58 484
58 518
58 654
58 744
58 750
58 776
58 863
58 895
59 710
59 959
59 445
59 203
59 289
59 461
59 268
59 405
59 464
59 504
59 557
59 562
59 574
59 583
59 622
59 643
59 716
59 770
59 785
59 864
59 927
60 211
60 277
60 764
60 732
60 687
60 940
60 207
60 135
60 304
60 317
60 491
60 626
60 744
60 922
60 928
61 911
61 637
61 527
61 888
61 108
61 126
61 152
61 332
61 411
61 439
61 474
61 491
61 495
61 630
61 634
61 762
61 788
61 855
61 900
61 919
61 926
61 960
62 265
62 879
62 808
62 446
62 262
62 346
62 197
62 454
62 407
62 674
62 505
62 527
62 81
62 192
62 369
62 375
62 418
62 931
62 994
63 796
63 620
63 900
63 708
63 498
63 106
63 128
63 136
63 172
63 340
63 342
63 359
63 505
63 511
63 611
63 646
63 687
63 736
63 763
63 805
63 967
64 669
64 582
64 292
64 744
64 845
64 474
64 289
64 237
64 951
64 747
64 147
64 815
64 500
64 860
64 633
64 403
64 156
64 456
64 458
64 636
64 762
64 908
65 785
65 473
65 868
65 806
65 618
65 972
65 743
65 243
65 998
65 738
65 386
65 108
65 924
65 119
65 310
65 416
65 466
65 639
65 658
65 882
66 88
66 401
66 447
66 585
66 382
66 675
66 314
66 221
66 669
66 670
66 775
66 643
66 388
66 926
66 163
66 307
66 476
66 534
66 714
66 731
66 780
66 891
67 195
67 476
67 800
67 779
67 789
67 701
67 97
67 191
67 235
67 299
67 321
67 390
67 401
67 444
67 541
67 632
67 662
67 686
67 846
67 853
68 386
68 501
68 979
68 548
68 636
68 513
68 145
68 250
68 335
68 383
68 514
68 647
68 792
68 839
68 905
68 963
69 672
69 668
69 517
69 477
69 114
69 674
69 657
69 330
69 107
69 136
69 180
69 207
69 215
69 253
69 701
69 751
69 774
69 776
69 865
69 871
70 441
70 981
70 622
70 138
70 167
70 189
70 417
70 151
70 203
70 315
70 316
70 319
70 371
70 427
70 572
70 712
70 716
70 880
71 638
71 807
71 741
71 781
71 194
71 228
71 247
71 272
71 322
71 371
71 410
71 506
71 507
71 650
71 858
71 895
72 103
72 523
72 892
72 190
72 514
72 91
72 844
72 383
72 735
72 420
72 909
72 260
72 313
72 323
72 416
72 562
72 618
72 824
72 877
72 882
72 972
73 862
73 419
73 269
73 896
73 78
73 732
73 413
73 990
73 836
73 170
73 755
73 457
73 100
73 115
73 248
73 268
73 280
73 433
73 435
73 575
73 664
73 695
73 740
73 753
73 786
73 791
73 799
73 967
74 978
74 208
74 696
74 415
74 775
74 904
74 163
74 123
74 803
74 469
74 88
74 228
74 307
74 475
74 534
74 774
74 922
75 302
75 608
75 275
75 337
75 660
75 598
75 940
75 178
75 575
75 649
75 233
75 102
75 765
75 160
75 248
75 372
75 520
75 544
75 704
75 764
76 249
76 258
76 959
76 967
76 671
76 530
76 316
76 622
76 179
76 553
76 604
76 142
76 205
76 236
76 263
76 427
76 597
76 611
76 628
76 643
76 751
76 771
76 833
77 117
77 430
77 133
77 270
77 869
77 159
77 420
77 160
77 406
77 522
77 849
77 926
78 419
78 112
78 835
78 276
78 901
78 137
78 240
78 278
78 282
78 435
78 510
78 648
78 675
78 797
79 916
79 961
79 848
79 633
79 975
79 186
79 267
79 286
79 353
79 393
79 459
79 744
79 750
79 801
79 957
80 257
80 227
80 133
80 615
80 619
80 310
80 313
80 91
80 109
80 224
80 295
80 378
80 392
80 414
80 474
80 568
80 587
80 717
80 785
80 860
80 865
80 874
80 965
81 99
81 931
81 900
81 368
81 273
81 477
81 663
81 394
81 426
81 666
81 757
81 173
81 885
81 107
81 257
81 268
81 315
81 719
81 731
81 772
81 808
81 834
81 872
82 573
82 271
82 450
82 866
82 183
82 348
82 787
82 783
82 542
82 812
82 147
82 283
82 340
82 536
82 651
82 667
82 744
82 778
83 852
83 375
83 869
83 137
83 291
83 335
83 311
83 855
83 998
83 479
83 711
83 577
83 960
83 458
83 184
83 312
83 338
83 403
83 424
83 473
83 474
83 528
83 541
83 609
83 639
83 719
84 566
84 782
84 707
84 915
84 148
84 688
84 721
84 750
84 377
84 86
84 301
84 323
84 396
84 432
84 485
84 525
84 638
84 683
84 823
84 867
84 986
85 169
85 267
85 744
85 776
85 351
85 754
85 432
85 993
85 305
85 418
85 491
85 296
85 131
85 153
85 236
85 452
85 503
85 588
85 651
85 895
85 957
86 582
86 934
86 526
86 668
86 484
86 814
86 894
86 802
86 954
86 96
86 613
86 824
86 893
86 144
86 150
86 245
86 251
86 547
86 614
86 714
86 744
86 782
86 801
87 744
87 545
87 169
87 993
87 176
87 95
87 499
87 625
87 438
87 201
87 830
87 725
87 782
88 765
88 317
88 769
88 942
88 415
88 195
88 450
88 967
88 994
88 135
88 177
88 272
88 280
88 373
88 383
88 390
88 557
88 573
88 641
88 755
88 903
88 955
88 980
89 310
89 529
89 548
89 992
89 595
89 975
89 152
89 187
89 330
89 377
89 656
89 857
89 999
90 822
90 361
90 750
90 472
90 689
90 811
90 946
90 744
90 434
90 490
90 824
90 364
90 96
90 450
90 348
90 157
90 111
90 146
90 168
90 241
90 508
90 755
90 847
90 881
90 986
91 813
91 982
91 339
91 102
91 270
91 289
91 297
91 347
91 349
91 384
91 461
91 559
91 586
91 636
91 678
91 717
91 746
91 963
91 985
92 497
92 584
92 280
92 476
92 435
92 696
92 848
92 115
92 123
92 214
92 275
92 373
92 519
92 523
92 861
92 942
93 695
93 224
93 114
93 738
93 815
93 153
93 491
93 972
93 160
93 193
93 326
93 425
93 730
93 820
93 971
94 309
94 105
94 825
94 718
94 935
94 889
94 559
94 729
94 411
94 335
94 806
94 743
94 256
94 647
94 408
94 819
94 846
95 294
95 744
95 642
95 989
95 271
95 341
95 395
95 650
95 664
95 748
95 755
95 801
95 938
95 943
95 958
96 822
96 327
96 200
96 481
96 467
96 221
96 370
96 442
96 558
96 705
96 745
96 858
97 923
97 568
97 206
97 387
97 649
97 769
97 660
97 380
97 758
97 178
97 195
97 196
97 805
97 550
97 205
97 413
97 535
97 635
97 771
97 921
98 940
98 959
98 279
98 209
98 994
98 215
98 164
98 457
98 919
98 207
98 242
98 304
98 355
98 407
98 412
98 471
98 517
98 583
98 697
98 771
98 796
98 948
99 588
99 654
99 689
99 169
99 236
99 599
99 705
99 490
99 290
99 108
99 340
99 429
99 471
99 484
99 485
99 744
99 824
99 895
100 930
100 444
100 293
100 285
100 415
100 794
100 337
100 594
100 129
100 683
100 134
100 239
100 248
100 307
100 387
100 520
100 687
100 752
100 812
100 917
100 980
100 990
101 103
101 441
101 836
101 752
101 571
101 202
101 318
101 746
101 112
101 182
101 497
101 523
101 549
101 664
101 772
101 809
102 766
102 373
102 238
102 276
102 576
102 399
102 336
102 706
102 440
102 277
102 266
102 328
102 497
102 523
102 534
102 537
102 555
102 623
102 640
102 752
102 769
102 780
102 837
102 990
103 272
103 382
103 956
103 662
103 195
103 129
103 569
103 523
103 589
103 715
103 275
103 831
103 336
103 389
103 178
103 188
103 233
103 358
103 675
103 753
103 794
103 799
104 691
104 267
104 744
104 232
104 247
104 393
104 426
104 509
104 556
104 596
104 749
105 668
105 200
105 394
105 612
105 685
105 515
105 263
105 455
105 987
105 771
105 338
105 716
105 158
105 253
105 280
105 397
105 628
105 674
105 763
105 879
105 931
106 218
106 519
106 520
106 891
106 476
106 188
106 563
106 268
106 280
106 148
106 165
106 339
106 122
106 228
106 239
106 390
106 416
106 482
106 514
106 557
106 861
107 696
107 164
107 273
107 308
107 349
107 902
107 136
107 128
107 177
107 218
107 224
107 242
107 252
107 400
107 451
107 553
107 572
107 629
107 666
107 673
107 685
107 775
107 805
108 732
108 916
108 507
108 530
108 618
108 658
108 289
108 972
108 995
108 619
108 378
108 493
108 129
108 184
108 293
108 362
108 414
108 461
108 495
108 633
108 648
108 743
108 876
108 895
108 908
108 939
109 978
109 929
109 127
109 161
109 845
109 456
109 212
109 377
109 963
109 919
109 160
109 232
109 324
109 609
109 615
109 690
109 733
110 753
110 980
110 285
110 541
110 519
110 208
110 520
110 581
110 317
110 696
110 151
110 714
110 659
110 408
110 424
110 264
110 310
110 471
110 549
110 571
110 769
110 822
110 937
110 942
110 956
111 988
111 309
111 596
111 536
111 911
111 167
111 271
111 398
111 499
111 677
111 858
112 891
112 923
112 285
112 447
112 534
112 624
112 847
112 796
112 335
112 726
112 125
112 452
112 544
112 608
112 792
112 904
113 744
113 629
113 197
113 290
113 356
113 210
113 496
113 680
113 731
113 262
113 138
113 257
113 359
113 379
113 391
113 455
113 464
113 487
113 530
113 699
113 843
113 879
113 948
113 985
114 206
114 990
114 682
114 708
114 968
114 796
114 258
114 368
114 423
114 685
114 133
114 164
114 282
114 317
114 325
114 416
114 427
114 478
114 611
114 757
114 911
114 983
115 978
115 387
115 534
115 537
115 569
115 210
115 196
115 221
115 307
115 435
115 482
115 575
115 589
115 661
115 744
116 319
116 327
116 175
116 313
116 972
116 935
116 259
116 524
116 199
116 227
116 256
116 383
116 433
116 550
116 618
116 633
116 676
116 688
116 761
116 882
116 969
116 999
117 261
117 583
117 655
117 565
117 743
117 376
117 287
117 199
117 310
117 332
117 344
117 386
117 491
117 542
117 712
117 813
117 841
117 919
117 933
118 218
118 432
118 172
118 724
118 736
118 426
118 213
118 424
118 860
118 264
118 279
118 574
119 141
119 641
119 248
119 554
119 133
119 159
119 414
119 493
119 388
119 130
119 218
119 259
119 378
119 420
119 615
119 627
119 825
119 868
119 876
119 882
119 972
120 831
120 912
120 742
120 967
120 770
120 290
120 215
120 454
120 418
120 872
120 719
120 728
120 185
120 211
120 394
120 407
121 686
121 804
121 779
121 180
121 407
121 368
121 298
121 312
121 177
121 197
121 257
121 336
121 436
121 454
121 701
121 702
121 785
121 796
121 962
121 978
122 608
122 535
122 917
122 284
122 614
122 712
122 158
122 196
122 307
122 320
122 426
122 752
122 764
122 874
122 942
123 641
123 277
123 903
123 510
123 399
123 616
123 873
123 265
123 497
123 529
123 534
123 544
123 704
123 829
123 944
124 607
124 422
124 913
124 810
124 152
124 788
124 801
124 972
124 995
125 670
125 468
125 249
125 413
125 792
125 910
125 762
125 358
125 546
125 598
125 835
126 518
126 166
126 857
126 147
126 812
126 199
126 255
126 289
126 306
126 270
126 143
126 193
126 227
126 237
126 256
126 439
126 561
126 631
126 639
126 644
126 711
126 860
127 229
127 906
127 848
127 744
127 789
127 681
127 186
127 202
127 236
127 334
127 443
127 499
127 521
127 556
127 571
127 651
127 668
127 688
127 811
127 873
127 932
128 685
128 703
128 502
128 770
128 805
128 833
128 477
128 666
128 927
128 213
128 174
128 256
128 360
128 369
128 935
129 182
129 178
129 826
129 280
129 135
129 557
129 984
129 775
129 584
129 556
129 391
129 190
130 669
130 226
130 259
130 270
130 300
130 429
130 474
130 479
130 565
130 629
130 637
130 834
130 924
130 951
130 964
131 467
131 245
131 782
131 596
131 229
131 839
131 456
131 517
131 564
131 610
131 638
131 691
131 750
131 793
131 842
132 980
132 293
132 573
132 277
132 846
132 765
132 934
132 188
132 238
132 373
132 484
132 574
132 809
132 950
133 890
133 501
133 678
133 146
133 339
133 729
133 819
133 812
133 193
133 159
133 220
133 246
133 524
133 690
133 905
133 971
134 497
134 191
134 293
134 732
134 780
134 765
134 925
134 800
134 225
134 248
134 302
134 307
134 482
134 523
134 582
134 640
134 722
134 755
134 867
134 884
134 904
134 966
135 248
135 945
135 991
135 447
135 358
135 441
135 826
135 510
135 228
135 832
135 573
135 848
135 407
135 295
135 495
135 435
135 799
135 874
136 864
136 453
136 279
136 827
136 278
136 173
136 612
136 674
136 693
137 390
137 728
137 344
137 234
137 595
137 501
137 561
137 220
137 272
137 296
137 346
137 513
137 516
137 633
137 972
137 996
138 906
138 645
138 552
138 763
138 583
138 987
138 697
138 968
138 770
138 962
138 731
138 262
138 511
138 701
138 816
138 850
138 995
139 930
139 984
139 169
139 229
139 499
139 952
139 957
139 744
139 867
139 801
139 883
139 932
139 351
139 677
139 200
139 246
139 365
139 432
139 842
139 884
140 523
140 801
140 588
140 601
140 757
140 553
140 751
140 173
140 446
140 987
140 771
140 559
140 386
140 564
140 744
140 880
140 927
140 949
141 670
141 950
141 917
141 470
141 702
141 376
141 268
141 307
141 537
141 548
141 589
141 675
141 687
141 692
141 764
141 780
141 800
141 853
141 862
141 904
141 921
141 984
142 320
142 774
142 274
142 878
142 597
142 171
142 273
142 298
142 325
142 342
142 346
142 489
142 505
142 563
142 629
142 657
142 705
142 720
142 745
142 796
142 871
142 885
142 983
143 623
143 885
143 501
143 375
143 529
143 339
143 255
143 602
143 819
143 644
143 631
143 430
143 982
143 524
143 145
143 565
143 690
143 291
143 153
143 344
143 420
143 450
143 544
143 869
144 396
144 983
144 256
144 963
144 542
144 232
144 287
144 321
144 402
144 408
144 532
144 746
144 768
144 865
144 972
145 563
145 484
145 823
145 417
145 718
145 532
145 343
145 565
145 587
145 887
145 166
145 926
145 947
145 495
145 225
145 237
145 260
145 312
145 743
145 876
146 482
146 478
146 430
146 869
146 559
146 184
146 232
146 300
146 344
146 367
146 409
146 411
146 494
146 516
146 615
146 965
146 972
146 985
146 989
147 376
147 193
147 430
147 531
147 231
147 461
147 153
147 220
147 362
147 469
147 595
147 633
147 744
147 760
147 935
147 937
147 954
147 960
147 965
148 170
148 600
148 802
148 793
148 286
148 539
148 553
148 634
148 669
148 681
148 725
148 734
148 790
149 275
149 380
149 265
149 755
149 802
149 850
149 908
149 366
149 638
149 906
149 570
149 395
149 406
149 354
149 694
149 750
149 176
149 186
149 547
149 614
149 734
149 801
149 823
149 863
149 895
149 954
150 689
150 881
150 361
150 744
150 267
150 727
150 688
150 789
150 721
150 621
150 423
150 972
150 345
150 443
150 467
150 503
150 507
150 906
151 337
151 328
151 861
151 555
151 431
151 891
151 576
151 779
151 320
151 535
151 686
151 489
151 585
151 723
151 687
151 640
151 225
151 238
151 468
151 649
151 896
152 533
152 348
152 604
152 967
152 473
152 798
152 543
152 933
152 972
152 633
152 474
152 250
152 737
152 347
152 378
152 680
152 939
153 217
153 621
153 483
153 548
153 408
153 965
153 231
153 803
153 377
153 857
153 919
153 289
153 311
153 414
153 491
153 531
153 550
153 811
153 945
154 284
154 267
154 744
154 301
154 596
154 908
154 554
154 168
154 252
154 410
154 470
154 684
154 988
155 626
155 755
155 349
155 771
155 603
155 278
155 192
155 263
155 331
155 342
155 355
155 412
155 427
155 446
155 538
155 552
155 553
155 880
156 495
156 849
156 479
156 416
156 300
156 159
156 637
157 914
157 620
157 418
157 833
157 685
157 197
157 516
157 316
157 325
157 342
157 455
157 519
157 612
157 751
157 840
157 864
158 956
158 928
158 390
158 328
158 760
158 239
158 228
158 230
158 320
158 582
158 652
158 670
158 687
158 709
158 756
158 831
158 844
158 950
158 972
158 999
159 403
159 303
159 970
159 204
159 631
159 565
159 378
159 297
159 422
159 500
159 512
159 529
159 798
160 534
160 880
160 500
160 825
160 985
160 383
160 630
160 839
160 532
160 975
160 469
160 565
160 542
160 297
160 933
160 255
160 204
160 250
160 587
160 595
160 941
161 179
161 987
161 392
161 927
161 423
161 357
161 496
161 178
161 331
161 532
161 657
161 666
161 679
161 739
162 891
162 208
162 978
162 908
162 352
162 719
162 199
162 319
162 320
162 502
162 569
162 584
162 681
162 921
162 980
163 563
163 809
163 268
163 922
163 435
163 826
163 534
163 314
163 269
163 832
163 198
163 328
163 744
163 910
163 606
163 195
163 280
163 303
163 431
163 451
163 472
163 520
163 664
163 752
163 769
163 799
164 696
164 368
164 645
164 880
164 620
164 629
164 209
164 262
164 356
164 785
164 263
164 716
164 427
164 258
164 192
164 559
164 207
164 571
164 670
164 710
164 731
164 744
164 841
165 352
165 720
165 454
165 773
165 357
165 172
165 213
165 258
165 292
165 298
165 418
165 464
165 480
165 527
165 604
165 645
165 671
165 674
165 731
165 748
165 892
165 974
166 301
166 806
166 972
166 270
166 287
166 313
166 367
166 385
166 402
166 514
166 542
166 608
166 647
166 960
167 216
167 666
167 391
167 663
167 680
167 426
167 174
167 290
167 774
167 872
167 333
167 342
167 278
167 296
167 304
167 325
167 454
167 464
167 673
167 697
167 736
167 938
167 968
167 981
168 861
168 744
168 525
168 554
168 838
168 727
168 610
168 929
168 200
168 707
168 351
168 983
168 438
168 536
168 689
168 755
168 866
168 869
169 621
169 744
169 867
169 777
169 545
169 778
169 814
169 564
169 893
169 475
169 536
169 688
169 707
169 938
169 949
169 993
170 588
170 251
170 654
170 946
170 329
170 744
170 322
170 741
170 432
170 184
170 207
170 371
170 448
170 462
170 463
170 484
170 507
170 613
170 675
170 938
171 727
171 517
171 412
171 368
171 279
171 875
171 177
171 295
171 331
171 439
171 663
171 705
171 710
172 675
172 779
172 174
172 224
172 840
172 763
172 464
172 583
172 517
172 702
172 931
172 173
172 417
172 615
172 412
172 454
172 462
173 400
173 546
173 622
173 260
173 197
173 357
173 369
173 417
173 437
173 504
173 697
173 744
173 770
173 771
173 772
173 897
173 936
173 941
174 884
174 651
174 827
174 773
174 931
174 886
174 583
174 210
174 307
174 342
174 445
174 505
174 607
174 620
174 628
174 676
174 759
174 797
174 879
175 689
175 301
175 694
175 744
175 750
175 811
175 329
175 371
175 413
175 436
175 521
175 705
175 745
175 834
175 850
176 944
176 894
176 551
176 873
176 859
176 744
176 949
176 951
176 266
176 292
176 345
176 625
176 938
176 974
176 996
177 445
177 685
177 880
177 417
177 852
177 611
177 757
177 453
177 274
177 264
177 355
177 597
177 748
177 780
177 893
178 569
178 706
178 225
178 380
178 285
178 182
178 856
178 293
178 969
178 198
178 312
178 387
178 471
178 886
178 903
178 944
179 392
179 751
179 192
179 205
179 216
179 305
179 346
179 579
179 643
179 679
180 264
180 673
180 679
180 785
180 646
180 418
180 880
180 685
180 771
180 959
180 203
180 242
180 325
180 397
180 405
180 458
180 913
180 962
180 977
181 280
181 829
181 613
181 952
181 442
181 334
181 207
181 322
181 348
181 360
181 506
181 533
181 535
181 551
181 694
181 824
182 799
182 661
182 247
182 490
182 608
182 669
182 758
183 894
183 323
183 684
183 487
183 466
183 217
183 341
183 395
183 490
183 528
183 533
183 536
183 593
183 614
183 621
183 744
183 793
183 821
183 848
184 450
184 819
184 300
184 868
184 522
184 768
184 648
184 408
184 326
184 362
184 289
184 354
184 420
184 456
184 804
184 815
185 523
185 496
185 899
185 350
185 262
185 407
185 646
185 400
185 603
185 622
185 701
185 752
185 856
185 900
186 490
186 916
186 795
186 734
186 778
186 340
186 744
186 567
186 396
186 866
186 728
186 196
186 409
186 780
186 988
187 846
187 781
187 948
187 234
187 639
187 587
187 970
187 877
187 378
187 909
187 565
187 798
187 746
187 250
187 281
187 297
187 315
187 347
187 383
187 648
187 716
188 853
188 901
188 571
188 698
188 393
188 235
188 248
188 282
188 370
188 390
188 401
188 468
188 575
188 580
188 625
188 626
188 723
188 758
188 780
188 966
189 686
189 858
189 683
189 428
189 197
189 273
189 331
189 356
189 359
189 433
189 538
189 604
189 646
189 720
189 744
189 783
189 879
190 850
190 810
190 297
190 605
190 439
190 849
190 972
190 735
190 768
190 550
190 289
190 775
190 806
190 874
190 969
191 206
191 641
191 779
191 272
191 950
191 922
191 732
191 587
191 328
191 387
191 401
191 687
191 712
191 714
191 866
191 992
192 240
192 274
192 427
192 643
192 840
192 597
192 657
192 207
192 445
192 834
192 210
192 215
192 423
192 622
192 964
192 265
192 315
192 405
192 455
192 464
192 578
192 589
192 646
192 663
192 666
193 486
193 717
193 992
193 313
193 388
193 985
193 960
193 270
193 479
193 516
193 613
193 634
193 640
193 744
193 747
194 327
194 267
194 241
194 713
194 507
194 457
194 251
194 253
194 334
194 539
194 912
195 589
195 294
195 598
195 912
195 269
195 940
195 275
195 826
195 981
195 247
195 250
195 616
195 704
195 930
195 956
196 700
196 740
196 752
196 569
196 928
196 980
196 358
196 359
196 215
196 418
196 628
196 218
196 221
196 225
196 476
196 492
196 594
196 744
196 835
196 870
197 202
197 470
197 708
197 827
197 306
197 563
197 699
197 751
197 771
197 899
198 786
198 534
198 319
198 804
198 896
198 978
198 571
198 510
198 374
198 233
198 598
198 980
198 283
198 426
198 225
198 307
198 328
198 447
199 544
199 266
199 429
199 491
199 631
199 969
199 963
199 289
199 227
199 524
199 979
199 655
199 231
199 376
199 473
199 729
199 308
199 522
199 536
199 590
199 633
199 637
199 965
200 790
200 689
200 781
200 938
200 389
200 360
200 744
200 907
201 744
201 309
201 254
201 894
201 244
201 957
201 356
201 630
201 371
201 567
201 621
201 734
201 843
202 320
202 545
202 744
202 848
202 323
202 638
202 668
202 309
202 395
202 499
202 683
202 762
202 876
203 954
203 666
203 731
203 685
203 538
203 663
203 437
203 446
203 757
203 391
203 430
203 279
203 303
203 359
203 983
204 921
204 432
204 379
204 644
204 888
204 868
204 979
204 433
204 383
204 905
204 619
204 512
204 300
204 339
204 362
204 408
204 494
204 882
205 687
205 211
205 499
205 820
205 223
205 716
205 974
205 264
205 967
205 987
205 253
205 388
205 449
205 453
205 464
205 657
205 751
205 896
206 468
206 990
206 541
206 268
206 928
206 765
206 265
206 521
206 859
206 314
206 575
206 664
206 760
206 853
206 924
207 610
207 708
207 316
207 597
207 987
207 552
207 553
207 502
207 720
207 517
207 215
207 872
207 762
207 965
207 407
207 528
207 897
207 974
208 921
208 294
208 471
208 337
208 501
208 516
208 641
208 669
208 732
208 794
208 862
209 257
209 331
209 393
209 616
209 719
209 809
209 879
209 899
209 927
209 941
209 974
210 515
210 864
210 355
210 719
210 496
210 974
210 744
210 834
210 856
210 927
210 987
211 575
211 555
211 373
211 431
211 669
211 956
211 675
211 576
211 382
211 922
211 443
211 280
211 363
211 390
211 520
211 665
211 822
211 835
211 904
211 980
212 336
212 897
212 711
212 855
212 979
212 860
212 243
212 964
212 420
212 433
212 712
212 744
212 909
212 924
213 275
213 389
213 744
213 446
213 505
213 478
213 574
213 880
213 473
213 307
213 394
213 496
213 551
213 731
213 886
214 923
214 794
214 363
214 853
214 990
214 255
214 425
214 492
214 664
214 753
214 786
214 829
214 922
214 942
215 878
215 645
215 308
215 405
215 276
215 278
215 292
215 368
215 407
215 517
215 546
215 572
215 820
215 846
215 968
216 360
216 397
216 504
216 427
216 417
216 685
216 827
216 359
216 308
216 279
216 418
216 531
216 632
216 674
217 650
217 744
217 883
217 503
217 288
217 472
217 599
217 484
217 833
217 442
217 443
218 269
218 853
218 431
218 695
218 240
218 477
218 225
218 385
218 452
218 471
218 475
218 523
218 704
218 790
218 917
219 314
219 599
219 883
219 821
219 692
219 650
219 756
219 271
219 703
219 680
219 325
219 295
219 286
219 339
219 364
219 395
219 508
219 601
219 744
219 828
219 848
220 832
220 247
220 504
220 397
220 888
220 979
220 738
220 522
220 324
220 231
220 768
220 590
220 964
221 240
221 249
221 280
221 337
221 929
221 521
221 272
221 563
221 720
221 722
221 760
221 853
221 950
221 966
222 789
222 650
222 486
222 610
222 734
222 518
222 908
222 744
222 614
222 352
222 467
222 946
222 429
222 854
222 683
222 574
222 378
222 229
222 282
222 341
222 434
222 663
222 689
222 741
222 932
223 272
223 699
223 604
223 833
223 427
223 774
223 405
223 837
223 882
223 970
223 806
223 260
223 426
223 446
223 504
223 628
223 685
223 871
224 454
224 724
224 379
224 572
224 239
224 260
224 263
224 290
224 338
224 492
224 553
224 579
224 674
224 703
224 837
224 878
224 910
224 962
224 968
225 980
225 534
225 794
225 687
225 940
225 661
225 532
225 375
225 419
225 471
225 497
225 581
225 737
225 801
225 914
225 942
225 956
225 966
225 988
226 247
226 847
226 453
226 611
226 514
226 726
226 542
226 328
226 644
226 768
226 855
226 924
226 963
226 965
227 744
227 391
227 633
227 788
227 733
227 297
227 291
227 365
227 639
227 501
227 590
227 542
227 815
227 290
227 295
227 332
227 495
227 548
227 637
228 904
228 687
228 944
228 382
228 816
228 233
228 489
228 589
228 903
228 317
228 252
228 857
228 380
228 470
228 519
228 544
228 704
228 765
228 890
229 836
229 246
229 578
229 360
229 821
229 996
229 916
229 547
229 345
229 380
229 410
229 434
229 525
229 558
229 698
229 744
229 801
229 854
230 482
230 657
230 583
230 437
230 477
230 445
230 646
230 612
230 886
230 263
230 298
230 346
230 408
230 455
230 511
230 604
230 620
230 687
230 736
230 773
230 803
230 806
230 840
230 880
230 971
231 663
231 383
231 636
231 947
231 888
231 324
231 375
231 565
231 575
231 590
231 661
231 784
231 995
232 670
232 906
232 911
232 311
232 817
232 493
232 617
232 540
232 844
232 250
232 422
232 461
232 479
232 528
232 586
232 705
232 888
233 519
233 760
233 269
233 656
233 632
233 415
233 625
233 643
233 426
233 325
233 737
233 852
233 862
233 930
234 648
234 690
234 493
234 844
234 259
234 746
234 924
234 311
234 347
234 439
234 528
234 937
234 972
235 930
235 382
235 832
235 977
235 917
235 594
235 238
235 934
235 966
235 755
235 971
235 265
235 440
235 514
235 522
235 576
235 580
235 616
235 791
235 900
235 909
236 327
236 677
236 776
236 811
236 600
236 470
236 955
236 952
236 744
236 915
236 918
236 388
236 857
236 252
236 504
236 533
236 570
236 908
236 935
237 667
237 921
237 547
237 747
237 456
237 458
237 281
237 377
237 494
237 729
237 403
237 606
237 849
237 407
237 528
237 743
238 775
238 714
238 580
238 626
238 934
238 790
238 345
238 387
238 390
238 489
238 568
238 655
238 696
238 698
238 764
239 435
239 489
239 240
239 320
239 328
239 390
239 413
239 482
239 497
239 519
239 578
239 610
239 671
239 977
240 373
240 632
240 891
240 901
240 912
240 504
240 377
240 992
240 261
240 336
240 401
240 452
240 519
240 537
240 640
240 700
240 701
240 722
240 772
240 940
241 755
241 873
241 364
241 436
241 830
241 796
241 246
241 287
241 292
241 381
241 591
241 917
242 744
242 546
242 757
242 574
242 710
242 959
242 418
242 720
242 798
242 788
242 428
242 643
242 663
242 902
243 505
243 975
243 592
243 631
243 458
243 595
243 259
243 295
243 529
243 647
243 841
243 855
243 905
243 950
243 982
243 985
244 582
244 744
244 932
244 713
244 366
244 283
244 539
244 866
244 434
244 795
244 551
244 572
244 810
244 556
245 551
245 749
245 467
245 499
245 560
245 264
245 343
245 351
245 558
245 585
246 891
246 707
246 521
246 486
246 481
246 777
246 713
246 798
246 251
246 252
246 467
246 536
246 601
246 789
246 943
247 575
247 744
247 486
247 828
247 654
247 895
247 286
247 465
247 318
247 471
247 570
247 705
247 721
247 802
248 709
248 272
248 387
248 568
248 390
248 903
248 831
248 686
248 932
248 778
248 298
248 302
248 672
248 687
248 912
249 786
249 660
249 694
249 382
249 385
249 497
249 549
249 575
249 581
249 672
249 792
249 884
249 951
250 755
250 392
250 788
250 743
250 430
250 378
250 970
250 514
250 295
250 313
250 326
250 344
250 367
250 414
250 424
250 762
250 933
251 807
251 536
251 341
251 858
251 938
251 526
251 863
251 755
251 263
251 318
251 345
251 651
251 686
251 767
251 793
251 795
251 814
252 485
252 425
252 469
252 516
252 746
252 292
252 442
252 459
252 570
252 727
252 744
252 823
252 914
252 972
252 988
253 856
253 554
253 455
253 262
253 477
253 927
253 498
253 511
253 437
253 466
253 380
253 453
253 469
253 538
253 748
253 759
253 827
253 834
254 923
254 755
254 727
254 958
254 556
254 551
254 436
254 596
254 802
254 847
254 918
255 288
255 877
255 548
255 737
255 376
255 303
255 414
255 633
256 559
256 798
256 306
256 605
256 281
256 375
256 522
256 291
256 303
256 356
256 587
256 592
257 292
257 931
257 315
257 379
257 685
257 331
257 426
257 603
257 897
257 260
257 527
257 279
257 322
257 338
257 424
257 437
257 462
257 514
257 530
257 827
257 929
258 744
258 423
258 771
258 642
258 653
258 987
258 774
258 860
258 262
258 298
258 350
258 383
258 703
258 852
258 879
259 455
259 516
259 849
259 295
259 865
259 905
259 639
259 972
259 868
259 458
259 281
259 615
259 617
259 744
259 909
260 576
260 910
260 987
260 720
260 355
260 418
260 596
260 622
260 643
261 415
261 307
261 792
261 624
261 319
261 363
261 373
261 413
261 452
261 580
261 722
261 723
261 752
261 870
262 418
262 356
262 355
262 597
262 531
262 729
262 538
262 673
262 722
262 739
262 755
262 902
262 987
263 374
263 930
263 423
263 899
263 308
263 350
263 513
263 516
263 572
263 646
263 720
263 722
263 796
263 861
263 886
263 920
263 931
263 967
264 555
264 744
264 763
264 708
264 897
264 274
264 513
264 415
264 451
264 597
264 739
264 796
264 900
265 870
265 317
265 372
265 950
265 800
265 753
265 849
265 275
265 497
265 589
265 640
265 695
265 700
265 792
265 799
265 978
266 492
266 563
266 744
266 271
266 367
266 503
266 596
266 689
266 734
266 781
266 914
266 916
266 929
266 986
267 923
267 395
267 508
267 713
267 954
267 744
267 286
267 295
267 323
267 391
267 591
267 625
267 754
267 801
267 807
267 877
267 910
268 804
268 635
268 277
268 978
268 571
268 320
268 704
268 835
268 482
268 463
268 607
268 373
268 440
268 492
268 912
268 920
268 973
269 280
269 293
269 903
269 447
269 826
269 355
269 413
269 791
269 799
269 822
269 884
269 942
269 985
270 493
270 644
270 500
270 803
270 403
270 378
270 905
270 289
270 324
270 332
270 344
270 474
270 609
270 730
270 845
270 999
271 794
271 777
271 781
271 910
271 976
271 744
271 470
271 503
271 600
271 619
271 867
271 918
272 380
272 555
272 294
272 302
272 582
272 660
272 835
272 991
273 319
273 744
273 392
273 290
273 496
273 948
273 927
273 685
273 840
273 308
273 427
273 476
273 478
273 622
273 852
273 864
274 517
274 872
274 572
274 920
274 355
274 457
274 742
274 808
274 834
275 534
275 922
275 704
275 722
275 541
275 740
275 447
275 744
275 947
275 851
275 419
275 444
275 497
275 616
275 640
275 675
275 696
275 732
275 832
275 921
275 938
276 940
276 585
276 475
276 890
276 452
276 497
276 904
276 786
276 928
276 537
276 589
276 413
276 662
276 722
276 791
277 740
277 398
277 501
277 317
277 401
277 440
277 497
277 535
277 559
277 576
277 602
277 640
277 704
277 732
277 752
277 845
277 903
277 922
277 928
277 980
278 835
278 968
278 872
278 796
278 837
278 407
278 880
278 304
278 412
278 620
278 502
278 808
278 552
278 748
278 895
279 642
279 679
279 572
279 552
279 702
279 864
279 338
279 379
279 397
279 445
279 446
279 563
279 612
279 656
279 708
279 893
279 927
280 740
280 285
280 940
280 568
280 695
280 440
280 431
280 660
280 382
280 468
280 665
280 700
280 790
280 917
280 972
281 761
281 376
281 887
281 989
281 819
281 933
281 855
281 388
281 559
281 304
281 430
281 474
281 548
281 562
281 753
281 937
281 982
282 794
282 966
282 520
282 374
282 380
282 482
282 471
282 836
282 665
282 743
282 284
282 660
282 696
282 832
282 853
283 749
283 311
283 839
283 307
283 361
283 436
283 503
283 727
283 732
283 767
283 863
283 949
283 988
284 723
284 856
284 471
284 294
284 541
284 740
284 912
284 896
284 930
284 894
284 307
284 419
284 476
284 584
284 589
284 652
284 804
284 980
285 816
285 956
285 549
285 575
285 525
285 369
285 455
285 373
285 397
285 521
285 626
286 744
286 958
286 638
286 727
286 459
286 721
286 309
286 847
286 838
286 364
286 501
286 360
286 556
286 997
287 449
287 924
287 972
287 655
287 473
287 295
287 514
287 289
287 587
287 704
287 730
287 743
288 824
288 560
288 855
288 371
288 393
288 449
288 452
288 638
288 641
288 744
288 767
288 794
288 943
289 673
289 887
289 972
289 733
289 965
289 869
289 676
289 500
289 543
289 803
289 999
289 639
289 326
289 402
289 420
289 447
289 488
289 534
289 586
289 634
289 647
289 909
289 960
289 976
290 394
290 927
290 716
290 771
290 505
290 423
290 972
290 368
290 392
290 403
290 428
290 455
290 462
290 511
290 552
290 611
290 666
290 743
290 770
291 383
291 367
291 458
291 559
291 784
291 815
291 874
291 933
291 979
292 691
292 824
292 545
292 607
292 554
292 599
292 323
292 745
292 371
292 507
292 424
292 689
292 883
292 929
293 723
293 571
293 580
293 328
293 990
293 753
293 608
293 922
293 452
293 503
293 787
293 390
293 669
294 358
294 672
294 415
294 766
294 804
294 334
294 411
294 670
294 737
294 942
295 950
295 789
295 889
295 655
295 972
295 874
295 311
295 647
295 639
295 909
295 631
295 690
295 414
295 420
295 469
295 501
295 572
295 627
296 361
296 810
296 335
296 839
296 998
296 332
296 347
296 306
296 648
296 439
296 300
296 602
296 970
296 972
297 955
297 466
297 529
297 326
297 430
297 605
297 330
297 985
297 868
297 747
297 321
297 663
297 678
297 806
297 924
297 947
297 969
298 814
298 872
298 583
298 572
298 453
298 774
298 477
298 496
298 611
298 941
298 315
298 653
298 622
298 445
298 639
298 407
298 504
298 701
299 862
299 742
299 951
299 433
299 312
299 421
299 411
299 420
299 474
299 973
300 504
300 876
300 439
300 678
300 813
300 784
300 717
300 378
300 421
300 491
300 627
300 735
300 995
300 998
301 460
301 499
301 545
301 509
301 351
301 364
301 436
301 481
301 485
301 526
301 638
301 744
301 872
301 906
301 907
301 949
301 957
301 981
302 846
302 752
302 791
302 990
302 944
302 519
302 419
302 452
302 790
302 779
302 686
302 635
302 520
302 463
302 623
302 655
302 809
302 980
303 570
303 871
303 817
303 430
303 844
303 548
303 494
303 439
303 365
304 977
304 470
304 515
304 820
304 666
304 708
304 622
304 939
304 392
304 405
304 451
304 498
304 657
304 739
304 796
304 837
304 899
304 914
305 744
305 883
305 600
305 721
305 593
305 699
305 378
305 436
305 438
305 521
305 547
305 548
305 668
305 677
305 749
305 824
305 946
305 949
305 972
306 441
306 326
306 717
306 367
306 402
306 422
306 471
306 500
306 548
306 552
306 627
306 639
306 726
306 733
306 949
306 967
306 969
307 594
307 709
307 780
307 764
307 793
307 387
307 399
307 431
307 541
307 696
307 832
307 950
308 649
308 643
308 612
308 771
308 855
308 325
308 407
308 462
308 579
308 611
308 703
308 759
309 329
309 755
309 438
309 443
309 472
309 560
309 556
309 621
309 663
309 828
310 775
310 945
310 662
310 894
310 777
310 605
310 378
310 784
310 491
310 969
310 733
310 382
310 384
310 647
310 860
311 632
311 389
311 970
311 992
311 617
311 488
311 491
311 402
311 529
311 531
311 825
311 839
311 951
311 964
311 971
312 687
312 745
312 371
312 979
312 648
312 813
312 495
312 376
312 412
312 424
312 473
312 513
312 527
312 610
312 709
312 796
313 326
313 512
313 960
313 516
313 888
313 982
313 387
313 488
313 634
313 729
313 810
313 860
313 935
313 972
314 624
314 912
314 977
314 475
314 846
314 519
314 589
314 569
314 575
314 744
314 870
315 983
315 643
315 642
315 637
315 617
315 602
315 342
315 538
315 696
315 827
315 840
315 879
315 941
316 423
316 886
316 464
316 878
316 772
316 796
316 502
316 643
316 659
316 742
316 931
317 363
317 686
317 415
317 608
317 665
317 991
317 383
317 519
317 546
317 704
317 753
317 765
317 833
317 925
317 980
318 838
318 436
318 907
318 744
318 782
318 425
318 321
318 345
318 366
318 406
318 459
318 503
318 698
318 755
318 783
318 866
318 883
319 672
319 419
319 585
319 831
319 357
319 737
319 571
319 582
319 901
319 912
319 950
320 665
320 696
320 385
320 374
320 569
320 901
320 835
320 387
320 547
320 660
320 804
321 716
321 864
321 729
321 344
321 416
321 655
321 810
321 634
321 439
321 644
321 469
321 513
321 747
321 512
321 725
321 761
321 913
322 750
322 795
322 744
322 981
322 429
322 614
322 705
322 943
322 999
323 683
323 807
323 843
323 744
323 396
323 361
323 811
323 993
323 777
323 368
323 443
323 490
323 630
323 842
323 884
323 906
323 932
324 797
324 567
324 993
324 761
324 335
324 743
324 605
324 972
324 495
324 737
324 381
324 411
324 466
324 617
324 671
325 897
325 920
325 572
325 416
325 454
325 505
325 573
325 620
325 659
325 864
326 428
326 865
326 851
326 606
326 972
326 658
326 531
326 876
326 540
326 386
326 527
326 548
326 602
326 678
326 738
326 761
326 942
326 985
327 509
327 838
327 951
327 345
327 370
327 503
327 614
327 625
327 744
327 913
327 920
327 931
328 675
328 336
328 380
328 861
328 670
328 822
328 704
328 732
328 337
328 626
328 573
328 665
328 571
328 941
328 642
328 818
328 580
328 661
328 722
329 353
329 802
329 863
329 613
329 755
329 854
329 610
329 487
329 851
329 690
329 876
329 508
329 650
329 683
329 859
329 986
330 715
330 803
330 528
330 609
330 939
330 877
330 747
330 738
330 565
330 615
330 855
330 377
330 522
330 561
330 665
330 676
330 678
330 868
330 975
331 593
331 808
331 657
331 349
331 645
331 757
331 417
331 365
331 338
331 426
331 480
331 583
331 701
332 935
332 420
332 403
332 421
332 586
332 625
332 844
332 973
332 992
333 511
333 716
333 408
333 469
333 502
333 633
333 848
333 871
333 962
334 795
334 472
334 958
334 432
334 688
334 499
334 486
334 745
334 526
334 875
334 638
334 744
334 929
334 955
335 805
335 347
335 365
335 951
335 362
335 394
335 668
335 815
335 882
335 924
335 972
336 940
336 922
336 903
336 415
336 435
336 440
336 447
336 585
336 827
336 977
337 809
337 534
337 598
337 861
337 589
337 761
337 468
337 535
337 580
337 584
337 858
337 922
337 966
338 432
338 621
338 418
338 357
338 428
338 426
338 994
338 833
338 553
338 400
338 629
338 796
338 879
338 973
339 592
339 362
339 420
339 421
339 602
339 617
339 648
339 857
339 913
339 972
340 859
340 847
340 783
340 465
340 691
340 650
340 684
340 398
340 345
340 614
340 442
340 767
340 996
340 744
340 694
340 463
340 473
340 607
340 698
340 863
341 744
341 467
341 847
341 727
341 734
341 997
341 485
341 681
341 564
341 682
341 858
342 837
342 763
342 397
342 680
342 628
342 742
342 886
342 774
342 412
342 899
342 878
342 383
342 612
342 629
342 657
342 770
342 871
342 928
342 983
343 642
343 619
343 877
343 761
343 377
343 408
343 474
343 522
343 637
343 717
343 839
343 887
343 970
343 972
344 990
344 626
344 507
344 946
344 592
344 825
344 992
344 937
344 369
344 384
344 512
344 803
345 662
345 744
345 564
345 449
345 894
345 824
345 692
345 657
345 404
345 448
345 526
345 551
345 650
345 670
345 721
345 918
345 996
346 667
346 426
346 911
346 967
346 834
346 880
346 690
346 362
346 412
346 560
346 864
347 734
347 636
347 514
347 421
347 376
347 378
347 528
347 947
347 963
348 907
348 436
348 858
348 952
348 693
348 364
348 352
348 353
348 536
348 659
348 698
348 705
348 744
348 884
349 571
349 656
349 629
349 464
349 350
349 773
349 785
349 407
349 473
349 496
349 643
349 737
349 879
349 880
349 920
350 777
350 432
350 931
350 572
350 724
350 407
350 457
350 478
350 409
350 427
350 538
350 553
350 630
350 635
350 646
350 656
350 719
350 751
350 840
350 864
350 927
350 962
351 799
351 613
351 914
351 599
351 443
351 448
351 744
351 866
351 955
352 681
352 744
352 668
352 961
352 450
352 684
352 908
352 439
352 526
352 682
352 717
352 749
352 914
352 981
353 767
353 406
353 485
353 518
353 689
353 705
353 957
354 914
354 755
354 533
354 443
354 465
354 567
354 434
354 429
354 811
355 442
355 773
355 959
355 462
355 720
355 837
355 962
355 446
355 710
355 703
355 679
355 796
355 405
355 407
355 744
355 772
356 645
356 574
356 852
356 931
356 511
356 685
356 885
357 640
357 723
357 462
357 583
357 359
357 572
357 911
357 886
357 948
357 577
357 407
357 505
357 552
358 669
358 934
358 846
358 797
358 582
358 915
358 372
358 497
358 558
358 675
358 744
358 792
358 890
359 958
359 599
359 759
359 428
359 553
359 648
359 427
359 538
359 629
359 808
359 878
360 601
360 410
360 884
360 838
360 406
360 429
361 950
361 734
361 961
361 600
361 683
361 491
361 525
361 781
361 943
361 981
362 449
362 927
362 897
362 619
362 989
362 543
362 595
362 522
362 367
362 888
362 733
362 524
362 975
362 527
362 998
362 501
362 514
362 747
362 813
363 468
363 687
363 470
363 435
363 447
363 589
363 695
363 715
363 799
363 822
363 870
363 921
363 978
364 829
364 537
364 436
364 843
364 894
364 578
364 396
364 410
364 459
364 682
364 694
364 721
364 819
364 918
364 919
364 949
365 716
365 421
365 473
365 868
365 532
365 882
365 746
365 889
365 502
365 542
365 580
365 590
365 673
365 744
365 812
365 884
365 913
365 964
365 973
366 684
366 551
366 734
366 429
366 744
366 487
366 906
366 918
367 925
367 825
367 729
367 617
367 532
367 605
367 815
367 812
367 655
367 869
367 845
367 414
367 813
367 860
367 947
367 973
368 744
368 967
368 674
368 987
368 611
368 840
368 701
368 837
368 785
368 504
368 573
368 751
368 872
368 897
368 899
369 566
369 525
369 673
369 663
369 701
369 612
369 837
369 820
369 982
369 680
369 774
370 482
370 693
370 481
370 638
370 801
370 470
370 914
370 941
370 428
370 637
370 398
370 438
370 450
370 705
370 744
370 860
370 943
370 952
370 993
371 914
371 929
371 490
371 821
371 802
371 404
371 952
371 823
371 895
371 472
371 887
371 396
371 460
371 525
371 752
371 993
372 475
372 385
372 419
372 891
372 832
372 609
372 373
372 444
372 640
372 836
372 950
373 616
373 492
373 489
373 374
373 979
373 992
373 816
373 922
374 752
374 800
374 608
374 435
374 452
374 665
374 687
374 766
374 904
374 908
374 909
374 922
374 944
375 821
375 968
375 458
375 975
375 841
375 501
375 960
375 408
375 421
375 452
375 474
375 483
375 602
375 615
375 744
375 806
375 936
376 782
376 621
376 516
376 845
376 458
376 905
376 542
376 377
376 411
376 439
376 483
376 532
376 634
376 639
376 668
376 788
376 860
376 964
376 972
377 740
377 732
377 842
377 514
377 747
377 969
377 586
377 565
377 726
377 408
377 411
377 483
377 522
377 871
377 896
377 972
378 970
378 788
378 845
378 433
378 509
378 551
378 586
378 618
378 707
378 776
378 798
378 812
378 889
378 933
378 972
379 468
379 823
379 392
379 394
379 446
379 538
379 673
379 827
380 537
380 903
380 475
380 510
380 585
380 699
380 766
380 797
380 822
380 867
380 870
380 901
380 942
381 541
381 410
381 802
381 789
381 486
381 396
381 744
381 621
381 705
381 858
381 908
382 856
382 555
382 799
382 862
382 435
382 953
382 832
382 624
382 859
382 568
382 623
382 667
382 904
382 942
382 980
383 745
383 434
383 645
383 773
383 882
383 995
383 414
383 729
383 982
383 495
383 839
383 817
383 424
383 494
383 582
383 712
383 758
383 762
383 989
384 442
384 577
384 747
384 633
384 960
384 875
384 644
384 869
384 447
384 456
384 704
384 936
384 973
385 497
385 978
385 519
385 431
385 452
385 966
385 523
385 723
385 796
385 918
385 923
385 985
386 767
386 408
386 512
386 730
386 405
386 514
386 559
386 634
386 637
386 678
386 712
386 788
386 972
387 822
387 758
387 537
387 709
387 760
387 766
387 930
388 540
388 637
388 869
388 512
388 887
388 565
388 577
388 648
388 733
388 855
388 882
388 935
389 614
389 566
389 705
389 744
389 448
389 493
389 526
389 681
389 735
389 745
389 755
389 814
389 875
390 399
390 670
390 667
390 778
390 755
390 537
390 581
390 715
390 792
390 883
390 947
391 567
391 457
391 878
391 418
391 864
391 478
391 959
392 931
392 417
392 666
392 645
392 504
392 546
392 579
392 724
393 660
393 744
393 547
393 958
393 518
393 599
393 593
393 863
393 986
393 676
393 406
393 444
393 575
393 654
394 840
394 400
394 673
394 680
394 834
394 893
394 469
394 813
394 553
395 599
395 873
395 996
395 442
395 744
395 546
395 565
395 459
395 460
395 467
395 681
395 727
395 751
396 915
396 508
396 526
396 744
396 410
396 421
396 578
396 591
396 976
397 914
397 878
397 837
397 445
397 412
397 427
397 451
397 502
397 706
397 748
397 892
398 997
398 526
398 463
398 908
398 867
398 450
398 744
398 410
398 689
398 858
398 988
399 632
399 575
399 640
399 573
399 541
399 664
399 740
399 760
400 775
400 872
400 759
400 983
400 405
400 451
400 612
400 660
400 805
400 837
400 844
400 845
400 920
401 549
401 594
401 752
401 589
401 669
401 950
401 977
401 891
401 527
401 714
401 715
401 747
401 753
401 780
402 856
402 552
402 474
402 658
402 615
402 865
402 495
402 947
402 618
402 999
402 416
402 722
402 784
402 857
402 964
403 806
403 992
403 644
403 964
404 520
404 556
404 499
404 744
404 873
404 682
404 689
404 488
404 414
404 533
404 607
404 684
404 946
405 598
405 755
405 694
405 438
405 952
405 859
405 517
405 628
405 496
405 597
405 865
406 409
406 745
406 744
406 793
406 591
406 907
406 434
406 755
406 910
406 607
406 689
406 559
406 877
406 459
406 547
406 997
407 482
407 490
407 418
407 885
407 697
407 805
407 886
407 735
407 620
407 927
407 962
407 968
408 582
408 897
408 819
408 845
408 887
408 982
408 609
408 717
408 862
409 467
409 754
409 745
409 958
409 859
409 880
409 466
409 521
409 744
409 751
409 778
409 866
410 613
410 755
410 741
410 689
410 821
410 842
410 848
411 414
411 810
411 738
411 488
411 975
411 788
411 926
411 630
411 875
411 655
411 746
411 844
411 877
411 939
411 955
411 998
412 498
412 604
412 716
412 770
412 464
412 969
412 855
412 495
412 453
412 895
412 902
413 775
413 832
413 415
413 463
413 675
413 866
413 921
414 924
414 634
414 531
414 655
414 559
414 630
414 422
414 461
414 565
415 990
415 665
415 597
415 447
415 764
415 769
415 779
416 460
416 424
416 644
416 473
416 522
416 540
416 738
416 798
416 939
416 970
416 973
416 998
417 553
417 515
417 663
417 974
417 552
417 627
417 738
417 496
417 582
417 597
417 673
417 674
417 731
417 796
417 834
417 927
417 996
418 952
418 702
418 453
418 457
418 511
418 579
418 583
418 704
418 731
418 736
418 759
418 899
419 870
419 549
419 482
419 632
419 448
419 454
419 440
419 492
419 569
419 575
419 722
419 732
419 740
419 752
419 813
419 942
420 949
420 865
420 743
420 815
420 788
420 803
420 969
420 618
420 494
420 439
420 461
420 469
420 589
420 729
420 876
420 972
420 973
421 999
421 926
421 869
421 479
421 648
421 718
421 844
421 913
422 589
422 936
422 992
422 717
422 889
422 817
422 738
422 512
422 975
422 768
422 559
422 905
422 565
422 527
422 658
422 678
422 747
422 909
423 460
423 588
423 427
423 464
423 643
423 665
423 719
423 843
423 872
423 925
423 972
424 992
424 522
424 644
424 590
424 602
424 657
424 783
425 662
425 755
425 898
425 777
425 744
425 961
425 481
425 999
425 438
425 802
425 841
425 884
425 915
425 952
426 486
426 673
426 455
426 546
426 428
426 446
426 920
426 788
426 538
426 646
426 657
427 826
427 645
427 878
428 679
428 834
428 697
428 502
428 685
428 935
428 480
428 620
428 628
428 666
428 830
428 920
428 962
429 582
429 449
429 754
429 801
429 499
429 811
429 906
429 570
429 547
429 713
429 639
429 798
429 508
429 684
429 744
429 978
429 988
430 906
430 972
430 464
430 516
430 531
430 633
430 926
431 896
431 826
431 978
431 435
431 510
431 543
431 599
431 626
431 664
431 669
431 809
431 966
432 906
432 823
432 744
432 607
432 509
432 863
432 564
432 570
432 587
432 668
432 802
432 811
432 850
432 918
432 957
433 632
433 592
433 676
433 889
433 743
433 960
433 849
433 605
433 979
433 598
433 639
433 878
433 972
433 998
434 744
434 895
434 566
434 756
434 906
434 747
434 473
434 536
434 614
434 693
434 705
434 842
434 901
434 908
435 940
435 715
435 797
435 769
435 978
435 829
435 555
435 816
435 557
435 471
435 443
435 461
435 584
435 654
435 695
435 794
435 890
436 830
436 843
436 744
436 463
436 894
437 744
437 763
437 974
437 461
437 530
437 538
437 646
437 864
438 593
438 881
438 693
438 744
438 614
438 993
438 639
438 550
438 508
438 509
438 787
438 843
438 908
438 954
439 811
439 606
439 810
439 746
439 803
439 467
439 717
440 791
440 584
440 977
440 497
440 888
440 626
440 664
440 665
440 944
440 945
441 575
441 826
441 662
441 563
441 596
441 497
441 510
441 616
441 687
441 704
441 780
441 790
441 984
442 908
442 449
442 505
442 613
442 705
442 993
443 755
443 814
443 744
443 560
443 533
443 868
443 741
443 773
443 806
443 955
444 534
444 482
444 709
444 497
444 542
445 885
445 983
445 502
445 948
445 622
445 458
445 498
445 515
445 553
445 574
445 611
445 667
445 852
445 941
445 967
446 994
446 679
446 674
446 719
446 747
446 726
446 453
446 462
446 671
446 736
446 856
446 959
447 709
447 563
447 925
447 700
447 755
447 829
448 993
448 470
448 486
448 767
448 795
448 893
448 477
448 625
448 744
448 755
448 873
449 791
449 848
449 873
449 795
449 744
449 694
449 915
449 485
449 958
449 509
449 536
449 547
449 597
449 677
449 727
449 802
449 902
449 938
450 635
450 668
450 830
450 506
450 462
450 474
450 533
450 677
450 981
451 499
451 736
451 911
451 893
451 728
451 855
451 622
451 659
451 663
451 972
451 974
452 581
452 779
452 732
452 549
452 555
452 765
452 769
452 928
453 927
453 833
453 902
453 673
453 959
453 970
453 457
453 552
453 579
453 737
453 820
453 892
454 666
454 504
454 708
454 808
454 872
454 480
454 517
454 546
454 962
454 979
455 679
455 663
455 703
455 628
455 719
455 646
455 743
455 495
455 504
455 717
455 763
455 983
456 590
456 817
456 729
456 639
456 461
456 951
456 565
456 586
456 602
456 924
457 515
457 478
457 716
457 611
457 548
457 552
457 583
457 640
457 663
457 740
458 886
458 998
458 516
458 647
458 473
458 644
458 595
458 676
458 768
458 798
458 803
458 960
459 485
459 508
459 949
459 684
459 570
459 545
459 574
459 824
460 829
460 649
460 912
460 608
460 693
460 907
460 467
460 499
460 996
460 961
460 755
460 795
460 828
460 848
460 954
460 986
461 548
461 972
461 819
461 605
461 761
461 869
462 674
462 785
462 679
462 517
462 994
462 553
462 899
463 957
463 713
463 556
463 588
463 560
463 677
463 531
463 610
463 744
463 824
463 858
464 656
464 759
464 595
465 481
465 509
465 600
465 648
465 691
465 727
465 740
465 744
465 789
465 929
465 946
466 586
466 726
466 947
466 540
466 576
466 587
466 730
466 733
466 865
467 890
467 545
467 591
467 744
467 600
467 910
467 750
467 698
467 607
467 596
467 610
467 650
467 811
467 895
467 918
468 706
468 582
468 636
468 541
468 555
468 709
468 753
468 769
468 791
468 891
468 928
468 940
468 945
469 820
469 710
469 602
469 690
469 726
469 483
469 516
469 561
469 605
469 676
469 747
469 813
469 871
469 919
469 926
469 937
469 947
469 972
470 767
470 526
470 472
470 777
470 536
470 681
470 684
470 713
470 719
470 782
470 811
470 895
470 938
470 943
471 826
471 594
471 575
471 656
471 956
471 790
471 675
471 884
471 840
471 565
471 491
471 836
472 777
472 503
472 801
472 881
472 551
472 607
472 770
472 478
472 654
472 689
472 725
472 744
472 776
472 811
472 996
473 673
473 746
473 726
473 634
473 529
473 761
473 860
473 964
474 853
474 997
474 702
474 559
474 532
474 658
474 733
474 788
474 527
474 796
474 971
474 972
475 573
475 609
475 617
475 729
475 481
475 632
475 675
475 794
475 911
475 928
475 940
475 969
476 723
476 687
476 686
476 704
476 588
476 894
476 582
476 611
476 623
476 647
476 664
476 769
476 853
476 990
477 578
477 755
477 785
477 724
477 670
477 886
477 897
478 498
478 496
478 629
478 480
478 481
478 563
478 666
478 763
478 813
478 827
478 852
478 885
478 897
478 920
478 931
478 987
478 995
479 509
479 798
479 806
479 717
479 875
479 733
479 531
479 631
479 639
479 860
479 933
479 947
479 960
479 999
480 629
480 622
480 620
480 546
480 579
480 784
480 498
480 673
480 864
481 535
481 821
481 564
481 808
481 842
481 883
481 961
482 832
482 904
482 870
482 891
482 641
482 834
482 568
482 656
482 687
482 696
482 714
482 972
483 695
483 514
483 924
483 634
483 839
483 939
484 571
484 755
484 866
484 521
484 564
484 691
484 908
485 613
485 744
485 600
485 996
485 854
485 858
485 895
486 790
486 525
486 621
486 570
486 626
486 785
486 905
486 906
486 949
486 955
487 544
487 795
487 744
487 997
487 694
487 547
487 566
487 665
487 910
487 981
488 888
488 919
488 531
488 648
488 690
488 882
489 519
489 585
489 507
489 618
489 887
489 490
489 624
489 716
489 732
489 797
489 804
489 807
489 870
489 912
489 966
489 991
490 744
490 721
490 915
490 873
490 688
490 609
490 558
490 614
490 755
490 770
490 776
490 888
490 914
490 981
491 527
491 627
491 936
491 500
491 548
491 602
491 605
491 817
491 960
491 972
492 853
492 598
492 950
492 984
492 931
492 497
492 585
492 610
492 686
492 696
492 706
492 831
492 956
492 965
493 965
493 658
493 972
493 516
493 637
493 784
493 801
493 909
494 851
494 590
494 919
494 825
494 531
495 630
495 559
495 936
495 868
495 639
495 963
495 550
495 581
495 633
495 718
495 815
495 841
495 972
495 980
496 505
496 716
496 744
496 759
496 903
496 974
496 983
497 780
497 856
497 940
497 861
497 585
497 950
497 519
497 502
497 642
497 648
497 730
497 769
497 942
497 956
498 581
498 660
498 878
498 699
498 703
498 724
498 538
498 951
498 530
498 600
498 674
498 864
498 968
499 624
499 684
499 943
499 560
499 599
499 682
499 744
499 764
499 824
499 867
499 952
499 998
500 753
500 661
500 744
500 502
500 592
500 540
500 619
500 933
500 798
500 522
500 548
500 553
500 577
500 747
500 761
501 618
501 523
501 633
501 733
501 770
501 812
501 844
501 849
501 972
501 979
501 982
502 626
502 525
502 987
502 674
502 911
502 511
502 878
502 805
502 827
503 551
503 509
503 955
503 744
503 588
503 681
503 684
503 731
503 848
503 943
504 907
504 927
504 604
504 860
504 941
505 833
505 987
505 719
505 546
505 673
505 744
505 751
505 892
506 578
506 525
506 755
507 846
507 954
507 811
507 744
507 838
507 527
507 745
507 778
507 946
508 632
508 698
508 705
508 707
508 767
508 802
508 807
508 829
508 918
509 568
509 793
509 932
509 744
509 727
509 987
509 648
509 564
509 597
509 762
509 906
510 623
510 594
510 582
510 696
510 780
510 765
510 537
510 565
510 809
510 977
511 748
511 679
511 642
511 739
511 604
511 553
511 673
511 855
511 666
511 834
511 885
512 979
512 889
512 519
512 561
512 562
512 564
512 605
512 738
512 768
512 784
512 845
512 860
512 887
512 992
512 998
513 744
513 646
513 647
513 587
513 559
513 548
513 798
513 529
513 550
513 738
513 926
513 957
514 520
514 590
514 810
514 619
514 648
514 865
514 524
514 969
514 522
514 516
514 732
514 762
514 882
515 808
515 674
515 967
515 720
515 962
515 579
515 597
515 603
515 604
515 607
515 736
515 839
516 744
516 597
516 876
516 819
516 882
516 762
516 803
516 971
516 615
516 634
516 832
516 905
516 941
516 989
517 659
517 941
517 936
517 965
517 733
517 542
517 550
517 674
517 719
517 773
517 782
518 533
518 916
518 847
518 682
518 780
519 656
519 696
519 980
519 632
519 523
519 735
519 616
519 664
519 675
519 711
519 853
519 904
519 978
519 999
520 799
520 534
520 594
520 623
520 649
520 816
520 837
521 641
521 814
521 526
521 875
521 538
521 607
521 650
521 682
521 688
521 692
521 694
521 754
521 850
521 866
521 938
522 951
522 647
522 540
522 565
522 812
522 888
522 926
522 969
522 972
523 573
523 791
523 779
523 835
523 700
523 723
523 764
523 662
523 568
523 819
523 537
523 790
523 990
524 951
524 555
524 587
524 595
524 678
524 784
524 802
524 972
525 554
525 777
525 693
525 688
526 996
526 558
526 681
526 692
526 744
526 821
526 838
526 943
526 997
527 729
527 615
527 973
527 552
527 567
527 595
527 747
527 810
527 887
527 926
527 947
528 804
528 793
528 546
528 999
528 729
528 810
528 655
528 529
528 602
528 995
529 801
529 992
529 819
529 590
529 768
529 562
529 972
530 642
530 620
530 603
530 572
530 948
530 697
530 983
530 729
530 646
530 774
530 837
530 974
530 993
531 818
531 551
531 561
531 615
531 647
531 785
531 813
532 735
532 587
532 690
532 860
532 995
533 564
533 744
533 698
533 551
533 854
534 667
534 822
534 626
534 922
534 663
534 794
534 829
534 853
535 816
535 856
535 758
535 853
535 652
535 727
535 688
535 594
535 608
535 742
535 863
535 922
535 940
535 966
535 990
536 744
536 567
536 915
536 894
536 554
536 795
536 907
536 884
536 725
536 793
536 954
536 789
536 638
536 647
536 689
536 701
536 828
536 918
537 740
537 797
537 764
537 649
537 608
537 623
537 700
537 980
538 579
538 708
538 885
538 833
538 886
538 889
538 855
538 546
538 659
538 710
539 954
539 567
539 795
539 600
539 554
539 918
539 946
539 564
539 547
539 593
539 663
539 781
539 938
540 952
540 969
540 999
540 631
540 630
540 813
540 851
540 972
540 617
540 565
540 818
540 924
540 985
541 942
541 723
541 779
541 641
541 766
541 842
541 793
541 700
541 740
541 753
541 792
541 953
542 663
542 639
542 549
543 762
543 841
543 963
543 999
544 635
544 769
544 744
544 579
544 640
544 766
544 791
544 805
544 853
544 951
545 824
545 843
545 589
545 603
545 633
545 741
545 744
545 847
545 996
546 697
546 911
546 808
546 645
546 671
546 708
546 562
546 803
546 744
546 770
547 997
547 688
547 560
547 777
547 866
547 854
547 915
548 653
548 729
548 617
548 815
548 998
548 982
548 972
548 577
548 562
548 751
548 963
549 594
549 843
549 648
549 608
549 769
549 925
550 905
550 876
550 851
550 565
550 605
550 644
550 762
550 865
550 930
550 939
550 964
551 823
551 961
551 908
551 651
551 850
551 707
551 744
551 867
551 938
552 650
552 597
552 772
552 872
552 702
552 659
552 572
552 618
552 620
552 770
552 834
552 852
552 899
553 884
553 837
553 697
553 674
553 920
553 879
553 739
553 864
553 808
553 701
553 604
553 774
553 797
553 820
554 694
554 556
554 560
554 692
554 693
554 741
554 811
554 828
555 568
555 903
555 740
555 891
555 699
555 800
555 890
555 956
556 952
556 613
556 744
556 754
557 765
557 832
557 608
557 797
557 569
557 587
557 695
557 704
557 732
557 804
557 917
557 925
557 928
557 980
558 783
558 824
558 595
558 693
558 884
558 918
559 584
559 814
559 768
559 841
559 637
559 728
559 812
559 819
559 919
559 972
559 978
560 804
560 744
560 682
560 996
560 570
560 994
560 565
560 671
560 702
560 731
560 750
560 781
560 838
560 859
561 563
561 912
561 728
561 738
561 869
561 817
561 636
561 562
561 947
562 784
562 819
562 746
562 939
562 972
563 715
563 903
563 672
563 987
564 566
564 801
564 688
564 754
564 755
564 782
564 910
565 656
565 730
565 711
565 819
565 951
565 806
565 595
565 618
565 627
565 746
565 841
566 705
566 727
566 725
566 610
566 787
566 692
566 754
566 755
566 767
566 839
566 959
567 830
567 721
567 916
567 610
567 681
567 755
567 842
567 906
567 927
568 896
568 809
568 571
568 638
568 797
568 862
568 889
569 668
569 678
569 575
569 677
569 701
569 795
569 829
569 836
569 897
569 944
570 585
570 744
570 898
570 787
570 707
570 668
570 828
571 675
571 923
571 652
571 804
571 662
571 637
571 581
571 792
571 797
571 799
571 831
572 852
572 620
572 900
572 720
572 629
572 679
572 719
572 748
572 751
572 848
573 661
573 758
573 780
573 797
573 858
573 870
573 896
573 928
573 953
574 886
574 770
574 611
574 972
574 597
574 604
574 699
574 701
574 837
574 864
574 935
575 760
575 584
575 990
575 582
575 670
575 696
575 723
575 901
575 925
575 934
575 971
576 990
576 722
576 925
576 875
576 584
576 704
576 742
576 923
576 966
577 790
577 880
577 877
577 999
577 607
577 618
577 637
577 711
577 806
577 889
577 934
578 744
578 734
578 610
578 651
578 961
579 899
579 900
579 699
579 604
579 685
579 716
579 871
579 747
579 774
579 893
579 987
580 856
580 991
580 934
580 984
580 715
580 896
580 623
580 940
580 928
580 980
580 584
580 760
580 942
581 977
581 582
581 652
581 738
582 950
582 980
582 608
582 590
582 670
582 715
582 881
582 944
583 906
583 642
583 827
583 612
583 931
583 897
583 871
583 606
583 748
584 635
584 714
584 792
584 739
584 606
584 646
584 660
584 667
584 675
584 790
584 794
584 942
585 660
585 950
585 991
585 672
585 714
585 732
585 799
585 856
585 978
586 615
586 860
586 803
586 960
586 655
586 877
586 998
587 615
587 730
587 874
587 860
587 658
587 887
587 818
587 905
587 683
587 868
588 677
588 750
588 807
588 756
588 958
588 880
588 695
588 707
588 744
588 811
589 670
589 797
589 598
589 999
589 632
589 665
589 712
589 829
589 891
590 903
590 823
590 784
590 718
590 844
590 854
590 972
590 985
591 929
591 689
591 916
591 755
591 858
591 908
592 823
592 761
592 617
592 634
592 717
592 963
592 973
593 859
593 744
593 952
593 628
593 600
593 601
593 681
593 755
593 842
593 907
593 916
593 924
594 945
594 934
594 791
594 991
594 686
594 831
594 616
594 752
594 775
594 816
594 853
595 929
595 630
595 970
595 992
595 615
595 875
595 887
595 936
596 744
596 910
596 802
596 811
596 821
596 913
596 957
596 995
596 996
597 752
597 657
597 893
597 771
597 808
597 879
597 739
597 773
597 871
597 987
598 856
598 672
598 904
598 661
598 686
598 714
598 758
598 766
598 861
598 920
599 859
599 783
599 689
599 793
599 929
599 945
599 957
599 961
600 791
600 683
600 802
600 601
600 823
600 677
600 744
600 755
600 759
600 898
600 968
601 744
601 651
601 881
601 894
601 988
602 830
602 936
602 969
602 818
602 655
602 712
602 733
602 744
602 924
602 937
603 807
603 739
603 653
603 697
603 962
603 604
603 757
603 770
603 994
604 701
604 666
604 893
604 646
605 815
605 730
605 744
605 761
605 806
605 876
606 652
606 847
606 784
606 647
606 718
606 738
606 810
606 885
606 972
606 982
606 995
607 700
607 707
607 682
607 778
607 993
607 750
607 918
608 786
608 917
608 689
608 624
608 662
608 675
608 740
608 791
608 797
608 832
608 853
608 862
608 906
608 942
609 796
609 735
609 919
609 845
609 972
609 631
609 869
609 963
609 995
610 754
610 957
610 783
610 744
610 771
610 727
610 881
610 906
611 774
611 805
611 885
611 685
611 900
611 820
611 646
611 987
611 972
611 628
611 744
611 962
612 649
612 986
612 994
613 906
613 694
613 986
614 956
614 824
614 946
614 755
615 989
615 845
615 969
615 637
615 659
615 888
615 947
615 972
616 664
616 632
616 704
616 970
616 815
616 714
617 729
617 935
617 633
617 930
617 933
617 972
618 733
618 919
618 768
619 972
619 735
619 876
619 733
619 690
619 857
619 634
619 651
619 782
619 919
619 939
620 879
620 885
620 840
621 932
621 651
621 916
621 642
621 650
621 756
621 781
622 769
622 739
622 653
622 716
622 770
622 941
622 871
622 680
622 710
622 840
622 943
623 660
623 928
623 953
623 632
623 822
624 944
624 662
624 797
624 661
624 804
624 934
624 635
624 667
624 714
624 753
624 765
624 799
624 846
624 942
625 744
625 955
625 693
625 676
625 750
625 926
626 649
626 758
626 792
626 669
626 695
626 794
626 900
626 977
627 797
627 917
627 811
627 653
627 969
627 909
627 639
627 738
627 855
627 965
627 630
628 704
628 759
628 899
628 996
629 934
629 727
629 671
629 967
629 702
630 823
630 892
630 631
630 647
630 817
630 825
630 849
630 874
630 951
630 972
631 889
631 803
631 637
631 711
631 913
631 964
632 769
632 744
632 995
632 656
632 758
632 822
632 925
633 800
633 680
633 985
633 889
633 935
633 909
633 988
634 979
634 999
634 798
634 726
634 762
634 809
635 732
635 637
635 706
635 760
635 766
635 770
635 835
636 735
636 658
636 810
636 876
636 967
637 744
637 875
637 972
637 825
637 712
637 644
637 753
637 844
637 962
637 970
637 977
638 776
638 910
638 734
638 689
638 691
638 693
638 713
638 744
638 778
638 781
638 881
638 981
639 644
639 889
639 937
639 718
639 845
639 874
639 969
639 982
640 953
640 740
640 791
640 870
640 662
640 816
640 961
640 965
640 657
640 719
640 758
640 934
641 990
641 722
641 804
642 662
642 679
643 962
643 666
643 892
643 934
644 690
644 975
644 648
644 936
645 771
645 820
645 648
646 744
646 864
646 731
646 663
646 683
646 833
646 911
646 948
646 959
647 901
647 744
647 888
647 905
647 998
647 706
647 746
647 876
647 919
647 970
647 972
648 972
648 718
648 730
648 882
649 923
649 921
649 791
649 672
649 656
649 723
649 680
649 744
649 780
649 786
649 821
649 846
649 977
650 991
650 654
650 910
650 908
650 830
650 744
650 727
650 688
650 988
650 705
651 744
651 938
651 689
651 811
651 821
652 832
652 912
652 915
652 690
652 654
652 664
652 695
652 709
652 944
652 971
652 991
653 659
653 757
653 748
653 763
653 879
654 778
654 744
654 935
654 725
654 730
654 741
654 777
654 957
655 973
655 694
655 718
655 720
655 746
655 775
655 874
655 889
655 972
655 989
656 709
656 846
656 984
657 744
657 962
657 703
657 860
657 771
657 885
657 896
657 976
658 817
658 939
658 979
659 927
659 941
659 774
659 708
659 845
659 744
659 751
659 759
659 931
660 695
660 848
660 678
660 797
660 800
660 904
660 942
661 722
661 753
661 862
661 984
661 835
661 764
661 706
661 700
661 836
661 891
661 956
661 796
661 684
661 797
662 780
662 704
662 792
662 687
662 759
662 890
662 953
663 744
663 959
663 852
663 692
663 716
663 834
663 872
663 882
663 965
663 967
664 904
664 862
664 722
664 753
664 880
664 925
664 940
665 686
665 740
665 669
665 949
665 995
665 797
665 829
665 866
666 805
666 766
666 941
667 753
667 923
667 700
667 921
667 917
667 993
667 684
667 786
667 790
667 816
667 846
667 870
668 715
668 725
668 744
668 756
668 768
668 838
668 845
669 925
669 832
669 773
669 687
669 780
669 853
669 912
669 917
670 675
670 686
670 740
670 854
670 870
670 921
671 697
671 731
671 739
671 770
671 983
672 764
672 950
672 925
672 966
672 912
672 957
672 793
672 752
672 779
673 785
673 834
673 887
673 749
673 899
674 918
674 911
674 886
674 900
674 751
674 840
674 945
675 826
675 829
675 808
675 713
675 759
675 816
675 836
676 711
676 849
677 776
677 867
677 744
677 906
677 783
677 915
677 943
678 794
678 979
678 860
678 970
678 818
678 964
679 768
679 796
679 943
679 995
680 928
680 774
680 902
680 893
680 927
680 983
680 764
680 767
681 744
681 750
681 894
681 830
681 823
681 916
681 741
681 867
681 908
682 866
682 744
682 976
682 814
682 948
682 689
682 701
682 914
683 706
683 918
683 767
683 744
683 756
683 758
683 943
684 988
684 929
684 705
684 707
684 873
685 808
685 844
685 867
685 913
686 799
686 760
686 978
686 816
686 861
686 891
686 971
686 977
687 752
687 706
687 896
687 735
687 709
687 732
687 753
687 773
687 775
687 790
688 698
688 777
688 847
688 854
688 907
689 866
689 898
689 985
689 798
689 694
689 725
689 744
689 778
689 848
689 881
689 929
690 847
690 812
690 897
690 913
690 937
691 698
691 744
691 858
691 866
691 907
691 910
692 908
692 713
692 949
692 750
692 767
692 744
692 754
692 763
692 795
692 821
692 964
693 744
693 823
693 906
694 863
694 744
694 750
694 790
694 884
694 917
695 862
695 764
695 770
695 905
695 977
695 999
696 799
696 715
696 853
696 942
696 988
697 898
697 900
697 719
697 710
697 871
697 976
698 804
698 821
698 838
698 744
698 783
698 949
699 900
699 834
699 839
700 706
700 714
700 856
700 896
700 990
700 760
700 791
700 953
700 984
701 899
701 763
701 948
702 704
702 708
702 703
702 739
702 772
702 808
702 941
702 962
702 972
703 852
704 912
704 722
704 764
704 780
704 896
704 921
704 978
705 795
705 894
705 755
705 976
705 744
705 858
705 734
705 708
705 863
706 786
706 891
706 904
706 893
706 765
706 792
707 942
707 728
707 713
707 741
707 744
707 781
707 979
707 986
708 796
709 940
709 775
709 977
709 752
709 878
709 739
709 868
709 875
709 887
709 930
710 884
710 773
710 796
710 897
711 933
711 726
711 875
711 947
711 992
711 926
711 746
711 729
711 768
711 939
711 964
712 975
712 857
712 738
712 875
713 750
713 744
713 777
713 989
714 953
714 835
714 861
714 923
714 977
715 769
715 760
715 794
715 811
715 831
715 921
715 966
715 977
716 731
716 837
716 879
716 895
717 940
717 909
717 813
717 851
717 982
717 743
717 888
717 958
718 803
718 844
718 785
718 995
719 739
719 759
719 785
719 852
719 879
719 911
720 753
720 811
720 802
720 772
720 937
720 757
720 974
721 777
721 744
721 803
721 781
721 823
721 827
721 858
721 993
722 732
722 790
722 956
722 924
722 984
723 980
723 990
723 930
723 780
723 798
723 822
723 829
723 945
724 916
724 733
724 770
724 878
725 957
725 927
725 744
725 807
725 808
725 854
725 883
726 912
726 731
726 768
726 743
726 784
726 965
726 737
726 803
726 948
726 963
727 755
727 750
727 981
727 759
727 920
728 874
728 970
728 905
728 869
728 778
728 936
728 946
729 902
729 882
729 965
729 815
729 759
729 854
729 865
729 975
730 839
730 975
730 874
730 875
730 947
730 979
731 885
731 796
731 756
731 871
732 912
732 800
732 944
732 779
732 904
732 922
733 839
733 738
733 845
733 762
733 768
733 819
733 834
733 915
734 811
734 894
734 744
734 875
734 880
734 958
735 989
735 841
735 889
735 935
735 972
736 940
736 742
736 773
736 763
737 738
737 788
737 803
737 841
737 857
737 889
738 817
738 855
738 999
738 960
738 869
738 972
739 900
739 834
739 774
739 879
740 836
740 835
741 898
741 777
741 958
741 745
741 979
741 744
741 789
741 894
741 938
742 871
742 771
742 744
742 770
742 876
743 845
743 882
743 983
744 766
744 853
744 764
744 923
744 750
744 843
744 854
744 789
744 867
744 954
744 884
744 938
744 895
744 952
744 866
744 767
744 842
744 986
744 782
744 894
744 795
744 776
744 997
744 807
744 824
744 811
744 916
744 756
744 873
744 910
744 976
744 754
744 838
744 801
744 850
744 929
744 872
744 774
744 982
744 972
744 819
744 755
744 772
744 783
744 787
744 802
744 813
744 821
744 823
744 830
744 844
744 847
744 848
744 858
744 862
744 870
744 875
744 881
744 882
744 883
744 898
744 905
744 907
744 913
744 914
744 915
744 918
744 935
744 943
744 945
744 946
744 949
744 957
744 958
744 961
744 965
744 981
744 988
744 996
745 881
745 975
745 754
745 837
746 851
746 818
746 971
746 865
746 849
747 963
748 940
748 878
748 987
748 857
748 887
749 954
749 754
749 782
749 932
750 946
750 828
750 907
750 943
750 996
751 940
751 920
751 770
751 880
751 899
751 815
752 917
752 809
753 925
753 775
753 956
753 830
753 803
753 797
753 880
753 923
754 777
754 958
754 756
754 867
754 881
754 895
754 910
755 830
755 787
755 916
755 883
755 848
755 762
755 781
755 850
755 853
755 863
755 929
755 935
755 955
755 986
755 997
756 787
756 884
756 793
756 801
756 768
756 776
756 811
757 987
757 820
757 879
757 941
757 962
757 978
758 760
758 786
758 826
758 890
758 925
759 836
759 915
759 893
759 886
759 897
759 948
760 835
760 912
760 870
760 980
760 792
760 904
761 972
761 975
761 887
761 860
761 877
761 924
762 919
762 825
762 887
762 817
762 889
762 988
763 893
763 880
763 887
763 796
763 892
763 931
764 922
764 853
764 858
764 832
764 835
765 959
765 816
766 901
766 821
766 904
766 980
767 961
767 842
767 787
767 776
767 858
767 937
768 807
768 970
768 972
768 979
769 896
769 822
769 878
769 912
770 927
770 774
770 834
770 840
770 908
771 948
771 972
771 897
771 983
772 983
772 968
772 897
772 902
772 964
773 836
773 852
773 927
773 880
773 864
773 897
773 776
773 840
773 850
773 974
774 785
774 872
774 880
775 853
775 925
775 816
775 921
775 940
775 953
776 929
776 962
776 988
777 811
777 898
777 943
777 961
778 807
778 986
778 946
778 846
778 854
778 957
779 930
779 866
779 990
780 903
780 872
780 944
780 950
781 930
781 907
781 986
781 958
781 914
782 988
782 908
782 807
782 823
783 958
783 908
783 981
784 903
784 939
784 972
784 817
784 974
784 979
784 995
784 998
785 959
785 951
785 810
785 817
785 941
785 964
786 791
786 870
786 904
787 814
787 843
788 985
788 875
788 800
789 795
789 895
789 904
790 990
790 836
790 956
790 922
791 861
791 997
791 853
791 887
791 904
791 947
792 991
792 956
792 980
792 838
792 799
792 835
792 865
792 917
793 821
793 873
793 895
793 841
793 866
793 993
794 816
794 978
794 870
794 804
794 826
794 853
794 984
795 797
796 902
796 941
796 834
797 891
797 938
797 804
798 806
798 813
798 839
798 882
798 947
799 991
799 901
799 888
799 915
800 890
800 940
800 984
801 894
801 811
801 881
801 897
801 938
801 955
802 942
802 946
802 838
802 814
802 828
803 856
803 936
804 826
804 836
804 903
804 925
804 931
805 834
805 864
805 933
806 984
806 985
806 865
806 972
807 823
807 830
808 837
808 820
808 838
808 897
808 917
809 966
809 836
809 922
809 930
809 950
810 937
810 888
810 845
810 855
810 989
811 863
811 866
811 885
811 916
812 975
812 972
812 855
812 985
813 911
813 926
813 845
813 815
813 985
814 867
814 946
814 884
815 969
815 979
815 887
815 989
815 825
815 914
815 935
815 992
816 829
816 991
817 971
817 888
817 860
817 855
818 859
818 972
819 933
819 889
819 911
819 961
819 972
820 967
820 911
820 899
820 959
820 987
821 863
821 922
822 921
823 896
823 907
823 958
823 915
823 908
823 847
823 850
823 952
824 894
824 841
824 844
824 884
825 860
825 970
825 865
825 874
825 988
826 856
826 870
826 923
827 959
827 864
827 895
828 854
828 972
828 986
829 835
829 921
829 925
829 870
830 989
831 867
831 891
831 893
832 856
832 863
832 870
832 917
832 921
833 911
833 974
834 931
834 920
835 921
835 991
836 977
836 919
836 839
836 925
837 920
837 885
837 974
838 952
838 988
838 916
838 881
838 889
838 914
838 918
839 863
839 935
839 876
840 911
840 893
840 904
841 951
841 995
841 972
841 857
841 919
841 920
841 928
841 968
841 975
842 938
842 997
842 954
843 858
843 986
844 889
844 973
844 845
844 972
844 947
844 949
844 964
845 975
846 928
846 862
847 988
847 986
848 850
848 894
848 946
848 997
849 855
849 979
849 972
849 857
849 865
849 919
850 907
850 910
850 996
851 970
851 853
851 888
851 917
851 936
851 960
851 992
852 880
852 902
853 922
853 942
854 980
854 918
854 894
854 984
854 986
855 888
855 965
855 989
855 869
855 924
856 991
856 891
856 912
856 944
857 909
857 972
857 868
857 913
857 919
857 973
858 961
859 908
859 863
859 918
859 943
860 875
860 982
861 950
861 980
861 961
862 979
863 915
863 910
864 879
864 897
864 927
865 888
865 869
865 937
865 969
866 986
866 916
867 976
868 972
869 882
869 887
869 889
869 947
869 965
869 972
869 985
869 998
870 922
870 921
870 923
870 942
871 983
872 897
872 892
872 899
872 959
873 981
873 888
874 972
874 877
875 919
875 935
876 926
876 933
876 936
877 907
877 960
877 975
878 920
878 974
879 911
879 927
879 987
879 910
880 906
881 894
881 955
883 954
884 949
885 948
885 971
885 974
886 933
886 959
888 972
888 989
888 941
888 960
888 971
889 925
889 999
890 923
890 921
890 945
891 962
891 922
891 984
893 899
894 955
895 918
896 945
896 901
897 983
898 954
898 936
898 906
899 931
900 902
900 931
901 942
901 912
901 922
902 968
903 917
903 922
903 990
905 992
905 939
905 989
906 961
906 918
906 957
907 916
908 919
908 914
909 935
909 975
909 989
910 976
911 987
912 989
912 914
912 917
912 942
913 951
913 936
916 988
916 993
916 938
917 990
917 985
918 949
918 966
919 979
921 922
922 923
923 978
923 940
923 953
924 982
924 960
924 926
925 966
925 940
926 983
927 959
928 973
929 994
930 984
930 934
930 950
931 994
933 939
933 947
934 944
934 977
935 971
935 969
935 972
935 975
935 991
936 971
937 947
939 947
939 972
940 944
940 990
941 987
941 983
942 966
942 984
945 977
946 997
946 988
947 965
947 971
947 972
948 952
948 962
949 957
949 955
949 988
949 996
951 970
951 972
951 995
954 969
955 997
959 983
961 988
961 993
962 972
964 995
965 979
965 971
965 972
966 999
968 981
969 972
970 999
971 972
971 975
972 985
972 998
975 992
977 990
979 998
989 992
