0 114
0 657
0 76
0 124
0 210
0 248
0 332
0 353
0 525
0 845
0 870
0 985
1 57
1 621
1 725
1 292
1 210
1 301
1 405
1 597
1 663
1 739
1 860
1 895
1 917
2 28
2 291
2 811
2 214
2 215
2 381
2 701
2 723
3 386
3 290
3 375
3 349
3 283
3 253
3 224
3 269
3 276
3 359
3 811
3 894
4 214
4 593
4 421
4 55
4 299
4 393
5 478
5 57
5 827
5 372
5 185
5 469
5 484
5 362
5 27
5 273
5 67
5 260
5 542
5 680
5 853
5 929
6 851
6 653
6 432
6 580
6 689
6 957
6 322
6 276
6 634
6 306
6 820
7 465
7 952
7 50
7 326
7 15
7 467
7 164
7 304
7 577
7 634
7 714
8 465
8 392
8 634
8 231
8 314
8 453
8 835
8 41
8 272
8 495
8 746
9 885
9 532
9 739
9 236
9 280
9 582
9 816
9 898
9 955
10 554
10 198
10 896
10 321
10 159
10 48
10 97
10 195
10 818
10 884
10 900
11 580
11 655
11 838
11 212
11 343
11 560
11 862
11 928
11 972
12 655
12 29
12 243
12 203
12 579
12 781
12 788
12 798
13 92
13 36
13 855
13 550
13 634
13 162
13 364
13 443
13 625
13 663
13 835
14 909
14 409
14 763
14 92
14 710
14 784
14 443
14 304
14 323
14 329
14 403
14 582
14 659
15 579
15 65
15 101
15 580
15 824
15 258
15 275
15 438
15 250
15 812
15 269
15 262
15 273
15 66
15 111
15 222
15 297
15 489
15 691
15 709
16 150
16 755
16 885
16 203
16 132
16 160
16 232
16 399
16 563
16 732
16 775
16 778
16 870
16 995
17 409
17 719
17 285
17 722
17 189
17 201
17 58
17 766
17 224
17 540
17 794
17 48
17 555
17 649
18 119
18 63
18 250
18 274
18 295
18 350
18 381
18 413
18 608
18 617
18 634
18 650
18 918
19 807
19 220
19 443
19 100
19 772
19 867
20 589
20 379
20 175
20 696
20 108
20 526
20 181
20 269
20 406
20 727
20 851
21 475
21 85
21 879
21 939
21 500
21 385
21 938
21 959
22 902
22 661
22 612
22 172
22 727
22 711
22 609
22 39
22 290
22 302
22 444
23 475
23 149
23 392
23 684
23 407
23 794
23 41
23 302
23 336
23 394
23 439
23 527
23 655
23 795
24 859
24 819
24 490
24 428
24 449
24 994
25 112
25 539
25 800
25 54
25 332
25 945
25 37
25 509
25 615
25 708
25 725
25 830
25 924
26 996
26 399
26 90
26 120
26 314
26 587
26 962
27 742
27 91
27 76
27 849
27 105
27 259
27 201
27 229
27 231
27 332
27 561
27 845
28 411
28 693
28 343
28 568
28 634
28 888
28 62
28 243
28 769
28 997
29 297
29 271
29 420
29 462
29 756
29 178
29 233
29 239
29 256
29 634
29 758
29 775
29 787
30 478
30 298
30 342
30 639
30 438
30 886
30 208
30 291
30 293
31 909
31 914
31 196
31 248
31 127
31 543
31 848
32 676
32 959
32 590
32 44
32 279
32 304
32 367
32 397
32 452
32 569
32 698
33 144
33 437
33 713
33 97
33 201
33 559
33 662
33 862
33 878
33 915
34 388
34 513
34 524
34 461
34 108
34 634
34 541
34 550
34 441
34 628
34 836
35 118
35 428
35 527
35 875
35 964
35 102
35 170
35 132
35 201
35 286
36 783
36 405
36 65
36 206
36 401
36 636
36 648
36 712
36 773
36 819
36 833
36 970
36 979
36 999
37 905
37 84
37 136
37 166
37 570
37 882
37 771
37 817
37 429
37 110
37 204
37 810
37 849
37 924
38 869
38 208
38 60
38 634
38 76
38 376
38 697
38 849
39 627
39 179
39 59
39 320
39 634
39 823
39 923
39 934
40 580
40 474
40 76
40 121
40 44
40 77
40 890
41 267
41 984
41 903
41 315
41 922
41 127
41 687
41 261
41 615
42 415
42 157
42 68
42 102
42 296
42 456
42 657
43 122
43 853
43 604
43 68
43 169
43 251
43 367
43 398
43 441
43 536
43 605
43 627
43 634
43 668
43 802
43 894
44 451
44 513
44 903
44 496
44 84
44 258
44 512
44 588
44 826
44 186
44 199
44 308
44 425
44 579
44 634
44 909
45 52
45 591
45 60
45 320
45 634
45 699
45 730
45 733
46 909
46 726
46 573
46 429
46 793
47 927
47 464
47 591
47 782
47 794
47 309
47 80
47 656
47 790
48 513
48 455
48 351
48 200
48 281
48 505
48 511
48 959
48 79
48 904
49 60
49 674
49 963
49 76
49 110
49 276
49 419
49 536
49 634
49 763
49 935
50 199
50 84
50 495
50 683
50 389
50 465
51 432
51 183
51 811
51 977
51 446
51 663
51 105
51 854
52 745
52 177
52 484
52 626
52 238
52 143
52 218
52 266
52 378
52 385
52 427
52 528
52 621
52 714
52 786
52 868
52 884
53 867
53 88
53 194
53 399
53 478
53 535
53 585
54 311
54 413
54 537
54 741
54 924
55 558
55 502
55 787
55 628
55 476
55 852
55 118
55 139
55 453
56 448
56 362
56 315
56 637
56 74
56 143
56 205
56 582
56 634
56 939
57 498
57 304
57 193
57 407
57 254
57 634
57 269
57 265
57 457
57 724
58 747
58 549
58 785
58 721
58 303
58 418
58 61
58 278
58 281
58 294
58 488
58 948
59 737
59 70
59 694
59 637
59 113
59 76
59 441
59 132
59 263
59 634
59 861
60 578
60 193
60 144
60 208
60 442
60 541
60 262
60 634
60 845
60 918
60 923
61 746
61 842
61 77
61 489
61 404
61 539
61 480
61 726
61 149
61 634
61 727
61 928
62 920
62 527
62 147
62 740
62 959
62 129
62 134
62 526
62 675
62 705
62 771
63 941
63 607
63 614
63 726
63 157
63 650
63 219
63 901
63 840
63 773
63 820
63 93
63 863
64 119
64 166
64 700
64 563
64 169
64 398
64 463
64 470
64 634
65 909
65 654
65 760
65 562
65 996
65 334
65 477
65 507
65 587
65 641
65 761
65 844
65 966
66 506
66 201
66 702
66 292
66 354
66 769
66 172
66 312
66 811
66 838
66 886
67 298
67 131
67 600
67 587
67 383
67 224
67 331
67 376
67 506
67 590
67 634
67 892
68 307
68 652
68 246
68 290
68 306
68 631
68 777
68 857
68 968
68 983
69 603
69 913
69 201
69 860
69 950
69 792
69 906
69 240
69 439
69 633
69 784
69 817
69 946
70 890
70 160
70 551
70 620
70 377
70 231
70 288
70 348
70 392
70 400
70 451
70 455
71 979
71 891
71 399
71 722
71 481
71 444
71 708
71 492
72 255
72 371
72 129
72 563
72 999
72 711
72 536
72 259
72 383
72 95
72 301
72 517
72 665
73 458
73 310
73 738
73 134
73 250
73 418
73 515
74 388
74 844
74 872
74 784
74 858
74 480
74 713
74 675
74 840
74 225
74 275
74 447
74 531
74 618
74 897
75 621
75 632
75 556
75 319
75 374
75 409
75 509
75 670
75 700
75 870
75 878
76 830
76 645
76 570
76 329
76 742
76 898
76 815
76 89
76 894
76 82
76 375
76 787
76 78
76 91
76 107
76 162
76 163
76 173
76 198
76 206
76 210
76 229
76 234
76 252
76 277
76 282
76 287
76 331
76 333
76 382
76 411
76 417
76 434
76 441
76 468
76 475
76 480
76 503
76 521
76 526
76 634
76 641
76 681
76 795
76 845
76 853
76 895
76 984
77 111
77 661
77 580
77 86
77 891
77 562
77 909
77 84
77 289
77 160
77 171
77 259
77 735
78 696
78 633
78 581
78 608
78 565
78 127
78 399
78 535
79 88
79 326
79 367
79 596
79 463
79 624
79 594
79 957
79 926
79 471
79 841
79 390
79 946
79 993
79 873
79 542
80 682
80 959
80 157
80 350
80 976
80 809
80 490
80 269
80 392
80 736
81 762
81 401
81 522
81 901
81 938
81 273
81 513
82 216
82 476
82 652
82 813
82 179
82 229
82 386
82 442
82 536
82 593
82 595
82 727
83 912
83 307
83 745
83 213
83 166
83 587
83 718
84 146
84 450
84 473
84 698
84 94
84 485
84 578
84 708
84 315
84 525
84 824
84 870
85 264
85 581
85 490
85 108
85 495
85 547
85 159
85 242
85 614
85 650
85 744
85 950
86 783
86 199
86 654
86 96
86 412
86 991
86 684
86 94
86 141
86 258
86 285
86 378
86 639
86 774
86 781
86 907
86 922
86 984
87 613
87 979
87 918
87 734
87 408
87 523
87 819
87 824
87 871
88 586
88 380
88 389
88 953
88 435
88 509
88 475
88 158
88 402
88 447
88 634
88 658
88 791
88 851
89 366
89 550
89 230
89 169
89 854
89 90
89 138
89 364
89 735
89 794
89 808
90 796
90 350
90 440
90 491
90 674
90 988
90 995
91 578
91 364
91 625
91 500
91 248
91 634
91 148
91 199
91 314
91 759
91 782
91 902
91 966
92 387
92 232
92 902
92 507
92 499
92 160
92 546
92 554
92 676
92 763
92 782
92 829
92 864
93 976
93 716
93 238
93 391
93 453
93 634
93 639
93 813
94 99
94 534
94 345
94 510
94 702
94 111
94 531
94 623
94 660
94 789
94 791
95 459
95 107
95 352
95 394
95 610
95 466
95 118
95 693
95 295
95 254
95 208
95 268
95 980
96 981
96 658
96 763
96 206
96 370
96 380
96 455
96 519
96 630
96 666
96 667
96 693
97 586
97 833
97 669
97 594
97 784
97 487
97 377
97 334
97 488
97 626
97 751
98 933
98 381
98 726
98 634
98 171
98 325
98 573
98 678
98 847
98 993
99 755
99 150
99 153
99 872
99 745
99 840
99 259
99 715
99 727
100 195
100 571
100 901
100 408
100 316
100 392
100 687
100 716
100 299
100 480
100 515
100 672
101 318
101 685
101 175
101 409
101 400
101 267
101 144
101 530
101 253
101 628
101 447
101 577
101 654
101 765
101 834
101 952
102 736
102 617
102 634
102 132
102 630
102 774
102 893
103 669
103 488
103 203
103 145
103 608
103 808
103 879
103 935
103 940
104 222
104 739
104 335
104 732
104 675
104 774
104 191
104 541
104 179
104 368
104 626
104 815
104 856
105 944
105 241
105 784
105 978
105 634
105 238
105 422
105 423
105 729
105 835
106 569
106 230
106 518
106 276
106 634
106 383
106 148
106 213
106 452
106 476
106 525
106 566
106 600
106 732
106 880
106 951
107 997
107 709
107 275
107 504
107 617
107 986
107 310
107 335
107 487
107 704
107 724
107 898
107 965
108 636
108 876
108 850
108 927
108 629
108 641
108 195
108 543
108 807
108 849
108 340
108 639
108 877
108 921
108 936
108 955
109 181
109 931
109 254
109 634
109 345
110 379
110 634
110 631
110 190
110 386
110 850
110 897
110 993
111 512
111 297
111 150
111 241
111 653
111 449
111 172
111 478
111 891
112 856
112 801
112 897
112 516
112 832
112 439
112 444
112 550
112 632
112 647
112 739
113 865
113 616
113 359
113 720
113 722
113 921
113 933
114 803
114 780
114 910
114 349
114 557
114 634
114 479
114 246
114 251
114 991
115 661
115 987
115 688
115 248
115 349
115 391
115 634
115 816
116 485
116 689
116 635
116 737
116 451
116 667
116 755
116 513
117 881
117 956
117 459
117 144
117 435
117 464
117 665
117 723
117 747
118 979
118 965
118 257
118 195
118 954
118 393
118 723
118 805
118 847
118 862
118 961
119 944
119 872
119 374
119 506
119 549
119 696
119 764
119 413
119 570
119 938
119 191
119 211
119 278
119 382
119 607
119 634
119 662
119 681
119 694
119 739
120 891
120 696
120 390
120 615
120 569
120 349
120 787
120 238
120 634
120 224
120 500
120 677
121 411
121 442
121 591
121 310
121 642
121 761
121 802
121 897
122 881
122 258
122 797
122 409
122 671
122 682
122 451
122 746
122 489
122 715
122 585
122 295
122 611
123 580
123 780
123 633
123 707
123 795
123 143
123 259
123 617
123 736
123 967
123 987
124 559
124 927
124 256
124 318
124 439
124 509
124 944
125 177
125 214
125 629
125 145
125 340
125 174
125 605
125 147
125 329
125 393
125 524
125 630
125 641
125 879
126 589
126 623
126 598
126 140
126 237
126 379
127 129
127 243
127 740
127 187
127 288
127 408
127 529
127 644
127 935
127 986
128 379
128 413
128 978
128 651
128 191
128 687
128 875
129 780
129 132
129 134
129 291
129 634
129 214
129 426
129 501
129 930
130 653
130 829
130 247
130 799
130 558
130 185
130 135
130 513
130 515
130 635
130 902
131 784
131 183
131 548
131 677
131 882
131 910
131 953
132 579
132 457
132 401
132 706
132 184
132 141
132 452
132 553
132 186
132 175
132 613
132 748
132 961
132 980
133 905
133 751
133 510
133 531
133 165
133 207
133 294
133 384
133 596
133 730
134 409
134 643
134 268
134 371
134 877
134 188
134 639
134 683
134 914
135 806
135 658
135 455
135 911
135 164
135 210
135 422
135 718
136 748
136 419
136 189
136 354
136 365
136 465
136 487
136 582
136 643
136 668
136 678
136 723
136 728
136 773
136 926
136 929
136 984
137 327
137 454
137 492
137 508
137 542
137 934
138 972
138 634
138 282
138 363
138 290
138 169
138 190
138 225
138 358
138 423
138 731
138 849
138 910
139 404
139 554
139 288
139 682
139 778
139 733
139 141
139 399
139 474
139 752
140 308
140 448
140 351
140 686
140 302
140 416
140 519
140 613
140 767
140 783
140 806
140 958
141 619
141 182
141 653
141 699
141 292
141 958
141 979
141 984
142 828
142 212
142 220
142 336
142 524
142 701
142 862
142 863
142 935
143 692
143 703
143 753
143 596
143 935
143 364
143 264
143 444
143 820
144 460
144 766
144 620
144 459
144 390
144 551
144 696
144 790
144 792
144 998
145 192
145 158
145 340
145 355
145 414
145 693
145 807
145 877
146 891
146 242
146 580
146 814
146 859
146 696
146 493
146 925
146 719
147 498
147 795
147 986
147 875
147 223
147 352
147 408
147 599
147 684
148 602
148 820
148 263
148 186
148 248
148 363
148 616
148 620
148 855
149 220
149 573
149 976
149 236
149 970
149 982
149 702
149 451
149 495
149 838
149 863
149 933
150 991
150 804
150 428
150 328
150 576
150 772
150 835
150 895
151 200
151 327
151 734
151 230
151 651
151 826
151 316
152 825
152 858
152 624
152 346
152 178
152 211
152 413
152 632
152 643
152 655
152 811
152 837
153 755
153 554
153 870
153 598
153 590
153 312
153 378
153 413
153 426
153 872
154 728
154 223
154 584
154 445
154 244
154 634
154 408
154 525
155 374
155 444
155 740
155 734
155 354
155 967
156 919
156 826
156 770
156 508
156 246
156 309
156 469
157 765
157 615
157 683
157 982
157 284
157 702
157 250
157 322
157 382
157 875
157 924
158 612
158 995
158 255
158 592
158 707
158 368
158 821
158 211
158 260
158 283
158 421
158 434
158 543
158 607
158 717
158 737
158 958
159 534
159 684
159 862
159 529
159 493
159 581
159 338
159 291
159 543
159 591
159 726
159 886
160 288
160 523
160 400
160 247
160 897
160 188
160 847
160 172
160 571
160 667
160 691
160 966
161 168
161 468
161 286
161 332
161 861
161 366
161 415
161 416
161 463
161 961
162 710
162 219
162 277
162 375
162 251
162 339
162 536
162 634
162 730
163 326
163 768
163 645
163 870
163 881
163 247
163 705
163 353
163 612
163 680
163 716
163 766
163 911
163 947
164 529
164 255
164 233
164 291
164 530
164 564
165 801
165 289
165 678
165 781
165 846
165 187
165 709
166 984
166 622
166 176
166 430
166 998
166 853
166 201
166 440
166 489
166 590
166 634
166 753
167 307
167 633
167 275
167 331
167 577
167 645
167 749
167 764
168 484
168 965
168 281
168 634
168 747
168 766
168 798
168 933
169 574
169 439
169 207
169 717
169 652
169 176
169 482
169 582
169 780
169 868
169 995
170 191
170 726
170 391
170 490
170 876
170 907
170 914
170 938
170 979
170 983
171 409
171 728
171 322
171 403
171 295
171 260
171 439
171 924
172 619
172 432
172 658
172 797
172 767
172 848
172 999
172 604
172 635
172 766
173 582
173 294
173 812
173 229
173 930
173 227
173 441
173 446
173 711
174 195
174 954
174 515
174 579
175 676
175 760
175 619
175 634
175 244
175 284
175 400
175 424
175 451
176 347
176 863
176 935
176 529
176 858
177 213
177 286
177 665
177 676
177 801
177 906
177 917
178 306
178 690
178 442
178 373
178 537
178 731
178 741
179 583
179 371
179 235
179 464
179 634
179 231
179 206
179 340
179 372
179 646
179 749
179 765
179 999
180 303
180 848
180 200
180 418
180 506
180 785
180 864
180 939
181 619
181 634
181 643
181 656
181 666
181 706
181 727
181 767
181 963
182 913
182 579
182 578
182 623
182 779
182 581
182 190
182 247
182 574
182 660
182 706
182 921
183 574
183 301
183 818
183 335
183 781
183 360
183 339
183 373
183 444
183 786
184 489
184 666
184 281
184 501
184 546
184 625
184 653
184 862
185 915
185 313
185 669
185 938
185 759
185 286
185 463
185 498
185 594
185 614
185 837
185 917
186 301
186 995
186 391
186 190
186 541
187 202
187 350
187 281
187 305
187 310
187 320
187 343
187 560
187 664
187 970
188 828
188 992
188 978
188 274
188 657
188 295
188 310
188 723
188 945
189 418
189 281
189 487
189 538
189 307
189 488
189 597
189 818
190 660
190 536
190 243
190 385
190 424
190 889
191 323
191 878
191 611
191 514
191 740
191 955
191 619
192 718
192 484
192 223
192 930
192 757
192 293
192 391
192 488
192 582
192 587
192 798
192 835
193 991
193 612
193 680
193 367
193 447
193 477
194 236
194 268
194 367
194 392
194 429
194 618
194 931
195 533
195 675
195 650
195 610
195 633
195 340
195 700
195 863
195 936
195 967
196 859
196 947
196 547
196 438
196 736
196 866
196 945
197 678
197 559
197 256
197 351
197 452
197 491
197 541
197 671
198 308
198 614
198 367
198 572
199 778
199 698
199 314
199 916
199 227
199 513
199 773
199 931
200 709
200 949
200 521
200 248
200 422
200 444
200 701
200 929
201 890
201 859
201 661
201 928
201 496
201 620
201 351
201 722
201 553
201 662
201 338
201 266
201 493
201 582
201 723
201 775
201 924
201 940
201 951
202 685
202 984
202 524
202 522
202 314
202 249
202 978
203 217
203 352
203 528
203 630
203 805
203 876
203 893
203 974
204 438
204 773
204 391
204 644
204 775
204 825
204 861
204 882
205 626
205 940
205 655
205 941
205 708
205 697
205 528
205 542
205 741
205 856
205 896
206 582
206 550
206 349
206 431
206 634
206 908
207 667
207 754
207 818
207 740
207 977
207 239
207 287
207 306
207 599
207 700
207 708
208 666
208 822
208 264
208 843
208 311
208 394
208 581
208 670
208 702
208 777
209 405
209 487
209 266
209 592
209 386
209 365
209 374
209 469
209 550
209 608
209 924
210 818
210 540
210 988
210 551
210 799
210 888
210 909
211 806
211 710
211 803
211 278
211 444
211 415
211 539
211 929
211 785
211 439
211 300
211 425
211 649
211 706
211 864
212 944
212 245
212 220
212 809
212 933
212 986
212 226
212 558
212 629
212 908
212 948
213 692
213 696
213 270
213 923
213 925
213 366
213 586
213 764
213 834
213 918
214 867
214 285
214 413
214 392
214 564
214 325
214 644
214 969
215 264
215 923
215 217
215 384
215 807
215 634
215 340
215 374
215 529
215 696
215 885
216 692
216 322
216 393
216 705
217 411
217 629
217 571
217 805
217 887
218 553
218 876
218 963
218 242
218 447
218 466
218 817
218 948
219 471
219 236
219 684
219 230
219 292
219 370
219 436
219 461
219 477
219 565
219 608
219 697
219 822
219 914
220 295
220 964
220 475
220 808
220 366
220 407
220 529
220 644
221 400
221 636
221 489
221 285
221 470
221 761
221 885
222 661
222 241
222 833
222 719
222 819
222 907
222 994
222 693
222 967
222 999
222 288
222 380
222 460
222 497
222 513
222 677
222 791
222 919
223 435
223 236
223 424
223 638
223 391
223 313
223 337
223 414
223 527
223 661
223 795
223 811
223 911
223 976
223 983
224 760
224 683
224 750
224 759
224 965
225 996
225 956
225 366
225 270
225 375
225 409
225 630
225 788
226 403
226 809
226 731
226 868
226 333
226 250
226 270
226 296
226 428
226 438
226 886
227 952
227 885
227 947
227 455
227 380
227 478
227 241
227 833
227 900
227 989
228 938
228 420
228 268
228 343
228 385
228 482
228 617
228 877
228 978
229 303
229 230
229 397
229 276
229 515
229 699
229 782
230 655
230 290
230 334
230 363
230 502
230 634
230 704
231 329
231 363
231 634
231 297
231 452
232 885
232 304
232 645
233 989
233 731
233 357
233 524
233 494
233 618
233 886
234 634
234 377
234 880
234 238
234 305
234 266
234 353
234 423
234 431
234 483
234 904
235 363
235 634
235 563
235 404
235 406
235 500
235 730
235 895
236 394
236 802
236 279
236 414
236 945
236 955
237 748
237 900
237 712
237 926
237 646
237 317
237 409
237 551
238 652
238 854
238 631
238 358
238 340
238 532
238 657
238 690
238 853
239 484
239 439
239 390
239 624
239 533
239 573
239 319
239 370
239 538
240 853
240 864
240 509
240 503
240 459
240 861
240 337
240 374
240 539
240 766
240 858
240 940
241 755
241 405
241 378
241 737
241 797
241 638
241 536
241 763
241 931
242 580
242 767
242 348
242 551
242 623
242 727
242 752
243 864
243 420
243 972
243 385
243 805
243 392
243 518
243 644
244 619
244 427
244 263
244 634
244 464
244 416
244 507
244 642
244 776
244 813
245 675
245 862
245 472
245 512
245 738
245 809
246 274
246 338
246 276
246 697
246 455
246 552
246 921
246 934
247 498
247 475
247 702
247 587
247 258
247 380
247 394
247 465
247 783
248 554
248 321
248 657
248 729
248 561
248 604
248 299
248 363
248 484
248 487
248 493
248 508
248 883
249 289
249 683
249 254
249 292
249 560
249 687
249 368
249 466
249 576
249 935
250 552
250 795
250 683
250 325
250 354
250 740
250 254
250 619
250 717
251 859
251 345
251 494
251 733
251 802
252 890
252 827
252 610
252 743
252 301
252 376
252 611
252 822
252 945
253 411
253 895
253 540
253 536
253 410
253 750
253 781
253 883
254 481
254 581
254 354
254 634
254 687
254 777
254 851
254 986
255 275
255 486
255 329
255 812
255 312
255 670
255 563
255 682
256 745
256 643
257 457
257 342
257 939
257 394
257 310
257 531
257 961
258 455
258 881
258 416
258 422
258 840
258 697
258 402
258 568
258 870
259 634
259 608
259 695
259 886
259 942
260 534
260 838
260 850
260 461
260 310
260 875
261 515
261 736
261 560
261 336
262 690
262 519
262 910
262 826
262 456
262 898
262 273
262 674
262 441
262 787
262 491
262 634
262 845
263 635
263 783
263 975
263 625
263 550
263 502
263 930
264 286
264 610
264 729
264 268
264 481
264 920
264 954
264 969
265 677
265 562
265 909
265 595
265 589
265 267
265 399
265 763
265 707
265 535
265 899
266 559
266 345
266 306
266 624
266 690
266 995
267 467
267 707
267 479
267 554
267 579
267 645
267 712
267 737
267 910
267 955
267 990
268 681
268 954
268 927
268 568
268 295
268 361
268 391
268 499
268 732
268 911
269 278
269 821
269 776
269 382
269 541
269 690
269 835
269 861
270 677
270 878
270 948
270 290
270 526
270 292
270 347
271 275
271 353
271 542
271 563
271 580
272 401
272 446
272 634
272 339
272 387
272 470
272 636
272 642
272 888
272 997
273 612
273 605
273 888
273 296
273 634
273 665
273 696
273 720
273 993
274 472
274 603
274 633
274 732
274 840
274 967
275 582
275 553
275 864
275 434
275 688
275 289
276 691
276 696
276 491
276 787
276 759
276 375
276 338
276 383
276 620
277 476
277 358
277 634
277 776
278 417
278 866
278 555
278 825
278 788
278 524
278 286
278 288
278 301
278 315
278 588
278 709
278 792
278 827
278 918
279 298
279 736
279 894
279 616
279 287
279 364
279 507
279 522
279 524
279 695
279 757
280 806
280 351
280 917
280 454
280 610
280 826
280 861
280 324
280 330
280 433
280 614
280 694
281 953
281 903
281 544
281 792
281 754
281 443
281 926
282 561
282 377
282 999
282 325
282 500
282 521
282 815
283 625
283 757
283 674
283 386
283 841
283 981
284 715
284 868
284 608
284 571
284 701
284 862
284 707
284 843
284 917
284 991
285 520
285 478
285 685
285 642
285 588
285 595
285 677
285 928
286 337
286 452
286 781
286 827
287 607
287 439
287 884
287 709
287 319
287 308
287 315
287 335
287 350
287 433
287 481
287 643
287 856
288 996
288 389
288 448
288 634
288 786
288 851
288 921
288 944
289 784
289 849
289 365
289 423
289 439
289 634
290 885
290 592
290 300
290 320
290 634
290 776
290 873
291 639
291 606
291 976
291 420
291 903
292 885
292 480
292 740
292 731
292 350
292 478
292 634
293 842
293 824
293 459
293 869
293 986
293 638
293 349
293 456
293 463
293 776
293 796
293 804
293 820
294 345
294 899
294 319
294 792
294 875
294 821
294 531
294 614
294 646
295 712
295 650
295 343
295 840
295 995
295 327
295 493
295 736
295 907
296 353
296 889
296 977
297 520
297 891
297 368
297 335
297 631
297 677
297 851
297 890
297 978
298 768
298 931
298 477
298 389
298 521
298 911
299 728
299 771
299 887
299 634
299 704
299 742
299 638
299 759
299 839
299 865
300 565
300 561
300 910
300 325
300 431
300 453
300 569
300 787
300 985
301 791
301 560
301 469
301 506
301 539
301 575
301 607
301 827
301 864
301 917
302 765
302 572
302 389
302 783
302 697
302 539
302 980
303 621
303 897
303 361
303 395
303 546
304 710
304 449
304 462
304 305
304 366
304 383
304 422
304 489
304 645
304 680
304 691
304 760
304 967
305 363
305 861
305 340
305 500
305 894
306 856
306 668
306 889
306 365
306 576
306 930
307 347
307 941
307 370
307 620
307 632
307 744
307 754
307 929
308 449
308 994
308 772
308 457
308 794
308 579
308 671
308 812
309 647
309 410
309 888
309 734
309 456
309 706
310 606
310 618
310 949
310 990
311 708
311 351
311 488
311 624
311 571
311 787
311 575
311 645
312 662
312 918
312 684
312 675
312 838
312 587
312 625
312 840
312 886
312 976
313 781
313 594
313 662
313 977
313 651
313 818
314 636
314 721
314 359
314 976
314 910
314 455
314 868
314 873
314 883
315 724
315 555
315 464
315 410
315 642
315 703
315 841
316 656
316 493
316 393
317 698
317 462
317 551
317 554
317 867
318 830
318 400
318 979
318 379
318 429
318 603
318 819
318 974
319 622
319 946
319 753
319 846
319 593
319 459
319 542
319 679
319 868
320 406
320 394
320 652
320 695
320 602
320 787
320 720
320 634
321 544
321 372
321 665
321 869
321 960
321 491
321 785
321 856
321 902
322 485
322 901
322 843
322 414
322 543
322 486
322 606
322 639
322 922
322 927
323 612
323 818
323 766
323 998
323 889
323 614
323 331
323 365
323 665
323 745
323 929
324 425
324 798
324 413
324 726
324 959
324 722
324 924
324 929
325 675
325 436
325 838
325 738
325 707
325 426
325 571
325 962
325 433
325 480
325 550
326 378
326 759
326 867
327 706
327 628
327 609
327 404
327 595
327 634
327 787
328 534
328 973
328 477
328 576
328 446
328 551
328 789
328 979
329 829
329 808
329 738
329 955
329 341
329 409
329 414
329 524
329 571
329 595
329 634
329 758
329 804
329 863
330 647
330 440
330 549
330 855
330 912
331 510
331 390
331 624
331 678
331 828
331 955
331 426
331 439
331 553
332 516
332 918
332 393
332 441
332 548
332 775
332 866
332 869
333 793
334 906
334 634
334 642
334 364
334 640
335 396
335 595
335 599
335 626
335 764
335 801
335 804
335 807
336 825
336 800
336 877
336 638
336 713
337 692
337 794
337 361
337 365
337 531
337 542
337 665
337 851
338 481
338 787
338 545
338 699
339 519
339 634
339 932
339 545
339 658
340 523
340 737
340 458
340 617
340 446
340 436
340 461
340 466
340 840
340 872
340 904
340 986
341 741
341 780
341 998
341 494
341 403
341 828
341 723
341 571
341 717
341 675
341 967
341 977
342 903
342 922
342 475
342 419
342 442
342 509
342 531
342 991
343 901
343 530
343 840
343 726
343 499
343 855
343 480
343 569
344 866
344 591
344 382
344 376
344 993
345 621
345 549
345 647
345 864
345 872
345 965
346 377
346 988
346 966
346 963
346 734
346 416
346 839
346 857
346 948
347 682
347 801
347 353
347 415
347 528
347 602
347 632
347 722
347 871
347 960
348 369
348 420
348 963
348 417
348 611
348 791
348 807
348 994
349 453
349 634
349 756
349 857
349 949
350 953
350 562
350 871
350 371
350 923
350 352
350 424
350 731
351 755
351 596
351 365
351 537
351 583
351 706
352 814
352 522
352 497
352 630
352 723
353 787
353 895
353 776
353 540
353 878
354 887
354 876
354 459
355 984
355 673
355 505
355 440
355 847
355 530
355 774
355 366
355 596
356 710
356 632
356 816
356 494
356 992
356 713
356 705
356 809
356 454
356 693
356 813
356 822
357 533
357 407
357 560
357 472
357 391
357 411
357 461
357 464
357 466
357 690
357 816
357 967
358 973
358 382
358 651
358 605
358 759
359 997
359 843
359 969
359 377
359 687
359 705
359 789
359 827
359 914
359 922
359 993
360 884
360 726
360 486
360 949
360 930
360 429
360 547
360 555
360 581
360 601
360 720
360 738
360 759
360 778
361 754
361 596
361 822
361 560
361 460
361 786
361 882
361 956
362 586
362 874
362 393
362 433
362 622
362 810
362 846
362 904
362 906
363 658
363 373
363 634
363 396
363 605
363 612
363 759
363 787
364 503
364 559
364 683
364 492
364 966
364 483
364 548
364 634
364 773
365 622
365 920
365 591
365 441
365 492
365 655
365 726
365 764
366 489
366 556
366 788
366 877
366 426
366 836
366 523
366 555
366 563
366 678
366 681
367 496
367 451
367 411
367 806
367 554
367 369
367 957
367 422
367 432
367 453
367 667
367 783
368 443
369 380
369 841
369 957
369 414
369 479
369 510
369 636
369 788
369 827
369 856
370 415
370 417
370 398
370 539
370 703
370 728
370 776
370 837
371 573
371 466
371 554
371 786
371 914
372 400
372 882
372 886
372 444
372 503
372 521
372 951
373 911
373 897
373 960
373 538
373 468
373 586
373 961
374 565
374 977
374 424
374 459
374 745
374 747
374 775
374 959
374 970
375 963
375 431
375 446
375 540
375 583
376 406
376 453
376 536
376 644
376 652
376 686
376 985
377 408
377 593
377 892
377 898
378 667
378 457
378 387
378 891
378 512
378 645
378 763
378 772
378 483
378 634
378 888
378 977
379 980
379 842
379 762
379 520
379 682
379 801
379 994
380 718
380 752
380 654
380 589
380 598
380 387
380 402
380 429
380 495
380 787
381 829
381 744
381 933
381 758
381 543
381 564
381 677
381 840
382 929
382 915
382 491
382 453
382 502
382 634
382 977
382 985
383 504
383 638
383 903
384 726
384 740
384 606
384 693
384 757
384 687
384 860
384 954
384 986
385 530
385 495
385 847
385 949
385 976
386 901
386 750
386 608
386 980
387 496
387 444
387 634
387 534
387 558
387 660
387 689
387 979
388 814
388 918
388 838
388 854
388 489
388 833
388 914
388 994
389 748
389 485
389 829
389 796
389 498
389 988
390 797
390 444
390 609
390 934
390 548
390 594
390 634
390 649
390 662
390 664
390 665
390 721
391 569
392 592
392 701
392 420
392 493
392 541
392 687
392 921
393 793
393 967
393 983
393 962
393 587
394 706
394 765
394 901
394 464
394 977
395 612
395 853
395 956
395 616
395 542
395 717
395 912
396 640
396 550
396 716
396 476
396 442
396 715
396 821
396 919
397 718
397 547
397 486
397 491
397 742
397 849
397 601
397 634
397 826
397 988
398 498
398 454
398 412
398 463
398 493
398 950
399 612
399 930
399 812
399 885
400 944
400 913
400 401
400 404
400 523
400 589
400 658
400 667
400 688
401 671
401 760
401 598
401 451
401 656
401 831
401 558
401 587
402 715
402 740
402 729
402 635
402 765
402 786
402 847
403 432
403 458
404 905
404 656
404 907
404 619
404 507
404 551
404 611
404 755
404 842
405 478
405 989
405 474
405 679
405 780
405 829
405 984
406 712
406 660
406 996
406 789
406 984
406 724
406 866
407 466
407 922
408 785
408 990
408 522
408 855
408 930
409 474
409 981
409 586
409 548
409 686
409 783
409 867
410 925
410 634
410 932
410 786
411 659
411 682
411 691
411 748
411 846
412 635
412 477
412 577
412 530
412 974
413 465
413 754
413 788
413 417
413 528
413 577
413 597
413 738
413 853
413 940
414 825
414 637
414 472
414 746
414 813
414 850
415 926
415 785
415 874
415 662
415 816
415 570
415 811
416 460
416 498
416 791
416 528
416 805
417 542
417 465
417 658
417 919
418 620
418 537
418 570
418 583
418 756
419 775
419 549
419 427
419 516
419 656
420 983
420 461
420 773
420 615
420 457
420 671
420 732
420 828
420 838
421 627
421 855
422 691
422 797
422 605
422 712
422 766
423 943
423 483
423 441
423 654
423 713
423 776
423 820
424 576
424 455
424 781
424 879
424 782
424 514
424 801
424 807
424 869
425 783
425 706
425 902
426 702
426 967
426 726
426 441
426 472
427 553
427 665
427 504
427 484
427 480
427 871
428 641
428 982
429 592
429 630
429 736
429 774
429 877
429 965
430 859
430 747
430 673
430 841
430 503
430 504
430 587
430 620
430 721
430 771
430 865
430 909
431 580
431 656
431 610
431 697
431 734
432 712
432 489
432 784
432 960
432 616
432 484
432 604
432 738
432 772
433 745
433 662
433 860
433 467
433 488
433 583
433 678
433 708
433 867
434 976
434 963
434 561
434 916
434 591
434 651
434 698
434 950
435 531
435 555
435 560
435 502
435 556
435 804
435 941
436 701
436 600
436 731
436 736
436 976
436 985
437 724
437 997
437 470
437 531
437 866
438 923
438 445
438 687
438 702
438 739
438 788
438 914
438 955
439 506
439 487
439 725
439 817
439 997
440 991
440 904
440 584
440 824
440 978
441 595
441 654
441 749
441 657
441 968
441 832
441 770
441 802
441 852
441 897
441 954
442 702
442 568
442 550
442 627
442 461
442 567
442 634
443 693
443 529
443 615
443 723
443 821
443 887
444 694
444 872
444 634
444 549
444 599
444 643
444 708
444 745
444 906
444 997
445 806
445 922
445 843
445 601
445 575
445 728
445 823
445 942
446 578
446 790
447 554
447 996
447 834
447 830
447 907
447 689
447 724
447 535
447 905
447 918
447 843
447 634
447 750
447 527
447 614
447 691
447 854
447 863
447 991
448 551
448 635
448 733
449 944
449 797
449 996
449 990
449 526
449 689
449 867
449 905
450 619
450 507
450 748
450 810
450 563
450 719
450 762
451 465
451 724
451 522
451 526
451 474
452 516
452 469
452 985
453 561
453 951
453 988
454 470
454 753
454 516
454 527
454 583
454 708
454 829
455 768
455 827
455 697
455 646
455 907
455 980
456 930
456 994
457 831
457 891
457 501
457 638
458 885
458 698
458 893
458 769
458 991
459 860
459 537
459 815
459 588
459 665
460 748
460 803
460 954
460 644
461 480
461 939
461 524
461 575
461 804
461 845
462 901
462 629
462 581
463 953
463 647
463 757
463 561
463 879
463 889
463 915
464 873
464 628
464 916
464 634
464 684
464 730
464 813
465 501
465 742
465 689
465 890
465 903
465 931
466 673
466 644
467 882
467 694
467 504
467 622
467 672
467 703
467 705
467 744
467 924
467 951
468 696
468 505
468 864
468 692
468 915
469 889
469 743
469 522
469 481
470 958
470 912
470 481
470 940
470 776
470 577
470 580
470 753
470 879
471 722
471 919
471 721
471 694
471 983
471 553
471 872
471 878
471 912
471 973
472 728
473 685
473 741
473 982
473 476
473 528
473 612
473 634
473 762
473 820
474 719
474 778
474 902
474 497
474 498
475 543
475 983
475 758
476 704
476 836
476 898
477 944
477 803
477 517
477 814
477 587
477 595
477 780
477 973
477 996
478 768
478 799
478 803
478 772
478 685
478 773
478 606
478 741
478 824
478 844
479 875
479 608
479 839
479 480
479 543
479 585
479 634
479 657
479 699
480 706
480 493
480 707
480 634
480 672
480 740
481 829
481 672
481 531
481 728
481 549
481 786
481 779
481 484
481 547
481 924
481 977
482 671
482 500
482 799
483 526
483 525
483 735
483 759
483 837
484 624
484 643
484 726
484 620
484 626
484 916
485 859
485 861
486 928
486 661
486 987
486 566
486 608
486 960
487 632
487 528
487 680
487 810
487 912
487 981
488 881
488 588
488 657
488 858
489 829
489 503
489 716
489 907
490 978
490 702
490 793
490 543
490 817
491 507
491 869
491 571
492 676
492 694
492 634
492 930
492 561
493 957
493 725
493 995
493 862
493 934
493 524
493 643
494 592
494 589
494 765
495 748
495 552
495 515
495 865
495 618
495 547
495 682
495 716
495 840
495 877
496 685
496 538
496 543
496 553
496 729
496 980
497 648
497 612
497 503
497 739
497 654
497 791
497 893
498 799
498 859
498 960
498 901
498 989
499 718
499 923
499 735
499 512
499 522
499 550
499 610
499 793
499 863
499 976
500 858
500 794
500 634
500 697
500 720
500 750
501 715
501 749
501 820
501 593
501 676
501 768
502 655
502 702
502 796
502 714
502 875
503 703
503 816
503 506
503 751
503 763
503 773
503 927
504 538
504 915
504 550
504 962
504 884
504 980
505 622
505 680
505 717
505 924
506 928
506 960
506 632
507 755
507 803
507 806
508 699
508 545
508 630
508 689
508 733
508 765
508 849
508 989
509 754
509 559
509 735
509 751
510 936
510 817
510 854
510 977
511 530
511 955
511 863
511 876
511 922
512 712
512 523
512 578
512 651
512 688
512 805
512 893
513 833
513 645
513 931
513 532
513 660
513 934
513 954
513 994
514 748
514 942
514 852
514 778
514 967
515 868
515 990
515 637
515 529
515 702
516 586
516 634
516 601
516 788
517 980
517 676
517 778
517 984
518 634
518 697
518 525
518 674
519 820
519 561
519 810
519 815
520 698
520 636
520 725
520 998
520 987
520 765
520 767
521 636
521 925
521 634
521 687
521 833
521 926
522 933
522 684
522 641
522 560
522 571
522 623
522 886
522 929
523 661
523 994
523 612
523 577
523 610
523 699
523 791
524 675
524 978
524 617
524 822
525 791
525 634
525 536
526 895
526 962
526 730
526 873
526 918
527 917
527 813
527 903
527 957
528 671
528 869
528 739
528 681
528 582
528 596
528 613
528 697
528 821
528 866
528 950
529 610
529 618
529 641
529 758
529 761
529 805
530 820
530 660
531 546
531 780
531 588
531 618
532 786
532 681
532 924
533 926
534 996
534 618
534 830
535 648
535 752
535 909
535 636
535 889
535 898
535 937
536 828
536 642
537 647
537 594
537 926
538 708
538 721
538 777
538 744
538 877
539 582
539 616
539 804
539 956
540 923
540 568
540 716
540 742
540 814
540 862
541 576
541 634
541 600
541 602
541 643
541 663
541 716
542 546
542 671
542 549
542 703
543 935
543 633
543 659
543 967
544 665
544 696
544 749
544 868
544 919
545 965
545 697
545 699
545 567
545 770
546 580
546 685
546 752
546 849
546 770
546 558
546 612
546 634
546 881
546 893
547 725
547 611
547 586
548 956
549 654
549 771
549 950
549 965
549 728
549 553
549 678
549 680
549 744
549 766
549 800
549 939
550 660
550 698
550 987
550 567
550 556
550 634
550 854
551 979
551 829
551 780
551 740
551 576
551 589
551 762
551 790
551 981
552 804
552 556
552 672
552 708
552 919
552 980
553 957
553 813
553 802
553 558
553 864
553 917
553 949
553 960
554 911
554 783
554 903
555 703
555 624
555 722
555 929
556 643
556 581
556 832
556 874
556 948
556 986
556 997
557 890
557 675
557 768
558 653
558 799
558 911
558 579
558 610
558 907
559 798
559 951
559 875
559 852
559 630
559 664
559 775
559 918
559 950
559 997
560 959
560 617
560 986
560 641
560 705
560 800
560 887
560 922
560 994
561 901
561 802
561 602
561 787
561 828
561 944
562 623
562 692
563 925
563 898
563 883
563 604
563 708
563 730
563 900
564 621
564 795
565 571
565 811
565 822
566 612
566 589
566 803
566 690
566 634
566 627
566 925
567 903
567 897
567 787
567 823
567 634
567 591
567 584
567 617
567 925
568 634
568 733
568 959
569 990
569 985
569 634
569 699
569 727
569 770
570 672
570 971
570 626
570 695
570 749
571 938
571 644
571 893
571 758
571 933
572 900
572 979
572 791
572 608
572 660
572 881
573 893
573 670
573 732
573 765
573 769
574 872
574 863
574 600
574 741
575 705
575 683
576 645
576 885
576 889
576 899
576 931
576 965
576 970
577 952
577 578
577 907
577 689
577 642
577 737
577 871
577 981
578 981
578 715
578 767
578 995
578 833
578 890
579 814
579 797
579 885
579 580
579 613
579 670
579 799
579 953
580 603
580 672
580 595
580 633
580 642
580 662
580 746
580 760
580 824
580 831
580 948
581 947
581 606
581 758
582 745
582 792
582 672
582 825
582 699
582 703
582 899
583 846
583 801
583 594
583 785
584 786
584 705
585 850
585 962
586 981
586 911
586 758
586 679
586 799
587 821
587 638
587 640
587 883
588 672
588 596
588 616
588 647
588 745
588 912
589 698
589 737
589 928
589 786
590 640
590 634
590 649
590 773
590 877
590 987
591 711
591 634
591 916
591 965
592 618
592 635
592 959
592 967
593 912
593 663
593 962
593 634
593 672
593 677
594 664
594 725
594 634
594 784
595 635
595 654
596 605
596 689
596 746
596 814
596 821
596 856
597 709
597 801
597 652
597 950
598 905
598 794
599 694
599 906
599 963
599 852
599 941
600 802
600 930
600 720
600 946
601 990
601 723
601 634
601 777
601 836
601 700
601 735
602 995
602 634
602 730
602 769
602 932
603 706
603 835
603 857
604 634
604 894
605 715
605 763
605 669
605 699
605 735
605 880
605 609
605 634
605 869
605 932
606 945
606 916
606 670
606 890
606 982
607 749
607 696
607 951
607 968
607 703
608 967
608 939
608 936
608 986
608 886
608 916
608 641
609 688
609 642
609 634
609 652
609 699
609 823
609 880
609 930
609 993
610 840
610 634
610 683
610 758
610 877
610 999
611 724
611 865
611 726
611 774
611 634
611 817
612 685
612 712
612 653
612 661
612 789
612 966
612 995
613 814
613 851
613 981
613 799
613 832
614 739
614 708
614 758
614 662
615 753
615 883
615 843
615 921
615 959
615 974
615 976
615 992
616 750
616 633
616 719
616 849
616 860
617 718
617 812
617 743
617 877
618 970
618 936
618 787
618 840
619 765
619 928
619 797
619 659
619 667
619 830
619 913
620 708
620 690
620 946
620 779
621 779
621 692
621 732
622 712
622 725
622 649
622 647
622 655
623 833
623 711
623 806
624 950
624 749
625 835
625 783
625 845
625 932
626 753
626 801
626 775
626 897
627 918
627 634
627 832
628 656
628 655
628 634
628 817
629 945
629 935
629 750
629 911
630 914
630 877
630 982
630 634
630 757
631 885
631 796
631 908
631 641
631 793
632 813
633 949
633 707
633 736
633 761
633 893
633 992
634 737
634 851
634 649
634 863
634 901
634 787
634 716
634 815
634 963
634 888
634 821
634 730
634 729
634 999
634 640
634 894
634 734
634 777
634 962
634 932
634 942
634 987
634 674
634 646
634 688
634 699
634 741
634 742
634 757
634 759
634 788
634 832
634 839
634 845
634 883
634 930
634 934
634 954
634 959
634 966
634 968
635 747
635 834
635 912
636 737
636 833
637 788
637 701
637 923
637 713
637 705
637 736
637 927
637 959
638 733
638 974
639 868
639 684
639 687
639 736
639 767
640 934
640 664
640 888
641 881
641 650
641 922
642 890
642 968
643 645
643 919
643 864
643 749
643 664
643 968
643 690
643 732
643 753
643 771
643 789
644 991
644 913
644 914
644 865
644 983
644 723
644 923
645 666
645 902
645 891
645 922
645 996
646 656
646 905
646 934
647 859
647 827
647 929
648 716
648 789
649 785
649 951
649 754
649 779
649 997
650 940
651 984
652 836
652 787
652 925
652 993
653 682
654 797
654 834
654 996
655 847
655 673
655 728
655 774
655 788
655 798
655 864
655 878
655 943
656 953
656 931
656 717
656 839
656 659
656 671
656 767
656 814
657 925
657 882
658 748
658 676
658 909
658 815
658 746
658 783
658 806
659 763
659 907
659 806
659 709
659 803
660 746
661 833
661 688
661 824
661 980
662 707
662 777
662 819
662 825
662 869
662 899
663 895
663 963
664 779
664 677
664 709
665 753
665 853
665 726
665 679
665 817
665 871
666 702
666 930
666 667
666 812
666 991
667 712
668 692
668 883
669 818
669 845
669 903
669 919
669 929
670 757
670 705
671 789
672 956
672 696
672 915
672 921
672 916
672 948
673 911
673 907
673 739
673 680
673 749
673 759
673 866
674 699
674 908
674 787
674 691
675 693
675 723
675 936
676 840
676 856
677 737
677 952
677 752
677 799
677 876
677 905
677 913
678 946
678 874
678 696
678 897
678 975
679 937
679 860
680 791
680 853
680 804
680 775
680 751
680 722
680 781
680 995
681 751
681 957
681 728
681 785
681 956
681 807
681 863
681 804
681 982
682 824
682 996
683 931
683 808
684 891
684 702
684 784
684 893
685 717
685 755
685 900
685 969
686 993
687 939
687 943
687 732
687 758
688 804
688 983
688 697
688 894
688 888
688 756
688 811
688 854
689 727
689 772
689 834
689 870
689 910
689 953
689 997
690 700
690 924
691 732
691 947
692 991
692 694
692 906
692 876
693 718
693 923
693 840
693 717
693 835
693 903
694 773
694 912
695 870
695 858
695 954
695 910
696 871
696 965
698 780
698 727
698 980
699 963
699 910
700 903
700 702
700 767
700 924
701 901
701 887
702 769
702 807
702 812
703 749
703 975
703 926
704 857
704 889
705 751
705 848
705 838
705 760
705 939
706 755
706 834
706 948
706 867
706 903
707 983
708 722
708 872
708 780
708 804
709 712
709 728
709 998
710 900
710 903
711 914
711 999
711 758
712 891
712 799
712 787
713 763
713 887
713 949
713 964
713 978
713 983
714 797
715 870
715 830
716 964
716 757
716 857
717 808
718 737
718 900
718 915
718 979
719 831
719 867
719 885
719 987
720 781
720 745
721 941
721 841
721 908
722 778
723 725
723 887
723 995
723 916
723 908
724 996
724 834
724 928
725 741
725 813
725 825
725 906
726 732
727 807
727 729
727 966
728 928
728 899
728 960
729 806
729 832
729 820
729 979
730 956
730 957
730 750
730 962
731 940
731 841
731 875
731 990
731 793
731 736
732 979
732 897
732 795
732 914
732 922
733 822
733 861
733 815
733 988
734 759
734 849
734 993
735 845
735 942
735 968
735 815
736 944
736 868
736 865
736 761
737 905
737 746
738 811
738 970
738 964
738 835
738 840
739 975
739 801
739 832
739 775
740 938
740 797
741 958
741 768
741 968
741 767
741 810
741 973
742 764
742 776
742 826
742 908
742 962
743 868
743 884
743 916
743 936
743 978
744 771
744 856
744 899
745 788
745 918
745 800
745 758
745 999
745 820
745 869
746 859
746 872
746 760
747 749
747 872
747 801
747 897
747 961
747 997
748 958
748 963
748 973
749 865
749 792
749 943
750 816
750 767
750 787
750 857
751 893
751 792
751 837
751 871
752 953
752 969
752 900
752 905
753 825
753 926
754 827
755 911
755 904
755 806
755 812
755 945
756 784
756 820
756 823
756 845
756 881
757 764
757 782
757 989
759 913
759 813
759 787
759 855
759 910
760 953
760 842
760 928
760 958
761 986
763 870
763 820
764 965
764 810
764 781
766 810
766 994
767 846
767 908
768 885
768 830
768 908
768 778
768 797
768 834
769 809
769 868
769 934
769 945
769 959
769 983
770 911
771 792
771 841
771 957
772 891
772 953
772 980
774 906
774 983
775 940
775 787
775 800
775 853
775 884
776 875
777 953
777 916
778 800
778 822
779 996
779 847
779 880
779 917
779 951
780 973
780 944
780 891
780 970
780 800
781 872
781 856
781 860
781 939
781 997
782 820
782 826
783 845
783 870
785 906
785 816
785 841
785 884
786 952
786 940
786 971
787 797
787 939
787 887
787 942
787 849
787 839
787 868
787 983
788 841
789 824
791 981
791 830
792 816
792 800
792 872
793 918
795 982
795 977
796 854
796 895
797 911
798 946
798 864
798 937
798 899
799 844
799 928
802 994
802 852
803 952
804 816
804 850
804 940
805 996
805 843
805 914
805 935
805 943
806 842
806 826
806 907
806 923
807 947
807 990
807 901
808 940
808 965
808 939
808 968
809 927
810 816
810 971
810 970
810 853
810 940
810 951
811 847
811 992
813 849
814 859
814 989
815 857
815 888
815 963
816 856
816 997
817 872
818 852
819 840
819 865
819 931
821 845
821 986
821 990
822 871
822 915
822 848
822 865
822 928
825 940
826 845
827 866
828 919
828 969
828 875
828 964
828 893
828 912
828 925
830 891
832 836
833 913
833 943
833 952
834 991
834 873
834 955
835 892
835 910
835 988
837 941
837 915
838 901
838 922
838 958
839 898
839 857
839 849
843 977
844 859
845 934
845 940
846 892
846 857
847 905
848 906
848 923
848 964
849 942
850 910
850 934
851 975
852 891
852 981
853 890
853 975
854 993
854 876
856 957
856 866
857 861
857 953
858 919
858 917
858 997
859 973
860 922
860 940
860 971
861 919
861 968
862 912
862 970
863 887
863 922
864 919
865 954
865 986
866 983
866 886
866 888
866 946
867 911
867 952
868 901
868 929
869 962
870 989
871 872
873 930
873 932
874 924
874 999
875 901
875 927
877 886
877 945
877 967
878 942
879 935
880 891
881 902
881 980
881 952
882 912
883 962
883 954
883 984
884 992
885 963
887 964
888 898
889 957
889 980
890 953
890 958
890 943
891 977
891 933
892 987
893 905
894 998
894 916
894 968
896 970
897 992
901 983
901 923
902 981
904 924
905 981
906 938
906 917
907 991
907 985
908 930
908 933
911 953
914 943
915 956
915 917
918 961
918 950
919 950
919 966
920 935
922 943
923 933
924 934
926 956
927 994
927 983
928 995
931 939
931 979
933 938
936 959
937 965
939 972
940 948
942 987
942 963
943 949
943 992
943 967
944 973
945 970
947 995
949 969
952 974
954 965
954 972
955 991
955 976
957 998
958 967
959 972
959 977
960 983
964 967
964 972
966 987
969 983
972 990
974 989
974 998
989 994
