0 577
0 94
0 363
0 806
0 719
0 890
0 528
0 329
0 172
0 291
0 315
0 409
0 472
0 475
0 651
0 740
0 782
0 893
0 959
1 764
1 604
1 727
1 6
1 922
1 30
1 577
1 557
1 373
1 535
1 613
1 37
1 40
1 128
1 131
1 168
1 376
1 524
1 532
1 547
1 575
1 647
1 708
1 790
1 833
1 854
1 958
2 510
2 9
2 755
2 644
2 293
2 16
2 27
2 823
2 101
2 71
2 78
2 84
2 189
2 234
2 251
2 354
2 432
2 479
2 494
2 563
2 751
2 848
2 889
2 898
2 994
3 151
3 951
3 341
3 592
3 553
3 686
3 182
3 312
3 359
3 415
3 433
3 496
3 498
3 614
3 702
3 927
4 103
4 937
4 796
4 693
4 680
4 334
4 328
4 630
4 157
4 137
4 859
4 145
4 318
4 372
4 383
4 415
4 881
5 441
5 870
5 969
5 315
5 221
5 626
5 42
5 58
5 83
5 90
5 126
5 130
5 369
5 401
5 404
5 413
5 463
5 531
5 594
5 783
5 812
5 984
6 333
6 990
6 781
6 338
6 767
6 588
6 234
6 720
6 793
6 602
6 674
6 108
6 140
6 350
6 391
6 472
6 521
6 528
6 664
6 681
6 702
6 722
6 727
6 790
6 802
7 372
7 916
7 156
7 398
7 949
7 676
7 573
7 190
7 366
7 589
7 996
7 889
7 987
7 348
7 644
7 605
7 568
7 593
7 25
7 670
7 860
8 208
8 748
8 702
8 788
8 519
8 436
8 542
8 967
8 21
8 41
8 230
8 271
8 816
8 900
8 947
9 688
9 84
9 23
9 877
9 949
9 825
9 49
9 59
9 76
9 170
9 202
9 344
9 348
9 381
9 439
9 482
9 483
9 517
9 675
9 751
9 898
9 924
10 154
10 17
10 78
10 954
10 27
10 420
10 543
10 946
10 634
10 396
10 751
10 132
10 71
10 340
10 482
10 484
10 544
11 724
11 770
11 429
11 258
11 424
11 64
11 79
11 80
11 180
11 347
11 503
11 531
11 594
11 693
11 741
11 745
11 758
11 766
11 791
12 55
12 382
12 715
12 713
12 24
12 759
12 603
12 227
12 174
12 129
12 290
12 407
12 579
12 650
12 712
12 856
12 915
13 768
13 464
13 456
13 997
13 213
13 77
13 282
13 294
13 374
13 671
13 691
13 739
13 786
13 916
14 569
14 251
14 732
14 428
14 89
14 537
14 23
14 76
14 114
14 117
14 143
14 179
14 388
14 393
14 573
14 676
14 755
14 811
15 69
15 314
15 142
15 110
15 368
15 446
15 246
15 808
15 158
15 651
15 47
15 289
15 75
15 26
15 867
15 603
15 452
15 453
15 466
15 598
15 876
15 934
15 995
16 684
16 147
16 473
16 544
16 104
16 756
16 149
16 176
16 560
16 943
16 101
16 746
16 751
16 348
16 27
16 28
16 125
16 330
16 522
16 545
16 568
16 760
16 809
16 879
16 948
17 975
17 178
17 56
17 302
17 378
17 176
17 320
17 222
17 330
17 27
17 258
17 350
17 474
17 615
17 642
17 704
17 737
17 949
18 726
18 723
18 770
18 928
18 754
18 914
18 967
18 884
18 26
18 463
18 499
18 580
18 652
18 715
18 886
19 169
19 541
19 854
19 522
19 141
19 393
19 460
19 385
19 20
19 704
19 898
19 189
19 696
19 698
20 254
20 839
20 381
20 633
20 946
20 197
20 49
20 73
20 85
20 222
20 229
20 295
20 426
20 546
20 579
20 593
20 843
20 844
20 967
20 989
21 310
21 578
21 866
21 437
21 361
21 885
21 702
21 151
21 307
21 549
21 553
21 556
21 773
21 865
21 899
22 821
22 564
22 640
22 702
22 405
22 869
22 431
22 458
22 198
22 284
22 317
22 341
22 380
22 536
22 637
22 761
22 816
22 904
22 985
23 634
23 669
23 348
23 295
23 839
23 518
23 229
23 101
23 56
23 378
23 189
23 367
23 545
23 746
23 988
24 140
24 208
24 463
24 683
24 249
24 850
24 174
24 237
24 316
24 404
24 697
24 772
24 916
24 921
24 938
24 961
25 461
25 574
25 587
25 354
25 482
25 78
25 104
25 154
25 229
25 248
25 260
25 375
25 428
25 530
25 570
25 631
25 649
25 716
25 742
25 847
25 889
25 967
25 979
25 987
26 336
26 477
26 130
26 620
26 623
26 237
26 270
26 200
26 416
26 710
26 278
26 656
26 739
26 481
26 105
26 203
26 290
26 294
26 397
26 612
26 758
26 976
27 195
27 833
27 114
27 411
27 273
27 85
27 78
27 898
27 110
27 116
27 117
27 240
27 242
27 260
27 293
27 340
27 451
27 563
27 570
27 644
27 979
28 324
28 235
28 581
28 364
28 120
28 60
28 527
28 258
28 334
28 436
28 470
28 561
28 718
28 729
28 788
28 865
28 878
29 977
29 168
29 983
29 939
29 53
29 722
29 518
29 55
29 62
29 92
29 214
29 256
29 283
29 289
29 300
29 305
29 363
29 485
29 487
29 557
29 622
29 848
30 31
30 92
30 607
30 815
30 892
30 263
30 472
30 782
30 55
30 908
30 168
30 651
30 880
30 136
30 47
30 247
30 409
30 152
30 505
30 311
30 108
30 927
30 804
30 219
30 291
30 722
30 814
31 246
31 314
31 516
31 558
31 267
31 69
31 266
31 418
31 932
31 674
31 933
31 169
31 390
31 887
31 305
31 818
31 108
31 138
31 261
31 311
31 416
31 443
31 681
31 845
32 686
32 702
32 498
32 182
32 611
32 61
32 98
32 237
32 244
32 328
32 357
32 400
32 592
32 707
32 731
32 743
32 794
32 816
32 865
32 869
32 935
33 958
33 722
33 719
33 268
33 782
33 40
33 47
33 62
33 117
33 140
33 168
33 169
33 358
33 360
33 455
33 547
33 612
33 965
33 995
34 412
34 887
34 46
34 740
34 913
34 314
34 771
34 505
34 37
34 697
34 939
34 68
34 855
34 354
34 62
34 139
34 323
34 879
34 958
35 558
35 727
35 526
35 798
35 699
35 172
35 323
35 360
35 368
35 370
35 390
35 448
35 500
35 782
35 911
36 145
36 250
36 132
36 828
36 411
36 428
36 633
36 696
36 833
36 302
36 966
36 49
36 149
36 156
36 181
36 330
36 649
36 670
36 702
37 161
37 722
37 557
37 402
37 583
37 55
37 990
37 467
37 51
37 138
37 363
37 584
37 525
37 370
37 422
37 613
37 646
37 673
37 793
37 857
37 977
38 985
38 805
38 639
38 126
38 541
38 600
38 96
38 612
38 726
38 797
38 819
38 915
39 175
39 44
39 962
39 532
39 115
39 990
39 225
39 168
39 455
39 913
39 128
39 782
39 882
39 958
40 210
40 408
40 451
40 613
40 305
40 588
40 440
40 664
40 922
40 109
40 333
40 917
40 124
40 45
40 765
40 262
40 702
40 534
40 241
40 338
40 407
40 516
40 526
40 596
40 673
40 677
40 782
41 437
41 927
41 198
41 748
41 665
41 542
41 885
41 492
41 217
41 397
41 556
41 643
41 682
41 693
41 701
41 702
41 733
41 863
41 986
42 686
42 160
42 417
42 255
42 565
42 957
42 783
42 72
42 713
42 759
42 374
42 768
42 77
42 87
42 130
42 392
42 515
42 692
42 710
42 786
42 805
42 886
43 124
43 767
43 883
43 108
43 879
43 220
43 316
43 358
43 443
43 446
43 596
43 604
43 677
43 722
43 782
43 813
44 763
44 391
44 910
44 740
44 296
44 465
44 82
44 299
44 399
44 448
44 664
44 782
44 936
44 999
45 138
45 402
45 427
45 485
45 922
45 209
45 806
45 466
45 296
45 349
45 215
45 813
45 409
45 240
45 47
45 505
45 607
45 628
45 677
45 781
45 789
45 868
45 977
46 266
46 296
46 300
46 374
46 149
46 218
46 225
46 274
46 521
46 904
46 991
47 524
47 131
47 781
47 309
47 307
47 808
47 296
47 418
47 673
47 506
47 274
47 289
47 333
47 407
47 451
47 472
47 750
47 782
47 875
48 630
48 262
48 436
48 415
48 60
48 120
48 159
48 201
48 304
48 486
48 539
48 552
48 691
48 770
48 794
48 897
49 765
49 112
49 907
49 254
49 828
49 484
49 432
49 240
49 479
49 605
49 698
49 811
50 619
50 435
50 542
50 614
50 68
50 201
50 230
50 282
50 519
50 559
50 717
50 777
50 803
50 901
50 927
51 841
51 697
51 158
51 876
51 228
51 793
51 892
51 143
51 296
51 516
51 771
52 888
52 381
52 132
52 378
52 709
52 354
52 540
52 589
52 618
52 633
52 732
52 994
53 727
53 999
53 702
53 225
53 300
53 531
53 558
53 745
53 750
53 824
53 887
54 159
54 561
54 701
54 900
54 616
54 542
54 702
54 614
54 585
54 866
54 75
54 95
54 334
54 414
54 743
54 788
54 796
54 899
54 927
55 789
55 977
55 965
55 168
55 390
55 209
55 771
55 221
55 832
55 88
55 263
55 423
55 448
55 526
55 781
55 841
55 845
56 290
56 600
56 638
56 154
56 968
56 506
56 117
56 149
56 195
56 286
56 439
56 529
56 587
56 760
56 924
56 970
57 583
57 830
57 800
57 671
57 925
57 985
57 90
57 325
57 464
57 468
57 474
57 530
57 660
57 712
57 769
57 934
58 893
58 262
58 753
58 321
58 372
58 327
58 742
58 963
58 235
58 236
58 435
58 476
58 491
58 534
58 539
58 695
58 702
58 729
59 166
59 394
59 987
59 381
59 967
59 132
59 779
59 809
59 154
59 589
59 544
59 344
59 273
59 949
59 889
59 141
59 353
59 634
59 545
59 71
59 432
59 85
59 286
59 302
59 330
59 420
59 610
59 649
59 702
59 929
60 742
60 230
60 702
60 462
60 559
60 178
60 122
60 774
60 61
60 137
60 201
60 217
60 297
60 319
60 458
60 491
60 591
60 761
60 837
60 935
61 935
61 159
61 753
61 702
61 339
61 637
61 236
61 324
61 585
61 204
61 362
61 334
61 431
61 561
61 595
61 612
61 817
61 869
62 158
62 824
62 220
62 535
62 834
62 557
62 782
62 521
62 908
62 349
62 314
62 583
62 100
62 169
62 175
62 274
62 333
62 423
62 467
62 519
62 547
62 892
62 995
63 919
63 77
63 846
63 177
63 700
63 316
63 928
63 683
63 167
63 456
63 515
63 662
63 867
63 966
64 504
64 111
64 70
64 480
64 515
64 255
64 760
64 173
64 434
64 444
64 620
64 759
64 766
65 622
65 620
65 961
65 221
65 832
65 474
65 862
65 520
65 417
65 852
65 316
65 599
65 448
65 490
65 515
65 606
65 944
65 969
66 894
66 445
66 334
66 453
66 236
66 75
66 986
66 233
66 496
66 940
66 171
66 262
66 153
66 226
66 361
66 457
66 595
66 796
66 885
67 899
67 799
67 322
67 640
67 717
67 637
67 303
67 75
67 337
67 951
67 702
67 242
67 526
67 701
67 718
68 433
68 971
68 561
68 942
68 869
68 773
68 503
68 118
68 319
68 494
68 523
68 796
68 989
69 234
69 598
69 493
69 557
69 890
69 767
69 472
69 467
69 306
69 528
69 440
69 138
69 584
69 181
69 267
69 291
69 309
69 314
69 427
69 446
69 455
69 475
69 558
69 642
69 836
69 857
70 744
70 723
70 739
70 126
70 406
70 679
70 162
70 606
70 652
70 480
70 369
70 74
70 144
70 270
70 287
70 395
70 401
70 469
70 493
70 499
70 783
70 964
71 782
71 963
71 831
71 629
71 570
71 101
71 518
71 670
71 843
71 125
71 618
71 615
71 149
71 439
71 484
71 487
71 642
71 948
72 478
72 282
72 441
72 960
72 982
72 213
72 369
72 976
72 957
72 513
72 712
72 855
72 111
72 77
72 404
72 715
72 567
72 251
72 144
72 270
72 278
72 993
73 544
73 633
73 644
73 966
73 844
73 987
73 688
73 179
73 251
73 350
73 510
73 860
73 943
73 957
73 989
74 799
74 394
74 93
74 573
74 678
74 149
74 968
74 518
74 189
74 696
74 154
74 525
74 618
74 663
74 732
74 755
74 766
74 871
74 898
74 960
75 738
75 122
75 702
75 858
75 902
75 686
75 893
75 911
75 931
75 364
75 264
75 305
75 322
75 519
75 556
75 592
75 682
75 701
75 733
75 736
75 787
75 792
76 222
76 250
76 426
76 676
76 827
76 112
76 202
76 631
76 638
76 179
76 340
76 386
76 506
76 569
76 620
76 877
77 406
77 710
77 530
77 626
77 469
77 294
77 421
77 554
77 627
77 639
77 648
77 730
77 770
77 805
77 897
77 916
78 563
78 987
78 884
78 827
78 822
78 589
78 629
78 253
78 147
78 355
78 375
78 522
78 546
78 568
78 615
78 617
78 642
78 704
78 732
78 811
78 848
79 494
79 513
79 550
79 200
79 944
79 730
79 921
79 838
79 130
79 313
79 413
79 471
79 499
79 635
79 655
79 712
79 831
80 957
80 805
80 213
80 342
80 424
80 499
80 656
80 298
80 96
80 831
80 832
80 102
80 282
80 960
80 292
80 294
80 434
80 464
80 541
80 699
80 785
80 846
80 914
81 268
81 146
81 474
81 193
81 579
81 715
81 258
81 111
81 200
81 205
81 306
81 369
81 407
81 531
81 580
81 605
81 654
81 723
81 830
82 124
82 407
82 977
82 508
82 602
82 150
82 440
82 266
82 390
82 535
83 450
83 726
83 867
83 830
83 541
83 229
83 270
83 294
83 308
83 530
83 648
83 654
83 683
84 249
84 164
84 250
84 568
84 746
84 101
84 367
84 948
84 847
84 97
84 699
84 987
84 518
84 222
84 245
84 544
84 772
84 912
84 913
84 988
85 230
85 702
85 574
85 93
85 260
85 779
85 238
85 746
85 809
85 827
85 570
85 239
85 125
85 149
85 197
85 354
85 423
85 569
85 670
85 698
85 839
85 851
85 862
86 418
86 930
86 772
86 375
86 809
86 381
86 670
86 104
86 506
86 851
86 411
86 510
86 119
86 293
86 609
86 732
86 756
87 714
87 620
87 783
87 565
87 945
87 160
87 174
87 211
87 444
87 449
87 662
87 683
87 862
87 914
88 965
88 887
88 207
88 291
88 272
88 933
88 859
88 428
88 152
88 224
88 263
88 443
88 446
88 524
88 557
88 572
88 596
88 776
88 782
88 998
89 782
89 963
89 568
89 353
89 537
89 484
89 631
89 506
89 222
89 388
89 632
89 746
89 755
89 495
89 593
89 921
89 967
89 970
90 639
90 957
90 800
90 551
90 741
90 683
90 417
90 895
90 315
90 394
90 96
90 177
90 200
90 258
90 392
90 413
90 625
90 783
90 914
90 945
91 233
91 581
91 389
91 695
91 137
91 478
91 729
91 231
91 332
91 145
91 167
91 304
91 314
91 425
91 431
91 436
91 548
91 630
91 635
91 694
91 702
91 734
91 903
92 412
92 161
92 834
92 219
92 94
92 329
92 218
92 505
92 697
92 801
92 115
92 419
92 613
92 665
92 880
92 974
93 546
93 253
93 117
93 690
93 851
93 970
93 860
93 825
93 125
93 160
93 570
93 716
93 810
93 924
93 929
93 943
94 920
94 782
94 138
94 789
94 628
94 343
94 702
94 123
94 168
94 256
94 427
94 577
94 750
94 824
94 849
94 884
95 365
95 585
95 137
95 702
95 718
95 533
95 151
95 312
95 317
95 335
95 423
95 458
95 478
95 487
95 592
95 899
96 596
96 895
96 786
96 981
96 531
96 105
96 741
96 111
96 211
96 259
96 691
96 856
96 325
96 513
96 525
96 626
96 783
97 709
97 224
97 593
97 295
97 522
97 638
97 149
97 194
97 239
97 439
97 546
97 860
97 921
97 967
98 866
98 566
98 556
98 980
98 235
98 387
98 702
98 757
98 787
98 105
98 624
98 243
98 653
98 865
98 881
98 899
99 827
99 600
99 755
99 229
99 833
99 642
99 924
99 134
99 348
99 366
99 439
99 615
99 688
99 828
100 274
100 598
100 547
100 528
100 674
100 874
100 209
100 188
100 218
100 299
100 307
100 343
100 370
100 495
100 572
100 677
100 834
100 922
100 939
101 394
101 154
101 195
101 112
101 134
101 229
101 367
101 517
101 546
101 568
101 573
101 618
101 625
101 745
101 755
101 929
101 987
102 434
102 655
102 650
102 850
102 177
102 459
102 639
102 469
102 149
102 413
102 456
102 944
103 476
103 321
103 742
103 145
103 431
103 865
103 135
103 204
103 216
103 231
103 303
103 365
103 430
103 500
103 556
103 680
103 701
103 702
103 724
103 859
103 951
104 315
104 473
104 946
104 525
104 615
104 350
104 132
104 195
104 353
104 436
104 482
104 546
104 624
104 669
104 755
104 804
104 810
104 987
104 989
105 227
105 167
105 831
105 211
105 462
105 606
105 612
105 639
105 654
105 744
105 797
105 914
105 916
105 947
106 881
106 461
106 773
106 702
106 863
106 619
106 904
106 761
106 157
106 285
106 334
106 365
106 738
106 940
107 667
107 957
107 567
107 741
107 126
107 914
107 481
107 269
107 270
107 292
107 382
107 468
107 785
107 947
107 993
108 965
108 305
108 990
108 590
108 296
108 210
108 289
108 663
108 219
108 274
108 868
108 977
109 377
109 252
109 311
109 209
109 596
109 749
109 590
109 448
109 215
109 602
109 555
109 665
109 140
109 210
109 219
109 267
109 338
109 358
109 370
109 446
109 547
109 558
109 572
109 613
109 646
109 668
109 727
109 798
109 799
109 815
109 824
109 849
109 875
109 883
109 892
109 918
109 977
109 983
110 673
110 300
110 115
110 789
110 123
110 266
110 291
110 333
110 341
110 432
110 451
110 472
110 594
110 708
110 740
110 767
110 926
110 947
110 959
110 965
110 979
110 990
110 998
111 487
111 249
111 723
111 278
111 982
111 395
111 914
111 193
111 754
111 282
111 356
111 416
111 554
111 700
111 724
111 799
111 882
111 923
111 969
112 596
112 537
112 367
112 563
112 912
112 483
112 147
112 617
112 943
112 506
112 366
112 293
112 634
112 778
112 829
112 840
112 950
113 379
113 462
113 777
113 332
113 324
113 204
113 335
113 461
113 491
113 702
113 706
114 330
114 375
114 644
114 484
114 825
114 840
114 240
114 898
114 190
114 954
114 568
114 704
114 804
114 139
114 412
114 537
114 921
114 936
114 973
115 467
115 687
115 802
115 399
115 876
115 661
115 680
115 833
115 246
115 283
115 289
115 300
115 343
115 358
115 376
115 608
115 793
115 834
116 621
116 519
116 520
116 946
116 385
116 192
116 825
116 386
116 833
116 568
116 968
116 179
116 240
116 295
116 357
116 432
116 473
116 593
116 847
117 930
117 320
117 529
117 393
117 192
117 238
117 967
117 545
117 889
117 143
117 197
117 293
117 375
117 439
117 573
118 337
118 703
118 262
118 571
118 182
118 478
118 592
118 702
118 435
118 198
118 317
118 334
118 665
118 680
118 821
119 756
119 250
119 378
119 772
119 825
119 912
119 344
119 295
119 238
119 386
119 232
119 844
119 179
119 251
119 398
119 632
119 675
119 810
119 833
119 839
119 851
119 992
120 937
120 387
120 702
120 284
120 600
120 191
120 233
120 351
120 549
120 585
120 706
120 817
120 935
120 986
121 890
121 734
121 359
121 901
121 157
121 733
121 792
121 135
121 151
121 476
121 502
121 578
121 629
121 705
121 903
122 885
122 357
122 196
122 405
122 640
122 702
122 666
122 326
122 337
122 519
122 705
122 774
123 557
123 333
123 939
123 407
123 422
123 493
123 217
123 128
123 136
123 155
123 169
123 300
123 360
123 402
123 583
123 749
123 890
124 801
124 309
124 720
124 422
124 268
124 738
124 155
124 209
124 210
124 296
124 438
124 521
124 524
124 622
124 646
124 849
125 850
125 979
125 484
125 483
125 889
125 833
125 950
125 574
125 154
125 132
125 286
125 426
125 626
125 966
126 157
126 287
126 626
126 347
126 203
126 465
126 820
126 886
126 923
126 258
126 344
126 520
126 627
126 726
126 741
126 842
126 861
127 534
127 410
127 556
127 899
127 865
127 975
127 238
127 217
127 361
127 425
127 619
127 978
128 172
128 246
128 168
128 841
128 419
128 155
128 857
128 861
128 214
128 340
128 407
128 849
128 868
128 972
129 683
129 599
129 861
129 906
129 603
129 187
129 441
129 444
129 531
129 856
129 993
130 512
130 203
130 265
130 886
130 456
130 394
130 460
130 238
130 271
130 356
130 550
130 594
130 627
130 652
130 671
130 800
130 984
131 588
131 338
131 555
131 225
131 875
131 983
131 165
131 373
131 505
131 363
131 169
131 186
131 422
131 622
131 628
131 651
131 782
131 952
132 179
132 760
132 624
132 460
132 134
132 242
132 840
132 313
132 456
132 489
132 501
132 642
132 676
132 772
132 838
132 884
132 889
132 912
132 987
132 988
133 702
133 988
133 276
133 644
133 973
133 141
133 575
133 248
133 312
133 375
133 393
133 518
133 560
133 699
133 840
133 871
133 912
133 967
134 565
134 154
134 143
134 898
134 396
134 704
134 810
134 860
134 921
134 948
135 653
135 341
135 264
135 328
135 297
135 666
135 926
135 453
135 183
135 204
135 277
135 346
135 435
135 489
135 897
136 959
136 427
136 849
136 622
136 209
136 263
136 314
136 318
136 370
136 373
136 446
136 572
136 604
136 702
136 765
136 808
137 680
137 900
137 702
137 433
137 986
137 904
137 341
137 189
137 217
137 281
137 312
137 389
137 568
137 614
137 774
137 837
137 878
137 940
138 661
138 309
138 524
138 782
138 974
138 175
138 329
138 214
138 219
138 399
138 532
138 749
138 922
138 932
138 978
138 991
139 845
139 876
139 922
139 557
139 558
139 296
139 532
139 663
139 280
139 373
139 458
139 577
139 590
139 596
139 815
139 910
140 307
140 933
140 722
140 668
140 733
140 729
140 751
140 283
140 557
140 972
141 254
141 276
141 510
141 610
141 840
141 189
141 633
141 386
141 277
141 479
141 569
141 617
141 966
142 329
142 283
142 228
142 771
142 152
142 165
142 172
142 209
142 234
142 377
142 412
142 528
142 756
142 764
142 802
142 917
142 936
142 952
142 959
143 576
143 741
143 823
143 569
143 540
143 948
143 688
143 921
143 320
143 924
143 250
143 381
143 544
143 600
143 615
143 949
143 950
143 992
144 906
144 997
144 856
144 438
144 741
144 867
144 855
144 928
144 960
145 256
145 204
145 717
145 702
145 780
145 614
145 328
145 686
145 336
145 201
145 212
145 285
145 318
145 477
145 549
145 578
145 625
145 667
145 774
145 830
145 832
145 869
145 881
145 980
146 846
146 511
146 741
146 823
146 279
146 275
146 294
146 308
146 312
146 531
146 797
146 915
146 923
146 928
146 953
147 861
147 751
147 967
147 529
147 562
147 195
147 543
147 484
147 600
147 946
147 229
147 254
147 649
147 670
147 690
147 847
147 943
147 968
148 793
148 257
148 218
148 750
148 422
148 225
148 500
148 572
148 883
148 919
148 158
148 246
148 343
148 595
148 736
149 815
149 284
149 574
149 242
149 844
149 936
149 245
149 185
149 463
149 546
149 823
149 848
150 291
150 910
150 677
150 289
150 995
150 455
150 697
150 651
150 314
150 157
150 298
150 288
150 412
150 471
150 508
150 526
150 806
150 841
151 940
151 963
151 284
151 702
151 318
151 433
151 159
151 331
151 624
151 262
151 285
151 372
151 456
151 706
151 737
151 901
152 158
152 613
152 533
152 168
152 218
152 422
152 440
152 521
152 557
152 641
152 762
153 803
153 737
153 431
153 665
153 538
153 566
153 702
153 799
153 899
153 971
154 678
154 649
154 250
154 676
154 353
154 253
154 386
154 473
154 492
154 574
154 732
154 784
154 804
154 833
154 884
154 912
154 973
154 992
155 472
155 727
155 933
155 358
155 890
155 210
155 767
155 798
155 668
155 771
155 849
155 626
155 184
155 228
155 422
155 750
155 824
156 768
156 822
156 843
156 398
156 426
156 248
156 378
156 507
156 484
156 194
156 344
157 304
157 935
157 196
157 217
157 695
157 703
157 450
157 897
157 231
157 276
157 321
157 453
157 458
157 473
157 514
157 701
157 731
157 773
157 800
157 837
157 866
158 412
158 360
158 962
158 391
158 323
158 999
158 719
158 584
158 608
158 995
158 565
158 172
158 268
158 358
158 409
158 419
158 422
158 466
158 485
158 493
158 668
158 670
158 813
158 815
158 868
158 883
158 892
158 917
159 412
159 414
159 317
159 312
159 313
159 334
159 520
159 637
159 640
159 652
159 695
159 743
160 985
160 255
160 981
160 459
160 692
160 395
160 444
160 768
160 249
160 290
160 449
160 511
160 599
160 735
160 758
160 818
161 440
161 422
161 801
161 246
161 391
161 207
161 880
161 646
161 390
161 368
161 283
161 376
161 909
161 466
161 524
161 613
161 922
161 720
161 474
161 724
161 377
161 402
161 782
162 603
162 308
162 438
162 807
162 710
162 227
162 606
162 315
162 270
162 836
162 551
162 565
162 969
162 258
162 383
162 620
162 627
162 658
162 679
162 688
162 702
162 896
163 815
163 782
163 999
163 557
163 266
163 681
163 883
163 912
163 932
164 387
164 714
164 784
164 809
164 170
164 605
164 936
164 669
164 518
164 544
164 822
164 366
164 224
164 254
164 260
164 386
164 479
164 644
164 844
164 847
164 949
164 970
165 767
165 234
165 188
165 338
165 995
165 257
165 815
165 186
165 288
165 314
165 492
165 588
165 765
165 910
165 918
166 925
166 714
166 679
166 724
166 454
166 551
166 174
166 576
166 683
166 347
166 471
166 895
166 474
166 696
166 177
166 412
166 424
166 499
166 612
166 627
166 726
166 919
166 928
167 975
167 287
167 856
167 177
167 511
167 873
167 278
167 316
167 579
167 599
167 758
167 805
167 892
167 934
167 981
167 984
168 309
168 268
168 532
168 604
168 872
168 399
168 410
168 575
168 596
168 782
168 916
168 962
169 874
169 845
169 220
169 913
169 977
169 557
169 782
169 246
169 376
169 621
169 763
169 323
169 181
169 207
169 422
169 722
169 802
169 868
170 949
170 670
170 573
170 843
170 179
170 828
170 699
170 884
170 950
170 229
170 624
170 240
170 251
170 822
170 696
170 245
170 735
170 897
170 946
171 702
171 780
171 433
171 863
171 436
171 703
171 680
171 357
171 230
171 380
171 403
171 431
171 468
171 581
171 729
171 738
171 852
171 978
172 427
172 274
172 210
172 466
172 485
172 291
172 493
172 952
172 622
172 841
172 267
172 583
172 215
172 668
172 867
173 372
173 819
173 275
173 976
173 203
173 873
173 754
173 278
173 193
173 177
173 345
173 759
173 223
173 325
173 430
173 444
173 522
173 735
173 747
173 896
173 905
174 658
174 770
174 204
174 259
174 383
174 509
174 576
174 862
174 984
175 500
175 883
175 203
175 633
175 188
175 363
175 368
175 390
175 407
175 493
175 560
175 740
175 749
175 763
175 782
175 920
175 952
175 959
176 792
176 482
176 501
176 609
176 829
176 632
176 825
176 779
176 563
176 746
176 711
176 189
176 245
176 300
176 479
176 516
176 529
176 642
176 675
176 699
176 854
176 884
176 929
176 943
176 946
177 909
177 945
177 594
177 626
177 836
177 601
177 916
177 449
177 504
177 513
177 745
177 955
177 981
178 423
178 492
178 885
178 359
178 431
178 702
178 614
178 478
178 458
178 578
178 312
178 321
178 436
178 549
178 635
178 706
178 733
178 881
178 975
179 617
179 716
179 276
179 854
179 525
179 570
179 344
179 924
179 260
179 277
179 518
179 624
179 632
179 676
179 810
179 840
179 877
179 907
179 967
180 213
180 459
180 906
180 895
180 313
180 512
180 925
180 984
180 818
180 255
180 554
180 515
180 654
180 961
180 469
180 454
180 449
180 416
180 421
180 211
180 259
180 290
180 301
180 456
180 499
180 530
180 553
180 923
181 789
181 664
181 719
181 306
181 668
181 814
181 974
181 790
181 674
181 880
181 485
181 716
181 219
181 305
181 423
181 466
181 775
181 782
181 868
182 702
182 561
182 339
182 578
182 902
182 753
182 206
182 796
182 387
182 457
182 734
182 787
182 817
182 846
182 897
183 736
183 206
183 494
183 513
183 635
183 701
183 717
183 777
183 878
183 903
184 598
184 880
184 271
184 272
184 343
184 422
184 466
184 485
184 628
184 748
184 789
184 824
184 849
185 801
185 317
185 227
185 286
185 529
185 949
185 254
185 248
185 439
185 966
185 569
185 482
185 330
185 238
185 755
185 810
185 929
186 280
186 972
186 622
186 524
186 814
186 467
186 338
186 323
186 267
186 271
186 418
186 775
187 304
187 582
187 567
187 934
187 916
187 961
187 785
187 255
187 295
187 331
187 374
187 648
187 656
187 660
187 812
187 981
188 412
188 636
188 841
188 363
188 728
188 804
188 751
188 307
188 368
188 664
188 697
189 248
189 698
189 844
189 245
189 254
189 350
189 506
189 540
189 562
189 570
189 709
189 891
189 979
190 428
190 540
190 482
190 586
190 992
190 828
190 359
190 479
190 501
190 510
190 632
190 844
190 966
190 970
190 973
191 978
191 462
191 231
191 702
191 792
191 328
191 341
191 527
191 665
191 476
191 336
191 705
191 394
191 304
191 566
191 837
192 209
192 847
192 921
192 609
192 629
192 202
192 460
192 506
192 522
192 632
192 841
193 650
193 513
193 678
193 199
193 356
193 660
193 834
193 862
193 955
194 366
194 851
194 276
194 698
194 253
194 394
194 470
194 479
194 483
194 569
194 618
194 668
194 751
194 848
194 892
195 225
195 724
195 249
195 295
195 483
195 772
195 238
195 507
195 330
195 348
195 353
195 501
195 517
195 537
195 560
195 573
195 575
195 689
195 778
195 823
195 885
195 934
196 701
196 742
196 761
196 351
196 328
196 337
196 359
196 361
196 437
196 442
196 539
196 637
196 777
196 780
196 795
196 816
197 380
197 690
197 833
197 393
197 573
197 348
197 996
197 586
197 810
197 638
197 779
197 822
197 831
198 532
198 986
198 405
198 640
198 927
198 903
198 397
198 702
198 930
198 461
198 341
198 336
198 361
198 457
198 486
198 497
198 826
199 616
199 347
199 906
199 976
199 456
199 864
199 481
199 292
199 401
199 490
199 626
199 728
200 702
200 294
200 955
200 997
200 269
200 576
200 836
200 938
200 434
200 546
200 648
200 812
200 925
201 322
201 930
201 582
201 231
201 389
201 956
201 940
201 328
201 478
201 489
201 491
201 561
201 595
201 614
201 617
201 632
201 951
202 467
202 632
202 386
202 544
202 238
202 375
202 420
202 823
202 825
202 851
203 986
203 712
203 692
203 413
203 567
203 347
203 468
203 499
203 625
203 710
203 754
203 759
203 914
203 947
204 995
204 559
204 487
204 665
204 335
204 894
204 926
204 986
204 905
204 833
204 317
204 538
204 640
204 795
204 956
205 660
205 413
205 836
205 213
205 315
205 741
205 579
205 873
205 916
205 352
205 580
205 606
205 712
205 769
205 842
205 947
205 957
206 389
206 357
206 931
206 359
206 592
206 897
206 837
206 478
206 702
206 476
206 324
206 362
206 236
206 533
206 619
206 721
206 803
206 894
206 902
207 622
207 215
207 876
207 798
207 521
207 687
207 913
207 673
207 218
207 225
207 256
207 283
207 305
207 338
207 412
207 442
207 446
207 505
207 532
207 608
207 939
207 983
208 244
208 497
208 721
208 653
208 859
208 792
208 284
208 534
208 339
208 743
208 578
208 334
208 344
208 549
208 682
208 737
208 978
209 577
209 782
209 409
209 288
209 296
209 590
209 241
209 370
209 279
209 304
209 360
209 391
209 412
209 427
209 646
209 740
209 939
210 547
210 289
210 418
210 598
210 782
210 274
210 360
210 422
210 508
210 577
210 608
210 646
210 648
210 727
210 740
210 776
210 834
210 876
210 998
211 231
211 520
211 287
211 269
211 870
211 456
211 603
211 511
211 438
211 852
211 404
211 413
211 541
211 660
211 934
212 986
212 718
212 436
212 743
212 702
212 465
212 751
212 322
212 667
212 693
212 734
212 837
213 713
213 846
213 679
213 270
213 313
213 480
213 504
213 258
213 292
213 342
213 421
213 565
213 786
213 831
213 850
213 957
213 969
213 981
214 412
214 234
214 995
214 790
214 722
214 651
214 299
214 343
214 762
214 528
214 681
214 296
214 814
214 439
214 228
214 241
214 247
214 532
214 604
214 646
214 880
215 521
215 608
215 834
215 508
215 876
215 584
215 557
215 263
215 257
215 267
215 300
215 314
215 407
215 602
215 628
215 750
215 789
215 798
215 806
216 963
216 695
216 442
216 312
216 477
216 863
216 900
217 461
217 328
217 694
217 281
217 348
217 361
217 635
217 640
217 701
218 306
218 257
218 977
218 622
218 508
218 219
218 673
218 451
218 532
218 555
218 608
218 727
218 782
218 876
218 896
219 974
219 790
219 849
219 808
219 225
219 455
219 910
219 535
219 402
219 524
219 590
219 665
220 402
220 813
220 790
220 764
220 668
220 622
220 621
220 329
220 547
220 806
221 418
221 964
221 759
221 648
221 656
221 652
221 447
221 915
221 227
221 424
221 548
221 830
221 945
222 348
222 224
222 573
222 482
222 302
222 286
222 295
222 545
222 615
222 618
222 675
223 369
223 692
223 783
223 832
223 953
223 599
223 459
223 255
223 257
223 356
223 454
223 490
224 303
224 276
224 829
224 987
224 546
224 344
224 354
224 484
224 439
224 898
224 711
224 251
224 295
224 562
224 613
224 629
224 699
224 779
224 784
224 877
224 921
224 967
224 996
225 939
225 808
225 697
225 280
225 373
225 664
225 296
225 400
225 466
225 558
225 782
225 806
225 845
226 359
226 389
226 542
226 680
226 702
226 792
226 482
226 487
226 742
226 777
226 913
227 852
227 550
227 315
227 886
227 867
227 499
227 627
227 650
227 683
227 731
227 747
227 914
227 947
227 981
228 990
228 604
228 467
228 440
228 762
228 641
228 790
228 853
228 418
228 443
228 485
228 535
228 651
228 708
228 841
228 868
228 881
228 909
229 575
229 279
229 411
229 495
229 385
229 355
229 844
229 432
229 860
229 428
229 907
229 586
229 688
229 696
229 644
229 992
229 970
229 302
229 426
229 506
229 649
229 732
229 756
229 778
229 898
230 582
230 643
230 863
230 318
230 729
230 519
230 873
230 665
230 744
230 780
230 821
230 869
230 975
231 834
231 359
231 614
231 894
231 780
231 324
231 410
231 477
231 523
231 558
231 799
231 881
231 980
232 690
232 239
232 609
232 658
232 716
232 827
232 871
232 888
232 921
233 956
233 748
233 942
233 971
233 372
233 402
233 486
233 519
233 559
233 667
233 686
233 729
233 731
233 777
233 941
234 622
234 440
234 790
234 338
234 802
234 806
234 422
234 918
234 607
234 270
234 272
234 314
234 493
234 547
234 566
234 604
234 749
234 920
235 876
235 319
235 453
235 556
235 729
235 702
235 346
235 450
235 297
235 365
235 536
235 643
235 726
235 897
235 901
236 457
236 777
236 915
236 303
236 539
236 816
236 817
236 858
236 865
236 891
237 878
237 503
237 548
237 520
237 724
237 265
237 424
237 309
237 394
237 434
237 715
237 906
238 732
238 847
238 676
238 992
238 827
238 618
238 638
238 988
238 385
238 473
238 593
238 670
238 685
238 844
238 966
239 290
239 968
239 501
239 525
239 987
239 615
239 676
239 506
239 948
240 598
240 242
240 675
240 593
240 970
240 253
240 525
240 912
240 760
240 943
240 840
240 245
240 254
240 302
240 473
240 618
240 809
240 860
240 948
240 989
241 280
241 323
241 626
241 679
241 706
241 775
242 800
242 350
242 348
242 642
242 675
242 732
242 746
243 285
243 694
243 297
243 491
243 478
243 774
243 903
243 963
243 680
243 695
243 425
243 405
243 444
243 433
243 630
243 705
243 753
243 795
243 837
244 872
244 702
244 616
244 389
244 317
244 359
244 484
244 564
244 878
245 650
245 273
245 678
245 509
245 385
245 411
245 912
245 398
245 495
245 670
245 700
245 709
245 732
245 848
245 879
245 949
246 801
246 376
246 647
246 360
246 370
246 861
246 382
246 485
246 602
246 764
246 808
246 887
247 407
247 965
247 555
247 516
247 467
247 402
247 917
247 418
247 448
247 557
247 651
247 722
247 802
247 933
247 937
248 820
248 525
248 804
248 839
248 698
248 843
248 543
248 699
248 806
248 829
249 795
249 842
249 597
249 401
249 855
249 255
249 258
249 331
249 446
249 469
249 700
249 741
249 777
249 853
249 953
249 982
250 924
250 987
250 543
250 293
250 545
250 746
250 385
250 510
250 676
250 804
250 843
251 784
251 988
251 828
251 525
251 609
251 411
251 574
251 426
251 253
251 350
251 575
251 589
251 649
251 668
251 709
251 716
251 966
251 996
252 349
252 636
252 535
252 793
252 983
252 906
252 833
252 368
252 418
252 782
252 862
252 887
252 999
253 380
253 286
253 644
253 276
253 350
253 560
253 820
253 825
253 838
254 563
254 506
254 482
254 979
254 388
254 350
254 295
254 302
254 479
254 649
254 678
254 898
254 966
254 970
255 953
255 515
255 512
255 981
255 830
255 441
255 438
255 416
255 424
255 429
255 471
255 660
255 725
256 762
256 373
256 965
256 272
256 876
256 271
256 443
256 920
256 958
257 719
257 876
257 782
257 795
257 407
257 524
257 581
257 882
258 806
258 259
258 728
258 671
258 842
258 282
258 820
258 864
258 699
258 292
258 504
258 785
258 947
258 957
259 658
259 659
259 444
259 352
259 928
259 511
259 862
259 278
259 384
259 861
259 692
259 520
259 594
259 916
259 953
260 831
260 574
260 676
260 610
260 871
260 994
260 570
260 388
260 473
260 553
260 828
260 851
261 272
261 407
261 436
261 627
261 697
261 806
261 841
261 876
262 773
262 900
262 980
262 303
262 317
262 397
262 431
262 536
262 539
262 702
262 743
262 795
262 821
262 881
262 942
262 978
263 909
263 668
263 990
263 338
263 557
263 801
263 329
263 639
263 857
263 998
264 821
264 899
264 637
264 702
264 496
264 425
264 403
264 328
264 324
264 684
265 269
265 292
265 867
265 955
265 395
265 895
265 914
265 714
265 456
265 342
265 356
265 374
265 380
265 404
265 492
265 597
265 664
265 692
265 744
265 812
265 947
266 508
266 999
266 402
266 455
266 466
266 590
266 789
266 801
266 857
266 875
266 965
267 505
267 708
267 455
267 271
267 448
267 493
267 999
267 427
267 547
267 962
267 793
267 939
267 677
267 782
267 801
267 841
267 913
268 722
268 604
268 532
268 781
268 749
268 995
268 271
268 933
268 508
268 306
268 427
268 919
268 393
268 305
268 455
268 584
268 793
268 808
268 910
268 913
269 400
269 520
269 832
269 530
269 846
269 886
269 313
269 548
269 625
269 658
269 928
269 945
269 984
270 703
270 723
270 551
270 982
270 449
270 928
270 454
270 417
270 275
270 378
270 404
270 499
270 513
270 565
270 785
270 812
270 861
270 870
270 992
271 407
271 922
271 314
271 521
271 291
271 312
271 343
271 921
271 972
272 407
272 500
272 664
272 604
272 279
272 306
272 555
272 590
272 621
272 782
272 932
273 386
273 638
273 388
273 518
273 484
273 286
273 432
273 560
273 575
274 767
274 764
274 379
274 677
274 427
274 822
274 280
274 443
274 641
274 647
274 762
274 782
275 520
275 819
275 683
275 984
275 406
275 369
275 831
275 882
275 313
275 392
275 434
275 961
275 656
275 825
275 421
275 490
275 504
275 531
275 580
275 702
275 754
275 789
275 832
275 864
276 445
276 779
276 388
276 587
276 912
276 575
276 574
276 609
276 839
276 943
277 512
277 851
277 760
277 378
277 746
277 833
277 600
277 499
277 589
278 735
278 744
278 606
278 469
278 728
278 320
278 325
278 464
278 471
278 743
278 785
278 812
278 895
278 934
278 938
279 587
279 690
279 979
279 544
279 367
279 371
279 522
279 600
279 688
279 784
279 899
280 422
280 572
280 764
280 343
280 427
280 845
280 418
280 419
280 451
280 608
280 965
281 425
281 859
281 327
281 378
281 380
281 553
281 592
281 666
281 693
281 702
281 737
281 816
282 300
282 352
282 831
282 316
282 447
282 928
282 441
282 895
282 870
282 541
282 406
282 457
282 620
282 626
282 867
282 984
283 781
283 418
283 446
283 451
283 505
283 532
283 636
283 722
283 849
283 920
283 933
284 666
284 442
284 457
284 364
284 942
284 285
284 297
284 317
284 372
284 549
284 702
284 761
284 794
284 863
284 881
284 941
284 971
285 564
285 686
285 737
285 561
285 319
285 442
285 630
285 403
285 326
285 328
285 453
285 476
285 733
285 734
285 738
285 803
286 968
286 428
286 570
286 907
286 545
286 355
286 375
286 509
286 562
286 589
286 690
286 711
286 779
287 554
287 896
287 316
287 447
287 394
287 852
287 842
287 580
287 308
287 392
287 301
287 401
287 468
287 471
287 512
287 621
287 818
287 856
287 916
288 532
288 664
288 409
288 422
288 524
288 646
288 841
288 879
288 883
288 967
289 467
289 572
289 801
289 311
289 412
289 809
289 697
289 815
290 294
290 606
290 700
290 657
290 654
290 404
290 298
290 352
290 465
290 649
290 685
290 739
290 938
290 985
291 422
291 763
291 722
291 681
291 806
291 604
291 768
291 446
291 528
291 789
291 853
291 879
291 998
292 503
292 352
292 882
292 550
292 856
292 984
292 421
292 662
292 395
292 404
292 469
292 671
292 744
292 748
292 817
292 864
292 957
293 362
293 704
293 615
293 838
293 835
293 847
294 347
294 550
294 713
294 512
294 953
294 557
294 627
294 660
294 696
294 715
294 896
295 354
295 525
295 366
295 889
295 711
295 420
295 950
295 746
295 690
295 638
295 756
295 860
295 586
295 330
295 596
295 615
295 840
295 987
295 994
296 802
296 719
296 908
296 646
296 661
296 391
296 984
296 407
296 550
296 673
296 708
296 724
296 737
296 790
296 801
296 806
297 702
297 552
297 640
297 721
297 680
297 774
297 684
297 701
297 441
297 303
297 312
297 539
297 559
297 686
297 739
297 759
297 799
297 821
298 856
298 650
298 481
298 308
298 404
298 394
298 445
298 567
298 735
298 768
298 769
298 836
299 521
299 485
299 845
299 314
299 558
299 794
299 447
299 407
299 475
299 590
299 808
299 999
300 668
300 722
300 750
300 913
300 965
300 664
300 423
300 390
300 719
300 790
300 814
300 373
300 506
300 302
300 407
300 584
300 636
300 708
300 778
300 801
300 933
300 990
301 371
301 580
301 997
301 660
301 955
301 985
301 644
301 460
301 325
301 421
301 620
301 832
301 861
301 984
302 646
302 847
302 574
302 924
302 755
302 669
302 354
302 992
302 973
302 569
302 344
302 510
302 522
302 560
302 593
302 670
302 848
303 533
303 640
303 702
303 611
303 905
303 552
303 312
303 372
303 389
303 437
303 701
303 866
303 911
304 647
304 858
304 971
304 322
304 821
304 410
304 312
304 863
304 873
304 934
304 964
304 975
305 782
305 789
305 311
305 379
305 370
305 580
305 920
306 647
306 781
306 752
306 782
306 452
306 890
306 440
306 488
306 532
306 876
307 343
307 608
307 647
307 408
307 390
307 782
307 875
307 959
308 499
308 659
308 662
308 464
308 728
308 543
308 428
308 404
308 530
308 648
308 658
308 783
308 831
309 391
309 440
309 845
309 661
309 607
309 811
309 377
309 475
309 526
309 535
309 677
309 814
310 702
310 721
310 787
310 405
310 387
310 837
310 937
310 372
310 859
310 332
310 377
310 389
310 695
310 780
310 796
311 558
311 834
311 423
311 391
311 407
311 608
311 616
311 641
311 720
311 775
311 776
311 813
311 880
311 908
311 920
311 958
312 803
312 339
312 470
312 761
312 492
312 702
312 956
312 564
312 680
312 324
312 365
312 645
312 403
312 405
312 705
313 626
313 481
313 579
313 504
313 580
313 612
313 823
313 906
314 767
314 702
314 466
314 472
314 493
314 610
314 727
314 752
314 789
315 705
315 430
315 392
315 434
315 921
315 545
315 454
315 715
315 723
315 785
315 861
315 925
315 950
316 722
316 359
316 531
316 652
316 683
316 882
316 382
316 434
316 438
316 481
316 530
316 743
316 744
316 770
316 934
317 684
317 702
317 581
317 736
317 637
317 881
317 731
317 364
317 437
317 595
318 436
318 859
318 702
318 794
318 956
318 321
318 491
318 726
318 821
318 826
319 527
319 738
319 702
319 956
319 397
319 425
319 935
319 359
319 986
319 619
319 332
319 538
319 926
319 756
319 449
319 566
319 592
319 693
319 753
319 858
319 885
320 944
320 784
320 589
320 907
320 509
320 629
320 810
320 348
320 398
320 779
321 702
321 364
321 667
321 942
321 686
321 619
321 684
321 703
321 795
321 893
322 414
322 559
322 930
322 614
322 337
322 415
322 491
322 592
322 686
322 702
322 816
322 942
323 472
323 909
323 558
323 528
323 972
323 767
323 875
323 905
323 699
323 843
323 343
323 349
323 399
323 407
323 681
323 764
323 813
323 841
324 897
324 971
324 578
324 564
324 794
324 536
324 593
324 718
324 738
324 795
324 837
325 691
325 655
325 728
325 800
325 805
325 714
325 724
325 819
325 356
325 469
325 785
325 369
325 550
325 620
325 623
325 628
325 797
325 861
325 870
326 702
326 359
326 774
326 414
326 940
326 410
326 978
326 926
326 579
326 361
326 470
326 514
326 773
326 799
326 821
326 911
327 951
327 702
327 497
327 926
327 478
327 498
327 523
327 738
327 748
327 770
327 894
327 903
327 956
328 491
328 742
328 365
328 476
328 534
328 591
328 630
328 640
328 736
328 795
328 904
329 782
329 849
329 920
329 856
329 992
329 338
329 343
329 391
329 526
329 590
329 708
329 719
329 763
329 765
329 775
330 508
330 436
330 638
330 510
330 835
330 366
330 355
331 861
331 648
331 464
331 550
331 599
331 832
331 870
331 384
331 421
331 459
331 882
331 953
332 702
332 926
332 486
332 900
332 437
332 487
332 971
332 803
332 530
332 950
332 431
332 458
332 635
332 640
332 665
332 788
332 935
333 932
333 790
333 687
333 892
333 720
333 604
333 598
333 502
333 349
333 535
333 602
333 798
333 977
333 983
333 991
334 450
334 425
334 470
334 729
334 581
334 881
334 637
334 433
334 489
334 527
334 614
334 653
334 667
335 782
335 405
335 731
335 350
335 375
335 457
335 582
335 674
335 702
335 718
335 729
335 866
335 911
336 486
336 364
336 359
336 702
336 450
336 773
336 492
336 614
336 645
336 690
336 780
336 903
336 941
336 980
337 590
337 702
337 757
337 486
337 433
337 553
337 630
337 748
337 963
338 909
338 363
338 370
338 577
338 602
338 789
338 814
338 999
339 571
339 702
339 665
339 820
339 415
339 435
339 536
339 547
339 566
339 578
339 761
339 780
339 794
340 854
340 545
340 950
340 670
340 912
340 948
340 426
340 428
340 460
340 586
340 638
340 813
340 825
340 827
341 803
341 359
341 498
341 433
341 930
341 742
341 351
341 414
341 424
341 461
341 645
341 702
341 866
342 887
342 873
342 914
342 401
342 747
342 469
342 886
342 925
342 384
342 955
342 406
342 471
342 520
342 565
342 580
342 626
342 712
342 881
342 964
343 641
343 443
343 622
343 922
343 446
343 349
343 649
343 377
343 407
343 516
343 727
343 740
343 887
344 687
344 366
344 398
344 822
344 348
344 355
344 629
344 634
344 839
344 848
344 989
345 362
345 985
345 945
345 928
345 347
345 662
345 404
345 480
345 652
345 957
345 961
345 994
346 646
346 523
346 498
346 734
346 486
346 863
346 859
346 380
346 400
346 410
346 502
346 702
346 796
346 821
346 869
347 550
347 656
347 395
347 955
347 401
347 471
347 490
347 601
347 612
347 639
347 658
347 659
348 450
348 663
348 432
348 510
348 847
348 689
348 804
348 772
348 642
348 907
348 678
348 378
348 388
348 396
348 483
348 507
348 644
348 898
348 979
349 532
349 467
349 801
349 397
349 546
349 399
349 479
349 781
349 879
350 611
350 966
350 525
350 507
350 484
350 833
350 827
350 522
350 839
350 562
350 943
350 509
350 566
350 600
350 631
350 809
350 884
350 989
351 702
351 437
351 706
351 705
351 863
351 738
351 665
351 533
351 362
351 552
351 858
352 850
352 886
352 786
352 867
352 768
352 916
352 381
352 459
352 541
352 679
352 756
352 766
352 793
352 805
352 820
352 842
352 905
352 906
352 982
353 464
353 877
353 827
353 833
353 663
353 987
353 562
353 690
353 779
353 420
353 509
353 381
353 560
354 934
354 810
354 587
354 994
354 711
354 633
354 562
354 649
354 396
354 510
354 646
354 663
354 704
354 766
354 823
354 825
354 888
354 936
355 631
355 746
355 385
355 889
355 967
355 994
355 586
355 367
355 386
355 525
355 860
355 921
356 526
356 657
356 429
356 685
356 413
356 511
356 925
356 870
356 606
356 964
356 836
356 730
356 521
356 654
356 683
356 984
357 585
357 571
357 702
357 748
357 457
357 592
357 783
357 442
357 534
357 616
357 694
358 532
358 806
358 661
358 518
358 360
358 373
358 377
358 418
358 423
358 427
358 488
358 524
358 727
358 765
358 834
358 841
359 702
359 476
359 571
359 491
359 494
359 591
359 630
359 903
359 938
359 971
360 764
360 771
360 890
360 815
360 608
360 379
360 446
360 462
360 613
360 708
360 995
361 672
361 899
361 900
361 581
361 702
361 539
361 497
361 701
361 971
361 975
362 682
362 707
362 721
362 753
363 668
363 577
363 500
363 584
363 861
363 409
363 455
363 485
363 516
363 622
363 651
363 673
363 738
363 740
363 790
363 841
363 883
363 910
363 922
363 977
364 553
364 702
364 975
364 431
364 403
364 469
364 791
364 829
364 470
364 502
364 536
364 611
364 780
364 834
365 591
365 414
365 941
365 903
365 666
365 900
365 731
365 595
365 523
365 930
366 439
366 517
366 936
366 822
366 838
366 698
366 709
366 772
366 825
366 851
366 888
366 907
366 943
366 988
367 563
367 484
367 420
367 804
367 698
367 838
367 610
367 562
367 589
367 669
367 735
367 848
367 877
367 936
367 966
367 992
368 583
368 651
368 390
368 939
368 719
368 613
368 598
368 808
368 881
368 455
368 697
368 890
369 395
369 499
369 735
369 759
369 655
369 401
369 984
369 683
369 383
369 807
369 928
370 379
370 998
370 651
370 402
370 472
370 802
370 880
370 969
371 951
371 899
371 702
371 433
371 975
371 963
371 703
371 637
371 692
371 797
372 731
372 430
372 477
372 530
372 566
372 620
372 640
372 702
372 723
373 697
373 752
373 621
373 661
373 972
373 762
373 379
373 781
373 423
373 939
373 420
373 428
373 408
373 485
373 585
373 596
373 845
373 849
374 504
374 520
374 511
374 818
374 906
374 870
374 474
374 415
374 530
374 725
374 754
374 768
374 797
374 852
374 916
375 602
375 556
375 426
375 411
375 506
375 589
375 642
375 669
375 691
375 950
375 973
376 801
376 409
376 977
376 408
376 472
376 604
376 622
376 664
376 681
376 708
376 782
376 880
377 782
377 613
377 521
377 824
377 558
377 977
377 983
377 407
377 422
377 418
377 697
377 740
377 857
377 920
378 847
378 811
378 711
378 946
378 439
378 518
378 540
378 610
378 634
378 712
378 784
378 989
379 995
379 798
379 471
379 493
379 499
379 535
379 681
379 763
379 781
379 866
379 939
380 461
380 975
380 702
380 431
380 586
380 690
380 389
380 468
380 694
381 663
381 518
381 809
381 746
381 638
381 386
381 439
381 460
381 575
381 600
381 634
381 689
381 735
381 996
382 693
382 862
382 513
382 877
382 468
382 520
382 642
382 691
382 819
382 873
382 982
383 504
383 747
383 769
383 464
383 938
383 434
383 683
383 870
383 832
383 499
383 511
383 465
383 490
383 685
383 726
383 985
384 511
384 612
384 655
384 953
384 797
384 517
384 642
384 392
384 404
384 650
384 831
384 853
384 896
385 899
385 979
385 506
385 698
385 610
385 617
385 495
385 618
385 702
385 784
385 871
385 918
385 936
385 946
385 994
386 839
386 828
386 473
386 546
386 811
386 562
386 871
386 432
386 495
386 503
386 543
386 569
386 615
387 564
387 702
387 595
387 937
387 792
387 439
387 486
387 494
387 536
387 978
388 699
388 411
388 634
388 393
388 439
388 586
388 617
388 475
388 543
388 546
388 600
388 644
388 751
388 835
388 839
388 888
388 924
389 552
389 737
389 476
389 431
389 903
389 414
389 702
389 502
389 891
389 905
390 577
390 841
390 466
390 697
390 977
390 408
390 451
390 452
391 965
391 500
391 514
391 496
391 407
391 598
391 708
391 722
391 782
391 821
391 939
391 952
392 997
392 655
392 576
392 606
392 768
392 468
392 712
392 725
392 831
392 916
392 953
392 962
392 993
393 398
393 948
393 432
393 968
393 709
393 988
393 610
393 839
393 495
393 810
393 844
394 417
394 754
394 797
394 723
394 735
394 997
394 679
394 594
394 481
394 520
394 550
394 725
394 786
394 864
394 870
394 916
395 659
395 464
395 401
395 429
395 520
395 656
395 692
395 723
395 724
395 836
395 850
395 932
395 934
395 961
396 510
396 509
396 518
396 617
396 663
396 746
396 840
396 966
397 753
397 733
397 702
397 478
397 542
397 581
397 672
397 707
397 727
397 742
397 799
397 826
397 935
397 963
398 433
398 569
398 663
398 670
398 779
398 525
398 631
398 460
398 689
399 983
399 502
399 584
399 673
399 874
399 890
400 905
400 780
400 523
400 798
401 995
401 759
401 511
401 947
401 499
401 691
401 659
401 444
401 451
401 463
401 513
401 554
401 671
401 770
401 842
401 945
402 801
402 555
402 909
402 932
402 920
402 793
402 752
402 731
402 432
402 641
402 740
402 789
403 878
403 893
403 581
403 527
403 437
403 414
403 425
403 457
403 645
403 682
404 456
404 754
404 895
404 832
404 870
404 464
404 639
405 894
405 552
405 582
405 591
405 502
405 597
405 635
405 645
405 702
406 551
406 438
406 430
406 652
406 818
406 842
407 762
407 622
407 999
407 910
407 990
407 647
407 677
407 646
407 521
407 782
407 558
407 412
407 727
407 478
407 544
407 451
407 572
407 628
407 636
407 708
407 740
407 802
407 806
407 834
407 841
407 845
407 974
408 521
408 764
408 438
408 537
408 547
408 584
408 699
408 775
408 801
408 849
408 991
409 583
409 488
409 664
409 990
409 495
409 440
409 475
409 721
409 876
410 816
410 542
410 442
410 502
410 519
410 773
410 901
410 445
410 487
410 844
411 560
411 426
411 756
411 617
411 563
411 589
411 840
411 854
411 432
411 810
411 507
411 483
411 522
411 562
411 760
411 809
411 946
411 979
411 988
412 874
412 583
412 528
412 990
412 628
412 781
412 467
412 814
412 858
412 880
412 962
412 982
413 876
413 474
413 656
413 465
413 691
413 429
413 953
413 950
413 580
413 853
413 962
414 738
414 559
414 702
414 487
414 615
414 705
414 718
414 821
414 891
414 899
415 905
415 787
415 757
415 703
415 858
415 902
415 931
415 611
415 431
415 630
415 971
416 499
416 601
416 831
416 554
416 599
416 745
416 918
417 468
417 724
417 934
417 895
417 600
417 530
417 612
417 620
417 660
417 786
417 800
417 807
417 811
417 980
418 879
418 752
418 972
418 646
418 602
418 608
418 661
418 720
418 775
418 908
419 892
419 908
419 808
419 558
419 781
419 590
419 565
419 752
419 782
420 897
420 632
420 698
420 898
420 994
420 751
420 458
420 495
420 871
420 907
420 989
421 856
421 459
421 662
421 512
421 759
421 424
421 515
421 652
421 915
422 765
422 590
422 524
422 628
422 922
422 998
423 933
423 845
423 752
423 782
423 977
423 774
423 836
423 505
423 749
423 991
424 975
424 548
424 612
424 856
424 692
424 754
424 923
424 430
424 627
424 715
424 741
424 769
424 867
424 960
425 963
425 514
425 935
425 492
425 494
425 561
425 566
425 680
425 734
425 796
425 803
425 891
426 704
426 828
426 563
426 568
426 570
426 966
426 996
427 781
427 983
427 722
427 508
427 555
427 572
427 613
427 939
428 689
428 829
428 510
428 851
428 479
428 633
428 678
428 716
428 772
428 776
428 823
429 456
429 947
429 447
429 565
429 601
429 685
429 707
429 726
429 807
430 577
430 476
430 830
430 976
430 785
430 541
430 580
430 623
430 627
430 712
430 735
430 739
430 758
431 787
431 702
431 799
431 858
431 616
431 703
431 597
431 859
431 971
431 989
432 954
432 495
432 838
432 676
432 506
432 544
432 698
432 804
432 835
432 842
432 921
432 952
432 964
432 970
433 816
433 682
433 453
433 640
433 901
433 477
433 611
433 680
433 702
433 706
433 799
433 878
433 956
433 975
434 673
434 597
434 548
434 550
434 626
434 463
434 554
434 623
434 625
434 636
434 652
434 685
434 735
434 800
434 864
434 873
434 915
434 976
435 963
435 701
435 672
435 904
435 817
435 552
435 462
435 986
435 437
435 533
435 595
435 665
436 702
436 869
436 591
436 738
436 891
436 619
436 963
436 711
436 494
436 552
436 706
436 718
436 742
436 881
436 951
436 986
437 478
437 858
437 774
437 461
437 901
437 753
437 891
437 553
437 540
437 491
437 702
437 787
437 803
438 961
438 855
438 503
438 812
438 925
438 603
438 982
438 444
438 712
438 805
438 823
439 794
439 570
439 663
439 711
439 610
439 593
439 642
439 698
439 907
439 989
440 687
440 909
440 647
440 508
440 763
440 488
440 516
440 545
440 674
440 946
441 535
441 861
441 981
441 648
441 658
441 915
441 830
441 560
441 625
441 679
441 691
441 714
442 980
442 519
442 571
442 702
442 497
442 729
442 885
442 956
442 978
443 719
443 508
443 528
443 604
443 661
443 974
443 824
443 577
443 656
443 669
443 554
443 590
443 922
444 719
444 953
444 842
444 914
444 786
444 620
444 812
444 964
444 654
444 480
444 503
444 728
444 741
444 747
444 802
445 702
445 927
445 701
445 729
445 956
445 774
445 748
445 900
445 494
445 519
445 585
445 635
445 885
445 899
446 584
446 998
446 664
446 516
446 608
446 802
446 475
446 647
446 712
446 892
446 910
446 991
447 481
447 828
447 468
447 567
447 671
447 692
447 758
447 785
447 807
447 819
447 836
448 879
448 977
448 466
448 838
448 618
448 793
448 841
448 998
449 944
449 957
449 480
449 513
449 725
449 783
450 780
450 656
450 489
450 524
450 534
450 536
450 595
450 688
450 702
450 788
451 910
451 720
451 909
451 681
451 900
451 647
451 879
451 918
451 974
452 722
452 532
452 913
452 857
453 702
453 795
453 893
453 975
453 896
453 703
453 733
454 659
454 982
454 786
454 725
454 728
454 759
454 800
454 928
454 945
455 932
455 841
455 493
455 687
455 810
455 618
455 764
455 767
455 884
455 962
455 977
456 603
456 464
456 691
456 947
456 856
456 468
456 471
456 504
456 550
456 594
456 770
456 861
456 873
457 963
457 611
457 527
457 702
457 578
457 686
457 461
457 737
457 782
457 927
458 717
458 630
458 556
458 461
458 635
458 645
458 695
458 737
458 738
458 903
459 487
459 797
459 739
459 576
459 603
459 745
459 895
459 490
459 580
459 759
459 819
459 655
459 791
459 548
459 888
459 710
460 518
460 979
460 605
460 634
460 642
460 833
460 543
460 633
460 689
460 562
460 958
461 837
461 491
461 523
461 702
461 667
461 476
461 519
461 799
461 926
461 963
462 890
462 894
462 788
462 476
462 702
462 695
462 556
462 694
462 733
462 792
462 902
462 903
462 978
463 842
463 916
463 993
463 644
463 968
463 499
463 565
463 712
463 724
463 739
463 850
464 938
464 961
464 770
464 710
464 603
464 724
464 785
464 797
464 836
464 945
465 818
465 786
465 481
465 530
465 597
465 657
465 683
465 728
465 758
465 768
465 820
465 862
465 896
466 590
466 782
466 771
466 922
466 599
466 770
466 845
466 857
466 983
466 999
467 687
467 697
467 767
467 674
467 528
467 584
467 590
467 608
467 628
467 781
467 782
467 811
467 813
467 849
467 922
467 999
468 548
468 724
468 513
468 515
468 603
468 836
468 481
468 914
468 745
468 627
468 754
468 744
468 797
468 984
469 984
469 882
469 679
469 820
469 791
469 642
469 557
469 567
469 626
469 725
469 744
469 852
469 925
470 702
470 942
470 477
470 930
470 496
470 630
470 578
470 682
470 695
470 785
470 689
470 536
470 637
470 640
470 684
470 926
471 601
471 916
471 580
471 739
471 623
471 504
472 673
472 558
472 782
472 972
472 668
472 801
472 951
472 557
472 874
472 875
473 696
473 967
473 615
473 809
473 989
474 922
474 985
474 812
474 914
474 928
474 531
474 597
474 623
474 648
474 662
474 694
474 735
474 804
474 805
474 807
474 916
474 938
475 697
475 719
475 668
475 508
475 804
476 702
476 564
476 796
476 753
476 734
476 729
476 496
476 566
476 670
476 761
477 489
477 643
477 733
477 930
477 900
477 702
477 534
477 757
477 549
477 478
477 707
477 731
477 877
477 881
478 559
478 687
478 702
478 865
478 881
478 911
478 931
479 958
479 506
479 537
479 670
479 560
479 973
479 618
479 929
479 996
480 771
480 805
480 726
480 842
480 688
480 490
480 662
480 715
480 864
480 947
480 982
481 612
481 957
481 606
481 934
481 601
481 691
481 726
481 797
481 820
481 831
481 864
481 870
482 846
482 884
482 912
482 510
482 839
482 525
482 779
482 570
482 678
482 698
482 766
482 784
482 811
482 877
482 921
482 966
483 669
483 988
483 562
483 822
483 509
483 518
483 546
483 575
483 884
483 936
483 950
483 963
484 575
484 495
484 699
484 979
484 617
484 676
484 774
484 809
484 943
485 664
485 782
485 849
485 876
485 543
485 598
486 817
486 538
486 701
486 903
486 494
486 532
486 535
486 545
486 591
486 637
486 703
486 735
486 774
486 792
486 803
486 980
486 986
487 614
487 865
487 718
487 695
487 536
487 702
487 534
487 935
488 673
488 990
488 909
489 963
489 702
489 498
489 951
489 595
489 502
489 799
489 893
490 550
490 741
490 768
490 856
490 955
490 520
490 603
490 620
490 758
490 882
490 895
490 911
490 919
490 981
491 592
491 695
491 773
491 794
491 702
491 821
491 859
491 595
491 682
491 816
491 893
492 661
492 694
492 792
492 552
492 496
492 702
492 900
492 498
492 706
492 773
492 963
493 918
493 590
493 535
493 557
493 991
494 905
494 616
494 702
494 497
494 502
494 540
494 927
495 921
495 825
495 517
495 898
495 884
495 992
495 510
495 587
495 593
495 967
496 974
496 519
496 899
496 742
496 795
496 748
496 738
496 591
496 640
496 891
497 702
497 963
497 878
497 592
497 891
497 684
497 701
497 717
498 653
498 702
498 564
498 693
498 566
498 537
498 729
498 787
498 803
498 865
498 885
498 901
499 783
499 725
499 625
499 658
499 603
499 914
499 864
499 632
499 744
499 944
500 557
500 883
500 987
500 524
500 528
500 857
500 983
501 624
501 632
501 829
501 629
501 825
501 517
501 698
501 778
501 948
502 552
502 736
502 680
502 523
502 717
502 619
502 645
502 911
502 702
502 738
502 947
502 780
502 826
502 885
503 850
503 895
503 785
503 805
503 819
504 592
504 928
504 805
504 818
504 723
504 712
504 960
504 548
504 728
505 913
505 999
505 782
505 557
505 602
505 697
505 726
505 920
505 952
506 778
506 634
506 848
506 970
506 860
506 699
506 822
506 509
506 678
506 732
506 988
507 618
507 888
507 569
507 634
507 709
507 811
507 955
507 988
508 722
508 880
508 588
508 547
508 600
508 771
508 958
509 617
509 711
509 843
509 704
509 835
509 811
509 631
509 844
509 943
510 678
510 778
510 540
510 545
510 647
510 810
510 838
510 898
510 924
510 987
511 724
511 723
511 836
511 715
511 655
511 744
511 654
511 745
511 805
511 864
511 895
511 915
511 982
512 558
512 715
512 657
512 550
512 700
512 726
512 548
512 811
512 560
512 710
512 882
512 976
513 800
513 648
513 580
513 993
513 656
513 819
513 726
513 957
514 881
514 635
514 581
514 773
514 619
514 553
515 735
515 919
515 724
515 594
515 830
515 662
515 855
515 626
515 710
515 831
515 886
516 613
516 528
516 661
516 572
516 628
516 664
516 673
516 775
516 782
516 806
516 826
516 941
516 977
517 802
517 751
517 833
517 943
517 689
517 562
517 600
517 545
517 756
517 618
517 659
518 764
518 779
518 877
518 609
518 562
518 573
518 610
518 650
518 678
518 847
518 916
518 946
518 967
518 987
519 720
519 978
519 645
519 963
519 902
519 865
519 559
519 816
519 850
520 747
520 945
520 550
520 759
520 659
520 906
520 832
520 914
520 812
520 840
520 599
520 652
520 770
520 961
520 976
520 998
521 806
521 677
521 913
521 687
521 782
521 983
521 641
521 765
521 775
521 953
521 958
521 972
522 721
522 728
522 586
522 847
522 732
522 537
522 545
522 546
522 593
522 609
522 652
522 704
522 793
523 578
523 653
523 702
523 684
523 536
523 881
523 964
523 672
523 729
524 909
524 782
524 807
524 558
524 836
524 998
525 829
525 631
525 772
525 544
525 593
525 716
526 806
526 771
526 588
526 750
526 802
527 859
527 640
527 792
527 757
527 591
527 643
527 702
527 837
527 937
527 963
528 815
528 588
528 913
528 892
528 868
528 592
528 667
528 895
528 715
528 628
528 782
528 813
529 835
529 732
529 766
529 924
529 593
529 605
529 663
529 689
529 709
529 804
529 877
529 992
530 712
530 867
530 679
530 997
530 836
530 683
530 589
530 594
530 597
530 625
530 993
531 938
531 659
531 551
531 754
531 825
531 567
531 656
531 657
531 783
532 974
532 890
532 908
532 697
532 592
532 608
532 674
532 871
532 995
533 977
533 665
533 963
533 792
533 616
533 901
533 581
533 672
533 773
534 577
534 538
534 682
534 905
534 702
534 610
534 866
535 647
535 651
535 875
535 596
535 740
535 772
535 776
535 782
535 874
536 817
536 757
536 894
536 702
536 559
536 941
536 956
536 672
537 545
537 615
537 690
537 688
537 709
537 766
537 778
537 842
537 970
538 863
538 702
538 881
538 978
538 686
538 578
538 549
538 742
538 941
538 645
539 682
539 951
539 878
539 702
539 611
539 826
539 935
540 579
540 574
540 573
540 823
540 967
540 936
540 644
540 838
540 851
540 678
540 948
540 835
540 587
540 756
541 601
541 820
541 550
541 659
541 964
541 576
541 594
541 652
541 657
541 710
541 715
541 742
542 549
542 702
542 940
542 686
542 682
542 750
542 838
542 902
542 963
543 670
543 689
543 638
543 822
543 624
543 563
543 644
543 760
544 913
544 589
544 633
544 632
544 618
544 778
544 823
544 848
544 929
545 991
545 675
545 632
545 772
545 968
545 634
546 807
546 833
546 562
546 921
546 642
546 675
546 581
546 617
546 811
546 838
546 854
547 849
547 879
547 775
547 813
547 890
547 600
547 570
547 602
547 641
547 909
548 867
548 843
548 838
548 626
548 654
548 728
548 744
548 915
548 923
548 981
549 614
549 702
549 564
549 741
549 746
549 611
550 797
550 730
550 625
550 683
550 723
550 864
550 870
550 915
550 916
551 983
551 700
551 812
551 758
551 830
551 846
551 639
551 853
551 873
551 976
552 561
552 702
552 816
552 571
552 869
552 897
552 580
552 680
552 787
552 866
552 872
553 558
553 611
553 702
553 592
553 891
553 878
553 591
553 712
553 736
553 889
553 903
554 846
554 855
554 612
554 603
554 726
554 745
554 754
554 853
555 834
555 667
555 782
555 972
555 998
556 677
556 817
556 901
556 911
556 702
556 821
556 753
556 940
556 645
556 733
556 941
557 892
557 577
557 719
557 683
557 932
558 668
558 965
558 909
558 661
558 721
558 790
558 849
558 887
558 974
559 738
559 721
559 839
559 901
559 942
560 943
560 746
560 804
560 854
560 573
560 631
560 809
561 706
561 635
561 702
561 693
561 717
561 571
561 721
561 729
561 881
561 911
561 941
561 971
562 835
562 638
562 569
562 642
562 822
562 823
562 843
562 871
562 881
562 948
562 968
563 902
563 779
563 699
563 678
563 823
563 967
564 702
564 653
564 761
564 866
565 594
565 831
565 652
565 581
565 623
565 639
565 650
565 700
565 798
565 812
565 870
565 934
566 571
566 614
566 899
566 592
566 904
566 897
567 919
567 758
567 800
567 785
567 626
567 658
568 943
568 948
568 839
568 838
568 921
568 593
568 617
568 840
569 847
569 575
569 851
569 921
569 884
569 888
569 632
569 649
569 827
569 910
569 946
570 829
570 992
570 804
570 698
570 573
570 825
571 792
571 614
571 718
571 582
571 702
571 713
571 743
572 577
572 622
572 712
572 651
572 806
572 808
572 890
572 918
572 948
572 991
573 702
573 675
573 590
573 804
573 860
573 998
574 844
574 888
574 822
575 676
575 644
575 746
575 593
575 992
575 669
575 690
575 756
575 954
576 915
576 800
576 683
576 685
577 801
577 775
577 868
577 760
577 598
577 604
577 608
577 673
577 674
577 849
577 893
577 909
577 959
578 702
578 643
578 721
578 592
578 975
578 579
578 829
578 645
578 674
578 726
578 777
579 702
579 594
579 820
579 751
579 623
579 658
579 662
579 725
579 768
579 787
579 870
579 981
580 744
580 861
580 730
580 896
580 916
580 606
580 671
580 712
580 715
580 915
580 944
580 964
581 640
581 616
581 595
581 721
581 821
581 585
581 699
581 657
581 773
582 672
582 701
582 702
582 734
582 799
582 803
582 846
583 815
583 588
583 790
583 879
583 622
583 801
583 868
583 974
583 999
584 764
584 668
584 733
584 590
584 808
584 995
585 787
585 643
585 743
585 761
585 817
585 878
585 881
586 689
586 992
586 804
586 694
586 966
587 784
587 600
587 948
587 676
587 936
587 633
587 988
587 823
587 968
587 688
587 704
587 811
587 837
588 958
588 972
588 720
588 771
588 631
588 613
588 622
588 719
588 781
588 782
588 868
588 876
588 892
588 908
588 933
589 753
589 746
589 610
589 840
589 609
589 615
589 618
589 675
589 699
589 702
589 760
589 929
589 988
590 782
590 647
590 922
590 664
590 750
590 875
590 920
591 611
591 635
591 616
591 931
591 702
591 729
591 978
591 615
591 637
591 979
592 616
592 951
592 859
592 760
592 599
592 602
592 645
593 728
593 659
593 843
593 633
593 950
593 811
593 746
593 632
593 760
593 773
593 936
593 970
594 807
594 770
594 997
594 873
594 915
594 768
594 700
595 684
595 911
595 695
595 867
595 666
595 702
595 951
596 622
596 868
596 849
596 855
596 875
597 723
597 599
597 819
597 997
597 862
597 657
597 807
597 945
598 621
598 932
598 687
598 841
598 918
598 920
598 972
598 977
599 765
599 683
599 982
599 805
599 864
599 679
599 797
599 853
599 928
600 968
600 699
600 670
601 754
601 783
601 919
601 867
601 741
601 724
601 657
601 679
601 660
601 691
601 914
602 764
602 765
602 661
602 849
602 613
602 626
602 789
602 913
602 966
603 805
603 671
603 852
604 720
604 607
604 727
604 666
604 673
604 677
604 815
604 886
604 887
604 908
604 959
605 804
605 840
605 696
605 844
605 652
605 812
605 823
606 916
606 702
606 712
606 713
606 725
606 745
606 782
606 896
606 985
607 622
607 628
607 750
607 834
608 613
608 995
608 834
608 763
608 702
608 782
609 898
609 823
609 617
609 889
609 987
609 698
609 716
609 844
609 860
609 877
609 931
609 967
609 996
610 987
610 950
610 612
610 617
610 760
610 779
611 869
611 695
611 702
611 705
611 794
611 885
611 893
612 960
612 650
612 626
612 648
612 662
612 700
612 785
612 842
612 862
612 923
612 969
613 750
613 917
613 932
613 661
613 668
613 991
613 789
613 782
613 801
613 883
614 902
614 686
614 702
614 803
614 836
614 904
614 986
615 779
615 751
615 840
615 631
615 617
615 921
616 729
616 694
616 702
616 718
616 742
616 780
616 859
616 926
617 697
617 779
617 638
617 675
617 823
617 921
618 669
618 746
618 847
618 629
618 987
618 779
618 711
618 676
618 632
619 702
619 665
619 761
619 821
619 773
619 845
619 897
619 975
620 923
620 654
620 648
620 830
620 870
620 759
620 691
620 976
620 704
620 710
620 882
620 985
621 841
621 765
621 626
621 782
621 857
622 687
622 752
622 757
622 750
622 793
623 870
623 820
623 957
623 786
623 938
623 928
623 657
623 804
624 810
624 688
624 663
624 678
624 704
624 811
624 943
624 996
625 802
625 726
625 832
625 728
625 861
625 664
625 770
625 786
625 791
625 812
625 831
625 882
625 953
626 965
626 805
626 928
626 816
626 886
626 957
626 961
627 922
627 887
627 984
627 964
627 982
627 856
627 944
627 953
627 713
627 985
627 745
627 873
627 896
627 957
628 917
628 789
628 958
628 839
628 697
628 718
628 894
628 918
629 633
629 992
629 979
629 917
630 729
630 904
630 761
630 643
630 702
630 743
630 803
630 989
631 762
631 847
631 825
631 979
631 633
631 686
631 907
631 968
632 839
632 912
632 851
632 929
632 709
632 970
632 723
632 778
632 779
632 979
632 992
633 714
633 907
633 967
633 838
633 649
633 638
633 756
633 810
633 847
633 936
633 966
633 994
634 967
634 663
634 809
635 893
635 780
635 731
635 975
635 702
635 777
636 681
636 801
636 749
636 920
636 693
636 730
636 674
637 881
637 702
637 672
637 736
637 718
637 859
637 866
638 696
638 844
638 924
638 854
638 709
638 702
638 766
638 779
638 810
638 839
639 710
639 741
639 786
639 873
639 783
639 728
639 735
640 665
640 695
640 702
640 821
640 872
640 978
641 845
641 910
641 999
642 949
642 797
642 835
642 924
642 936
642 970
643 743
643 706
643 742
643 859
643 865
643 900
643 963
644 691
644 751
644 877
644 949
645 742
645 900
645 702
645 717
646 883
646 789
646 813
646 702
647 749
647 687
647 802
647 949
647 750
647 782
647 892
648 712
648 656
648 657
648 842
648 852
649 992
649 877
649 779
649 889
649 760
649 655
649 884
650 846
650 969
650 955
650 685
650 738
651 874
651 857
651 962
651 971
652 836
652 960
652 741
653 702
653 773
653 734
653 780
653 863
653 897
654 919
654 741
654 754
654 938
654 852
654 710
654 747
654 786
654 793
654 864
654 867
655 980
655 993
655 864
655 886
656 819
656 759
656 957
656 916
656 730
656 886
656 961
656 800
656 964
657 781
657 660
657 955
657 747
657 713
657 725
657 735
657 797
657 812
657 985
658 739
658 791
658 804
658 691
658 728
658 730
658 769
658 797
658 856
658 896
658 953
658 976
659 735
659 745
659 982
659 702
659 853
660 918
660 955
660 783
660 976
660 853
660 985
660 870
660 702
660 984
661 674
661 749
661 965
662 702
662 961
662 747
662 957
662 728
662 756
662 791
662 899
662 918
663 810
663 889
663 970
664 876
664 812
664 776
664 782
664 868
664 920
664 972
664 998
665 743
665 702
665 795
665 894
665 772
665 695
665 707
665 904
666 737
666 794
666 858
666 927
666 931
666 981
667 702
667 701
667 737
667 863
668 765
668 958
668 946
668 734
668 781
668 972
669 732
669 827
669 698
669 720
669 751
669 936
670 683
670 696
670 966
670 994
671 830
671 713
671 691
671 923
671 759
671 797
671 993
671 906
671 853
671 683
671 710
671 862
672 866
672 702
672 931
672 748
672 777
673 801
673 883
673 765
673 940
673 782
673 857
673 892
673 920
674 767
674 874
674 752
674 910
674 977
675 822
675 784
675 844
675 847
675 848
675 948
675 992
675 994
676 773
676 823
676 848
676 987
676 685
676 924
677 727
677 776
677 874
677 697
677 977
677 720
677 740
677 790
678 954
678 829
678 732
678 946
678 973
678 825
678 688
678 827
678 848
679 805
679 842
679 768
679 691
679 969
679 870
679 783
679 786
679 791
679 855
680 706
680 682
680 956
680 787
680 730
680 717
680 721
680 742
680 880
680 881
680 891
681 920
681 806
681 849
681 990
682 951
682 684
682 796
682 694
682 795
682 826
682 794
683 745
683 836
683 725
683 805
684 792
684 788
684 743
684 904
685 712
685 832
685 741
685 867
685 976
686 737
686 707
686 771
686 794
686 980
687 847
687 964
687 977
688 766
688 778
688 811
688 825
688 850
688 934
688 979
688 994
689 784
689 772
689 732
689 762
689 804
689 848
689 889
690 987
690 772
690 822
691 925
691 725
691 730
691 794
691 856
691 914
691 915
692 997
692 791
692 873
692 783
692 745
692 711
692 730
692 818
692 862
692 886
692 896
692 923
693 930
693 794
693 773
693 702
693 901
693 941
694 702
694 721
694 881
694 859
694 894
695 748
695 911
695 702
695 821
695 868
696 840
696 823
696 888
696 936
696 967
697 708
697 939
697 763
697 781
697 806
697 841
697 933
698 829
698 889
698 884
698 709
698 755
698 924
698 968
699 810
699 907
699 844
699 950
699 811
699 839
699 847
700 925
700 745
700 713
700 961
700 730
700 800
700 882
701 796
701 893
701 773
701 742
701 971
701 787
701 702
701 761
701 763
701 799
701 837
702 894
702 881
702 743
702 859
702 705
702 986
702 930
702 872
702 937
702 777
702 707
702 911
702 963
702 738
702 826
702 729
702 774
702 926
702 753
702 978
702 742
702 905
702 941
702 891
702 773
702 757
702 733
702 703
702 799
702 788
702 779
702 884
702 706
702 717
702 718
702 734
702 737
702 748
702 761
702 787
702 792
702 794
702 795
702 802
702 816
702 817
702 818
702 821
702 837
702 858
702 863
702 866
702 877
702 878
702 893
702 899
702 902
702 904
702 931
702 940
702 951
702 971
703 942
703 733
703 734
703 753
703 736
703 794
703 803
703 861
704 755
704 809
704 843
704 810
704 912
705 927
705 742
705 747
705 817
705 937
705 975
706 891
706 821
706 748
707 721
707 881
707 803
707 931
707 940
708 764
708 920
708 793
708 939
708 790
709 839
709 779
709 966
709 950
709 827
709 835
710 842
710 758
710 856
710 890
710 993
711 779
711 809
711 847
711 869
711 907
711 954
711 966
712 812
712 724
712 934
712 947
712 714
712 728
712 798
712 984
713 763
713 728
713 846
713 873
713 895
713 997
714 846
714 747
714 923
714 940
714 953
714 960
714 985
714 988
715 956
715 969
715 730
715 791
716 842
716 779
716 804
716 860
716 936
717 781
717 794
718 971
719 776
719 782
719 829
719 841
719 845
719 879
720 918
720 767
720 782
720 876
720 913
720 917
720 952
721 887
721 777
721 773
721 911
722 750
722 768
722 880
722 999
723 934
723 970
723 830
723 831
723 944
724 730
724 957
724 842
724 864
724 867
724 961
725 786
725 768
725 822
725 726
725 984
726 759
726 896
726 957
726 961
726 768
726 820
726 981
727 958
727 917
727 961
728 870
728 770
728 735
728 797
728 850
728 812
728 853
728 895
729 794
729 737
729 951
729 782
729 940
730 985
730 850
730 984
730 758
730 856
730 982
730 993
731 816
731 931
731 942
731 943
731 774
731 858
731 865
731 881
731 975
732 751
732 979
732 828
732 889
733 824
733 901
734 911
735 801
735 836
735 852
735 861
736 885
736 742
736 951
736 773
736 942
737 901
737 742
737 893
737 904
738 794
738 803
738 816
738 954
739 770
739 996
739 800
739 964
739 989
740 815
740 908
740 892
740 795
740 906
740 818
740 798
740 990
741 797
741 853
741 770
741 850
741 928
741 985
742 859
742 956
742 795
742 744
742 897
742 953
742 986
743 942
743 859
743 894
743 903
743 753
743 788
743 794
744 819
744 947
744 747
744 778
744 805
744 961
745 961
745 945
746 766
746 839
746 966
747 955
747 888
747 769
748 777
748 901
749 991
749 962
749 765
749 995
750 793
750 834
750 962
750 875
751 772
752 845
752 857
753 978
753 897
754 906
754 791
754 928
755 948
755 838
755 943
755 839
755 936
756 909
756 757
756 949
756 828
756 829
756 843
756 778
756 827
756 888
756 902
756 989
756 992
757 905
757 921
757 941
757 978
757 986
758 997
758 769
758 856
758 800
758 961
758 928
758 984
759 906
759 769
759 861
759 862
760 839
760 948
760 848
761 942
761 937
761 858
761 869
761 885
761 904
761 905
761 956
761 971
761 980
762 834
762 806
762 841
762 932
763 824
763 983
763 959
763 798
763 887
763 990
764 965
764 813
764 789
764 802
764 808
764 845
764 864
765 959
765 983
765 958
765 793
765 939
766 911
766 804
766 847
766 884
766 954
767 775
767 782
767 798
767 813
767 814
767 876
767 910
767 962
768 914
768 770
768 850
768 896
769 782
769 873
769 870
770 795
771 998
771 782
771 806
771 965
772 833
772 843
772 779
772 778
772 954
773 926
773 975
773 893
774 905
774 978
775 782
775 793
775 813
776 990
776 869
777 855
777 821
777 881
777 941
778 863
778 829
778 822
778 907
778 954
778 838
778 809
778 860
778 989
779 889
779 966
780 788
780 795
780 941
781 880
781 782
781 806
782 959
782 908
782 983
782 841
782 990
782 857
782 845
782 806
782 965
782 962
782 910
782 933
782 904
782 976
782 793
782 808
782 849
782 872
782 972
782 974
782 995
783 919
783 786
783 982
783 993
784 912
784 827
784 835
784 810
784 843
784 924
785 846
785 855
785 819
786 850
786 807
786 818
786 854
786 945
786 955
787 863
787 900
787 911
787 820
788 999
788 893
789 906
789 798
790 932
790 840
790 876
790 959
790 995
790 998
791 807
791 870
791 981
792 866
792 893
793 874
793 918
793 910
794 975
794 941
795 901
795 956
795 817
795 821
795 951
796 951
796 963
796 966
797 856
797 993
797 851
797 867
798 908
798 918
799 904
799 863
799 930
799 941
800 906
800 961
800 982
801 876
801 892
801 849
801 808
801 834
801 868
801 887
802 909
803 872
803 869
803 953
804 921
804 970
805 855
805 823
805 919
805 964
806 983
806 841
806 824
807 861
807 944
807 993
807 984
807 850
807 896
807 934
808 815
808 874
809 946
809 954
809 810
809 827
809 843
809 979
809 994
810 838
810 946
811 871
811 954
811 825
811 823
812 895
812 947
812 842
813 892
813 895
813 972
814 922
815 990
815 884
816 869
816 902
817 986
818 961
818 861
819 886
820 976
820 852
820 896
820 954
820 961
821 828
821 903
821 937
821 978
822 913
822 846
822 884
823 886
823 889
823 907
823 945
823 997
824 910
824 868
825 827
825 996
825 851
827 847
827 939
828 844
828 860
828 961
828 966
828 988
829 848
830 832
830 852
830 953
831 832
831 853
831 861
832 836
832 895
832 964
833 854
833 921
833 968
833 860
833 988
834 849
834 977
836 947
836 864
836 896
836 938
836 953
837 893
837 899
837 937
838 839
838 943
839 936
839 864
840 877
840 843
840 950
840 968
841 972
841 974
841 983
841 857
841 910
841 959
841 995
842 938
842 953
842 993
842 964
842 856
842 985
843 851
843 848
843 929
844 921
845 995
845 893
846 895
846 945
846 853
846 886
846 997
847 912
847 889
848 989
848 877
848 936
848 970
848 888
848 921
849 890
849 972
850 915
850 925
850 856
850 953
850 981
851 954
851 987
851 877
851 996
852 856
852 923
853 993
853 981
853 957
853 862
854 989
854 912
854 992
855 882
855 873
856 964
860 973
860 987
860 966
860 992
860 946
861 957
861 886
861 923
862 873
862 925
862 945
863 935
863 878
865 897
865 940
865 986
866 926
867 934
867 957
867 985
868 939
869 942
869 937
869 953
870 938
870 934
870 955
870 985
870 993
871 979
872 903
872 906
872 963
873 914
873 928
874 917
874 918
874 995
875 883
875 974
876 879
876 983
877 962
878 941
878 978
879 890
879 920
880 939
881 899
881 903
881 931
882 960
882 957
883 887
883 913
884 946
884 954
884 973
885 904
885 941
885 940
885 971
886 945
886 896
886 944
887 974
887 991
888 987
888 889
888 992
889 987
889 907
889 949
890 965
890 910
890 962
891 902
891 978
891 927
892 959
893 905
893 899
893 951
894 986
895 944
895 957
896 945
896 928
896 953
896 961
897 905
897 940
897 900
898 970
898 992
900 942
901 902
902 920
902 980
903 951
903 980
904 940
904 992
906 982
906 914
906 945
907 975
907 912
907 973
908 933
909 910
909 920
909 913
909 958
909 972
909 974
909 991
910 998
910 917
911 975
911 951
912 968
912 973
913 922
913 939
913 958
914 957
914 960
914 969
915 960
915 961
915 953
916 934
917 959
917 991
918 965
918 922
919 925
919 993
919 969
920 939
921 946
921 967
921 996
921 970
923 944
923 961
923 985
924 949
925 928
926 975
927 978
928 953
931 975
931 971
932 938
935 951
936 950
936 994
936 948
936 949
938 944
939 952
939 983
941 975
943 996
944 960
945 953
945 976
946 966
946 975
948 954
948 966
948 989
952 991
953 984
954 979
957 976
957 997
957 989
960 969
961 982
962 974
963 974
965 977
965 995
966 988
966 989
967 973
967 977
968 979
969 984
970 989
973 987
974 999
977 999
981 997
983 995
987 997
992 994
