0 23
0 24
0 287
0 384
0 876
0 470
0 148
0 168
0 407
0 255
0 120
0 637
0 767
0 156
0 375
0 207
0 138
0 243
0 285
0 302
0 335
0 414
0 432
0 451
0 474
0 480
0 515
0 572
0 780
0 786
1 581
1 956
1 931
1 265
1 106
1 891
1 39
1 730
1 640
1 755
1 103
1 172
1 367
1 490
1 647
1 762
1 874
1 889
2 47
2 808
2 148
2 504
2 549
2 74
2 159
2 201
2 918
2 175
2 13
2 179
2 257
2 334
2 475
2 637
2 638
2 785
2 835
2 989
3 675
3 814
3 472
3 768
3 380
3 797
3 970
3 503
3 85
3 534
3 649
3 771
3 922
4 472
4 192
4 294
4 707
4 552
4 572
4 953
4 616
4 40
4 11
4 491
4 194
4 803
4 131
4 820
4 220
4 248
4 361
4 365
4 438
4 502
4 528
4 534
4 567
4 638
4 874
4 912
4 954
4 996
5 962
5 923
5 97
5 119
5 997
5 54
5 764
5 205
5 92
5 937
5 227
5 843
5 827
5 637
5 100
5 284
5 387
5 466
5 570
5 724
5 727
5 757
5 877
5 890
5 970
6 534
6 116
6 51
6 651
6 102
6 235
6 737
6 860
6 859
6 804
6 198
6 48
6 13
6 96
6 325
6 367
6 410
6 563
6 628
6 638
6 834
6 853
7 938
7 13
7 276
7 184
7 948
7 397
7 860
7 783
7 423
7 61
7 241
7 262
7 296
7 428
7 595
7 605
7 608
7 644
7 653
7 810
7 817
7 834
7 972
8 976
8 273
8 160
8 168
8 830
8 373
8 747
8 664
8 386
8 99
8 990
8 255
8 467
8 335
8 332
8 937
8 137
8 223
8 372
8 377
8 478
8 562
8 577
8 657
8 995
9 675
9 698
9 489
9 145
9 571
9 405
9 142
9 340
9 80
9 146
9 509
9 27
9 82
9 112
9 170
9 679
9 911
9 937
10 298
10 930
10 947
10 439
10 13
10 884
10 966
10 345
10 16
10 121
10 915
10 311
10 57
10 87
10 112
10 141
10 314
10 372
10 443
10 473
10 586
10 615
10 651
10 707
10 732
10 917
10 981
11 721
11 402
11 72
11 348
11 404
11 582
11 240
11 249
11 273
11 278
11 391
11 442
11 504
11 707
11 762
11 790
11 912
12 913
12 477
12 334
12 411
12 503
12 168
12 179
12 445
12 143
12 159
12 622
12 807
12 203
12 423
12 877
12 19
12 132
12 178
12 296
12 332
12 373
12 386
12 596
12 609
12 646
13 742
13 278
13 809
13 325
13 553
13 170
13 976
13 511
13 707
13 110
13 363
13 348
13 184
13 860
13 743
13 340
13 158
13 966
13 579
13 991
13 157
13 904
13 424
13 848
13 602
13 787
13 333
13 398
13 61
13 793
13 995
13 456
13 465
13 844
13 224
13 615
13 519
13 183
13 795
13 728
13 113
13 975
13 115
13 397
13 938
13 263
13 169
13 699
13 220
13 358
13 941
13 895
13 471
13 389
13 834
13 714
13 884
13 447
13 739
13 235
13 766
13 309
13 213
13 176
13 817
13 998
13 614
13 377
13 947
13 999
13 853
13 986
13 299
13 42
13 833
13 51
13 55
13 408
13 936
13 310
13 902
13 606
13 903
13 466
13 20
13 865
13 738
13 29
13 316
13 985
13 783
13 454
13 830
13 677
13 440
13 285
13 429
13 342
13 673
13 459
13 843
13 643
13 797
13 386
13 504
13 209
13 671
13 421
13 929
13 16
13 17
13 22
13 27
13 28
13 35
13 38
13 41
13 45
13 54
13 58
13 65
13 74
13 96
13 97
13 102
13 103
13 112
13 121
13 125
13 126
13 131
13 133
13 150
13 152
13 153
13 160
13 161
13 166
13 174
13 190
13 202
13 208
13 218
13 219
13 225
13 228
13 234
13 238
13 245
13 249
13 251
13 260
13 264
13 266
13 274
13 276
13 281
13 286
13 288
13 290
13 292
13 296
13 300
13 304
13 307
13 314
13 318
13 324
13 328
13 350
13 353
13 355
13 359
13 378
13 388
13 394
13 400
13 404
13 412
13 425
13 426
13 427
13 434
13 435
13 439
13 441
13 452
13 461
13 477
13 500
13 507
13 515
13 521
13 530
13 533
13 543
13 547
13 558
13 574
13 583
13 586
13 588
13 593
13 599
13 601
13 605
13 609
13 610
13 611
13 612
13 620
13 630
13 644
13 651
13 661
13 662
13 668
13 682
13 691
13 702
13 709
13 716
13 720
13 724
13 733
13 737
13 741
13 762
13 763
13 772
13 782
13 810
13 811
13 818
13 819
13 823
13 825
13 827
13 837
13 842
13 852
13 856
13 859
13 864
13 868
13 885
13 886
13 888
13 894
13 898
13 905
13 908
13 909
13 912
13 915
13 917
13 925
13 926
13 930
13 932
13 935
13 940
13 946
13 954
13 961
13 963
13 964
13 982
14 867
14 24
14 509
14 845
14 670
14 217
14 547
14 719
14 483
14 791
14 141
14 33
14 146
14 218
14 250
14 463
14 606
14 708
14 725
14 808
14 828
14 872
14 903
14 969
14 985
15 102
15 115
15 78
15 915
15 807
15 161
15 251
15 274
15 346
15 410
15 682
15 947
15 962
15 977
16 723
16 403
16 924
16 860
16 286
16 494
16 106
16 741
16 311
16 242
16 90
16 153
16 202
16 276
16 290
16 458
16 482
16 743
16 766
16 885
16 944
17 809
17 32
17 29
17 628
17 750
17 362
17 239
17 163
17 317
17 416
17 154
17 548
17 134
17 337
17 625
17 813
17 839
17 861
17 951
17 967
18 64
18 147
18 869
18 722
18 26
18 294
18 870
18 40
18 984
18 978
18 655
18 393
18 741
18 531
18 621
18 130
18 249
18 310
18 368
18 636
18 720
18 758
18 823
18 956
19 953
19 60
19 172
19 727
19 673
19 575
19 607
19 878
19 54
19 146
19 282
19 318
19 555
19 621
19 623
19 724
19 735
19 785
19 820
19 829
19 896
19 970
19 992
20 369
20 240
20 380
20 718
20 154
20 118
20 334
20 903
20 957
20 291
20 339
20 364
20 401
20 434
20 632
20 656
20 702
20 748
20 779
20 795
21 130
21 592
21 491
21 366
21 866
21 782
21 916
21 162
21 451
21 46
21 591
21 862
21 457
21 489
21 103
21 887
21 903
21 606
21 488
21 896
21 332
21 478
21 326
21 357
21 914
22 428
22 424
22 97
22 880
22 908
22 785
22 82
22 157
22 228
22 267
22 290
22 346
22 446
22 588
22 613
22 691
22 728
22 772
22 848
22 963
23 25
23 273
23 752
23 809
23 359
23 583
23 117
23 175
23 595
23 168
23 412
23 452
23 524
23 722
23 745
23 782
23 967
24 102
24 390
24 531
24 730
24 473
24 979
24 341
24 635
24 163
24 177
24 207
24 243
24 485
24 872
24 905
24 913
24 968
25 254
25 73
25 81
25 149
25 418
25 326
25 524
25 831
25 914
25 298
25 444
25 128
25 146
25 293
25 301
25 368
25 402
25 446
25 494
25 510
25 589
25 695
25 707
25 713
25 994
26 746
26 949
26 829
26 55
26 166
26 564
26 643
26 440
26 35
26 187
26 205
26 298
26 363
26 378
26 476
26 505
26 521
26 535
26 571
26 624
26 693
26 761
26 846
26 858
26 923
27 294
27 768
27 723
27 713
27 545
27 790
27 952
27 72
27 401
27 874
27 631
27 463
27 873
27 984
27 336
27 735
27 693
27 151
27 116
27 254
27 837
28 51
28 398
28 560
28 393
28 61
28 65
28 266
28 311
28 382
28 728
28 739
28 977
29 403
29 606
29 163
29 590
29 920
29 985
29 738
29 750
29 754
29 903
29 191
29 80
29 687
29 421
29 168
29 79
29 313
29 316
29 410
29 505
29 516
29 758
29 883
29 979
29 983
30 269
30 940
30 617
30 630
30 914
30 866
30 934
30 817
30 251
30 263
30 620
30 103
30 76
30 334
30 821
30 970
30 54
30 244
30 248
30 623
30 718
30 794
30 847
30 949
30 960
30 978
31 463
31 441
31 222
31 629
31 177
31 80
31 316
31 123
31 284
31 883
31 745
31 415
31 179
31 555
31 215
31 291
31 399
31 496
31 754
31 861
31 908
32 758
32 933
32 787
32 833
32 941
32 198
32 532
32 955
32 801
32 657
32 838
32 310
32 993
32 406
32 321
32 148
32 264
32 301
32 446
32 488
32 496
32 501
32 531
32 634
32 839
32 846
32 850
33 649
33 171
33 589
33 191
33 215
33 656
33 180
33 899
33 83
33 137
33 160
33 188
33 207
33 259
33 541
33 695
33 790
33 880
34 940
34 49
34 803
34 742
34 510
34 954
34 649
34 244
34 125
34 613
34 335
34 773
34 223
34 171
34 256
34 271
34 320
34 363
34 366
34 425
34 434
34 450
34 534
34 554
34 556
34 561
34 638
34 707
34 756
34 877
35 128
35 314
35 198
35 483
35 259
35 308
35 426
35 250
35 719
35 267
35 735
35 122
35 63
35 107
35 306
35 321
35 547
35 740
36 376
36 655
36 850
36 887
36 778
36 137
36 329
36 882
36 291
36 618
36 168
36 129
36 622
36 59
36 177
36 305
36 306
36 481
36 546
36 606
36 657
36 740
36 808
36 813
36 872
36 955
37 680
37 781
37 978
37 278
37 256
37 307
37 888
37 390
37 83
37 109
37 192
37 279
37 511
37 678
37 752
37 767
38 59
38 948
38 596
38 178
38 252
38 285
38 372
38 392
38 414
38 415
38 622
38 747
38 871
38 976
39 976
39 479
39 141
39 134
39 122
39 564
39 718
39 979
39 474
39 627
39 205
39 239
39 283
39 347
39 359
39 379
39 441
39 461
39 483
39 555
39 568
39 661
39 735
39 854
39 883
39 920
39 959
39 985
40 502
40 803
40 869
40 42
40 120
40 268
40 278
40 326
40 451
40 476
40 545
40 551
40 553
40 578
40 616
40 624
40 675
40 756
40 870
41 78
41 739
41 574
41 714
41 662
41 132
41 73
41 97
41 350
41 475
41 728
41 731
41 749
41 910
41 974
41 998
42 790
42 744
42 833
42 941
42 728
42 613
42 465
42 543
42 403
42 296
42 943
42 944
42 657
42 684
42 234
42 264
42 293
42 327
42 339
42 345
42 501
42 539
42 651
42 659
42 940
43 860
43 168
43 792
43 577
43 690
43 621
43 760
43 122
43 138
43 164
43 205
43 364
43 411
43 417
43 433
43 455
43 542
43 627
43 646
44 182
44 714
44 744
44 614
44 234
44 811
44 521
44 810
44 804
44 322
44 136
44 100
44 102
44 121
44 122
44 150
44 307
44 373
44 491
44 574
44 634
44 644
45 180
45 360
45 351
45 863
45 846
45 462
45 163
45 983
45 505
45 990
45 91
45 396
45 464
45 528
45 638
45 720
45 771
45 791
45 891
46 802
46 187
46 84
46 460
46 551
46 535
46 258
46 831
46 125
46 885
46 466
46 177
46 136
46 515
46 664
46 135
46 218
46 226
46 268
46 323
46 592
46 622
46 912
47 914
47 228
47 527
47 629
47 738
47 657
47 730
47 805
47 493
47 505
47 199
47 239
47 339
47 615
47 845
48 402
48 363
48 712
48 183
48 250
48 75
48 785
48 318
48 168
48 105
48 685
48 824
48 238
48 70
48 132
48 210
48 335
48 338
48 383
48 387
48 392
48 501
48 526
48 602
48 742
48 788
48 928
48 973
48 989
48 992
49 987
49 262
49 794
49 954
49 722
49 502
49 940
49 301
49 149
49 236
49 378
49 457
49 550
49 553
49 583
49 617
49 762
49 773
49 916
49 956
50 626
50 916
50 325
50 949
50 952
50 721
50 965
50 592
50 994
50 572
50 538
50 436
50 573
50 648
50 697
50 756
51 655
51 435
51 403
51 358
51 915
51 382
51 885
51 180
51 734
51 96
51 97
51 234
51 241
51 279
51 296
51 301
51 348
51 424
51 477
51 609
51 610
51 890
51 913
51 966
51 975
51 997
52 912
52 860
52 65
52 810
52 299
52 818
52 557
52 181
52 123
52 287
52 500
52 530
52 569
52 616
52 665
52 735
52 915
52 935
53 323
53 317
53 729
53 565
53 246
53 595
53 56
53 92
53 114
53 204
53 221
53 238
53 275
53 379
53 421
53 525
53 548
53 638
53 674
53 691
53 748
53 806
53 939
53 974
54 536
54 817
54 822
54 985
54 724
54 997
54 970
54 770
54 989
54 764
54 338
54 757
54 470
54 105
54 159
54 798
54 832
55 768
55 925
55 103
55 228
55 977
55 202
55 889
55 979
55 119
55 284
55 57
55 69
55 113
55 310
55 333
55 336
55 346
55 492
55 507
55 549
55 630
55 895
55 935
56 855
56 414
56 105
56 970
56 715
56 474
56 58
56 151
56 159
56 164
56 199
56 276
56 392
56 396
56 410
56 454
56 482
56 542
56 554
56 582
56 742
56 773
56 840
56 939
56 990
57 58
57 482
57 160
57 493
57 559
57 801
57 172
57 446
57 444
57 531
57 195
57 672
57 173
57 306
57 337
57 372
57 426
57 576
57 673
57 686
57 881
58 898
58 731
58 883
58 708
58 546
58 968
58 730
58 735
58 482
58 872
58 505
58 902
58 159
58 88
58 134
58 206
58 233
58 310
58 376
58 513
58 567
58 644
58 694
58 805
58 900
58 918
59 194
59 816
59 752
59 294
59 403
59 509
59 63
59 226
59 231
59 301
59 436
59 867
60 758
60 988
60 916
60 858
60 301
60 912
60 747
60 128
60 349
60 376
60 464
60 487
60 499
60 504
60 528
60 578
60 675
60 821
60 854
60 933
60 992
61 984
61 782
61 818
61 975
61 930
61 852
61 371
61 743
61 885
61 345
61 995
61 275
61 413
61 609
61 844
61 848
62 965
62 171
62 374
62 325
62 551
62 809
62 85
62 265
62 788
62 973
62 162
62 244
62 272
62 449
62 746
63 325
63 788
63 548
63 467
63 724
63 780
63 143
63 66
63 88
63 100
63 117
63 161
63 201
63 232
63 304
63 340
63 414
63 474
63 635
63 688
63 705
63 799
63 807
63 820
63 863
63 941
64 90
64 511
64 368
64 171
64 192
64 655
64 425
64 323
64 589
64 382
64 594
64 108
64 231
64 254
64 269
64 422
64 433
64 448
64 540
64 633
64 675
64 740
64 971
64 992
65 128
65 558
65 966
65 174
65 107
65 121
65 205
65 275
65 413
65 456
65 475
65 610
65 633
65 659
65 830
65 944
65 977
65 991
66 377
66 995
66 735
66 164
66 386
66 847
66 840
66 109
66 219
66 824
66 207
66 95
66 100
66 764
66 185
66 830
66 120
66 199
66 247
66 292
66 313
66 636
66 918
66 950
66 975
67 359
67 581
67 530
67 503
67 541
67 257
67 319
67 421
67 247
67 890
67 664
67 414
67 445
67 800
67 832
67 335
67 165
67 205
67 575
67 648
67 796
68 591
68 837
68 645
68 841
68 217
68 598
68 701
68 133
68 148
68 211
68 317
68 622
68 779
68 847
68 887
68 967
69 460
69 456
69 706
69 590
69 695
69 564
69 360
69 657
69 283
69 163
69 523
69 122
69 830
69 98
69 181
69 259
69 473
69 520
69 880
69 948
70 73
70 403
70 647
70 455
70 275
70 139
70 684
70 159
70 595
70 356
70 685
70 407
70 470
70 414
70 95
70 127
70 205
70 257
70 561
70 607
70 677
71 359
71 187
71 595
71 792
71 221
71 414
71 622
71 101
71 238
71 302
71 312
71 383
71 429
71 542
71 674
71 677
71 715
71 820
72 823
72 524
72 578
72 626
72 502
72 911
72 802
72 460
72 404
72 965
72 982
72 791
72 81
72 87
72 128
72 326
72 348
72 361
72 613
72 631
72 662
72 752
72 794
72 825
73 535
73 996
73 349
73 124
73 422
73 343
73 517
73 451
73 231
73 418
73 944
73 362
73 734
73 78
73 187
73 277
73 351
73 369
73 384
73 394
73 399
73 421
73 487
73 489
73 567
73 692
73 698
73 802
73 875
73 949
74 449
74 106
74 518
74 127
74 565
74 335
74 332
74 835
74 179
74 197
74 319
74 601
74 819
74 820
74 852
74 937
75 473
75 640
75 902
75 661
75 78
75 351
75 529
75 564
75 628
75 645
75 703
75 706
75 750
75 931
75 993
76 836
76 776
76 547
76 409
76 967
76 434
76 725
76 119
76 891
76 749
76 168
76 928
76 282
76 242
76 253
76 277
76 380
76 499
76 634
76 645
76 652
76 665
76 696
76 911
76 927
76 941
76 993
77 278
77 581
77 616
77 298
77 502
77 511
77 591
77 405
77 752
77 404
77 360
77 838
77 575
77 167
77 315
77 391
77 460
77 854
78 617
78 608
78 733
78 539
78 972
78 716
78 452
78 961
78 995
78 442
78 615
78 161
78 927
78 200
78 621
78 114
78 213
78 234
78 348
78 537
78 651
78 710
78 946
79 101
79 488
79 625
79 717
79 868
79 879
79 805
79 118
79 857
79 225
79 656
79 144
79 786
79 501
79 281
79 283
79 558
79 598
79 676
79 694
79 854
80 759
80 688
80 360
80 910
80 776
80 493
80 881
80 813
80 546
80 390
80 458
80 824
80 154
80 784
80 863
81 349
81 491
81 626
81 996
81 580
81 689
81 534
81 293
81 914
81 797
81 354
81 476
81 576
81 744
81 761
81 951
82 803
82 184
82 593
82 930
82 751
82 741
82 546
82 659
82 702
82 887
82 948
82 981
82 998
83 834
83 625
83 321
83 876
83 86
83 99
83 110
83 235
83 337
83 340
83 393
83 523
83 638
83 645
83 708
83 805
83 861
83 889
83 892
83 897
83 931
84 262
84 616
84 320
84 171
84 960
84 244
84 510
84 457
84 809
84 277
84 249
84 916
84 273
84 177
84 936
84 563
84 386
84 168
84 178
84 436
84 566
84 909
84 933
84 940
84 951
85 933
85 649
85 254
85 782
85 149
85 972
85 211
85 148
85 755
85 123
85 276
85 277
85 366
85 556
85 562
85 585
85 709
85 954
86 460
86 875
86 919
86 268
86 517
86 449
86 759
86 298
86 839
86 976
86 103
86 162
86 168
86 230
86 363
86 419
86 567
86 570
86 587
86 692
86 721
86 738
86 802
87 573
87 130
87 726
87 472
87 631
87 723
87 914
87 294
87 298
87 186
87 363
87 446
87 526
87 149
87 320
87 460
87 491
87 599
87 707
88 737
88 307
88 851
88 970
88 454
88 246
88 297
88 92
88 221
88 293
88 404
88 483
88 487
88 715
88 780
88 812
88 837
89 566
89 294
89 367
89 229
89 598
89 291
89 351
89 523
89 654
89 720
89 845
89 854
89 873
90 449
90 194
90 934
90 325
90 354
90 502
90 517
90 448
90 301
90 675
90 828
90 515
90 485
90 933
90 953
90 978
91 704
91 819
91 343
91 417
91 423
91 521
91 621
91 643
91 683
91 724
91 767
91 878
91 970
92 326
92 502
92 921
92 877
92 136
92 98
92 252
92 387
92 770
92 109
92 366
92 549
92 767
92 792
92 959
92 973
92 990
93 996
93 401
93 976
93 116
93 145
93 256
93 302
93 560
93 624
93 642
93 713
93 759
93 874
94 984
94 346
94 848
94 251
94 884
94 904
94 250
94 157
94 210
94 290
94 297
94 393
94 537
94 659
94 793
94 844
94 856
95 374
95 612
95 518
95 801
95 704
95 990
95 148
95 414
95 549
95 577
95 98
95 423
95 440
95 474
95 504
95 607
95 683
95 685
95 690
95 736
95 820
95 858
96 844
96 113
96 795
96 905
96 447
96 886
96 859
96 112
96 141
96 266
96 450
96 530
96 625
96 651
96 947
97 793
97 345
97 536
97 477
97 539
97 143
97 764
97 288
97 610
97 734
97 775
98 578
98 538
98 401
98 263
98 595
98 156
98 148
98 209
98 487
98 785
98 100
98 135
98 201
98 318
98 486
98 621
98 641
98 671
98 673
98 757
98 840
98 937
98 978
99 579
99 549
99 487
99 335
99 252
99 577
99 921
99 480
99 594
99 105
99 937
99 117
99 373
99 401
99 429
99 478
99 693
99 806
99 877
100 929
100 445
100 356
100 533
100 470
100 780
100 484
100 840
100 175
100 293
100 453
100 467
100 618
100 660
100 693
100 773
100 782
100 788
101 248
101 707
101 231
101 578
101 534
101 514
101 325
101 502
101 515
101 582
101 692
101 794
101 799
101 823
101 891
101 896
102 576
102 855
102 190
102 579
102 612
102 860
102 494
102 837
102 737
102 373
102 847
102 357
102 789
102 898
102 966
102 968
103 230
103 836
103 465
103 340
103 521
103 234
103 999
103 546
103 174
103 299
103 530
103 668
103 763
103 803
103 811
103 864
104 717
104 337
104 730
104 937
104 204
104 497
104 453
104 526
104 332
104 383
104 421
104 432
104 440
104 486
104 701
105 960
105 861
105 832
105 565
105 168
105 683
105 789
105 812
105 109
105 191
105 379
105 621
105 643
105 704
106 687
106 640
106 863
106 748
106 719
106 313
106 496
106 304
106 736
106 107
106 206
106 212
106 232
106 528
106 532
106 568
106 645
106 686
106 766
106 841
106 985
107 491
107 783
107 482
107 910
107 650
107 364
107 981
107 141
107 257
107 259
107 414
107 495
107 533
107 620
107 632
107 717
107 745
107 779
107 813
107 868
108 210
108 776
108 168
108 132
108 411
108 799
108 830
108 672
108 643
108 497
108 264
108 403
108 597
108 664
108 681
108 797
108 824
108 871
108 878
109 448
109 598
109 729
109 607
109 890
109 503
109 501
109 900
109 312
109 596
109 136
109 533
109 159
109 229
109 246
109 285
109 525
109 849
109 942
110 405
110 325
110 484
110 183
110 218
110 256
110 298
110 510
110 544
110 571
110 587
110 765
110 858
111 958
111 938
111 190
111 895
111 158
111 232
111 315
111 332
111 374
111 400
111 415
111 521
111 633
111 640
111 743
111 935
112 587
112 472
112 346
112 882
112 686
112 708
112 788
112 199
112 352
112 537
112 867
112 886
113 438
113 663
113 299
113 557
113 938
113 682
113 142
113 465
113 452
113 569
113 836
113 946
113 811
113 152
113 625
113 150
113 269
113 552
113 690
113 881
114 525
114 312
114 835
114 168
114 422
114 431
114 523
114 673
114 734
114 843
114 917
114 985
115 870
115 348
115 323
115 382
115 403
115 579
115 946
115 925
115 292
115 299
115 739
115 213
115 894
115 533
115 125
115 412
115 446
115 500
115 560
115 584
115 811
115 855
115 913
116 923
116 679
116 194
116 294
116 655
116 234
116 883
116 162
116 171
116 270
116 327
116 376
116 401
116 463
116 554
116 589
116 616
116 648
116 664
116 698
116 741
116 781
116 948
117 923
117 646
117 356
117 379
117 871
117 139
117 798
117 541
117 734
117 179
117 635
117 129
117 151
117 319
117 375
117 384
117 533
117 565
117 607
117 804
117 950
118 951
118 265
118 720
118 196
118 119
118 718
118 154
118 250
118 133
118 351
118 413
118 428
118 483
118 488
118 652
118 686
118 719
118 968
119 912
119 860
119 496
119 135
119 306
119 448
119 513
119 523
119 529
119 531
119 538
119 629
119 665
119 731
119 773
119 791
119 816
119 927
119 951
120 923
120 654
120 180
120 660
120 414
120 819
120 585
120 673
120 643
120 282
120 637
120 185
120 541
120 140
120 156
120 175
120 429
120 573
120 756
120 900
121 860
121 977
121 961
121 610
121 712
121 709
121 288
121 691
121 557
121 148
121 595
121 169
121 176
121 188
121 266
121 282
121 377
121 393
121 537
121 775
121 777
122 510
122 556
122 778
122 598
122 968
122 488
122 730
122 261
122 881
122 287
122 172
122 217
122 339
122 346
122 403
122 459
122 474
122 479
122 516
122 645
122 718
122 780
122 783
122 856
122 882
122 957
122 967
123 514
123 560
123 903
123 434
123 337
123 980
123 741
123 482
123 730
123 188
123 618
123 719
123 957
123 990
124 331
124 630
124 676
124 153
124 738
124 185
124 249
124 378
124 495
124 540
124 790
124 823
125 856
125 461
125 314
125 398
125 471
125 926
125 400
125 602
125 469
125 882
125 725
125 156
125 302
125 611
125 495
125 560
125 569
125 609
125 700
125 876
126 315
126 245
126 158
126 445
126 901
126 921
126 893
126 918
126 622
126 890
126 138
126 673
126 780
126 860
126 871
127 768
127 793
127 302
127 420
127 907
127 391
127 541
127 454
127 356
127 878
127 945
127 135
127 429
127 445
127 458
127 526
127 594
128 315
128 956
128 726
128 405
128 254
128 261
128 374
128 550
128 578
128 591
128 651
128 707
128 914
129 824
129 159
129 156
129 178
129 275
129 285
129 287
129 328
129 422
129 453
129 570
129 690
130 583
130 771
130 869
130 363
130 273
130 554
130 965
130 315
130 803
130 413
130 179
130 419
130 666
130 844
131 722
131 932
131 355
131 439
131 397
131 184
131 314
131 353
131 888
131 613
131 894
131 245
131 778
131 749
131 395
131 504
131 169
131 224
131 264
131 408
131 435
131 787
132 404
132 258
132 615
132 995
132 857
132 308
132 185
132 800
132 285
132 318
132 727
132 555
132 209
132 878
132 849
132 159
132 165
132 395
132 411
132 522
132 525
132 526
132 648
132 761
132 767
132 777
132 846
132 970
133 822
133 854
133 625
133 267
133 523
133 741
133 731
133 317
133 462
133 654
133 828
133 880
133 902
134 327
134 775
134 708
134 993
134 229
134 865
134 139
134 217
134 499
134 576
134 730
134 927
134 968
135 962
135 766
135 459
135 470
135 156
135 685
135 928
135 827
135 395
135 285
135 595
135 542
135 152
135 182
135 302
135 453
135 642
135 819
136 158
136 614
136 332
136 820
136 611
136 312
136 391
136 807
136 139
136 140
136 151
136 179
136 344
136 421
136 503
136 618
136 644
136 673
136 710
136 802
136 969
137 222
137 531
137 360
137 883
137 198
137 430
137 741
137 144
137 212
137 466
137 518
137 572
137 619
137 643
137 693
137 779
137 851
137 870
137 981
138 717
138 417
138 504
138 440
138 379
138 643
138 159
138 221
138 959
138 607
138 217
138 335
138 421
138 476
138 671
138 727
138 970
139 695
139 384
139 672
139 622
139 847
139 575
139 671
139 420
139 392
139 443
139 342
139 387
139 454
139 498
139 549
139 570
139 877
140 790
140 483
140 168
140 565
140 704
140 997
140 159
140 178
140 413
140 503
140 664
140 951
140 970
141 489
141 371
141 731
141 360
141 222
141 559
141 754
141 406
141 324
141 717
141 236
141 278
141 313
141 794
141 843
141 994
142 266
142 605
142 406
142 672
142 176
142 281
142 307
142 397
142 398
142 470
142 506
142 530
142 558
142 593
142 682
142 777
143 369
143 712
143 833
143 282
143 356
143 373
143 391
143 510
143 515
143 570
143 685
143 724
143 792
143 877
143 937
143 964
144 980
144 629
144 339
144 196
144 441
144 786
145 952
145 956
145 823
145 631
145 366
145 510
145 477
145 261
145 440
145 622
145 230
145 301
145 344
145 361
145 646
145 919
146 784
146 337
146 532
146 177
146 167
146 851
146 259
146 815
146 598
146 657
146 215
146 647
146 335
146 546
146 625
146 634
146 720
146 774
146 788
146 887
147 248
147 809
147 922
147 374
147 753
147 967
147 570
147 278
147 422
147 450
147 489
147 514
147 538
147 556
147 624
147 630
147 689
147 722
147 748
147 916
147 962
147 978
147 988
148 775
148 557
148 547
148 565
148 445
148 480
148 997
148 821
148 159
148 907
148 240
148 453
148 525
148 548
148 602
148 740
149 874
149 300
149 869
149 933
149 231
149 343
149 457
149 459
149 530
149 534
149 567
149 581
149 666
149 866
149 912
149 925
149 994
150 552
150 972
150 498
150 600
150 153
150 506
150 251
150 813
150 646
150 379
150 169
150 202
150 412
150 614
150 615
150 633
150 711
150 751
150 804
150 988
151 626
151 787
151 664
151 989
151 396
151 840
151 945
151 165
151 210
151 222
151 235
151 423
151 481
151 671
151 830
151 874
151 881
151 918
151 970
152 636
152 354
152 230
152 772
152 333
152 235
152 998
152 397
152 287
152 393
152 842
152 964
153 439
153 600
153 986
153 627
153 318
153 183
153 292
153 333
153 365
153 473
153 517
153 537
153 703
153 762
154 753
154 826
154 559
154 891
154 341
154 211
154 317
154 198
154 920
154 464
154 163
154 181
154 291
154 929
154 466
154 505
154 546
154 720
154 957
154 979
155 575
155 973
155 297
155 303
155 674
155 219
155 225
155 227
155 273
155 285
155 319
155 342
155 430
155 432
155 519
155 522
155 660
155 669
155 673
155 687
155 701
156 573
156 354
156 440
156 503
156 747
156 637
156 570
156 929
156 168
156 565
156 877
156 178
156 227
156 297
156 396
156 426
156 470
156 515
156 643
156 729
156 757
156 788
156 950
157 966
157 274
157 739
157 886
157 398
157 213
157 530
157 168
157 363
157 452
157 659
157 703
157 775
157 804
157 852
157 895
158 829
158 276
158 299
158 371
158 521
158 392
158 444
158 762
158 943
159 617
159 519
159 351
159 789
159 901
159 443
159 342
159 458
159 918
159 596
159 577
159 785
159 223
159 257
159 423
159 772
159 969
160 961
160 237
160 730
160 667
160 367
160 665
160 195
160 380
160 920
160 391
160 342
160 351
160 377
160 923
160 958
161 744
161 864
161 888
161 288
161 385
161 568
161 654
161 662
161 856
161 945
161 999
162 623
162 502
162 790
162 280
162 715
162 287
162 192
162 294
162 366
162 456
162 538
162 571
162 573
162 656
162 934
163 323
163 510
163 229
163 861
163 311
163 808
163 604
163 289
163 167
163 212
163 267
163 434
163 488
163 657
163 673
163 738
163 784
164 862
164 783
164 801
164 206
164 570
164 474
164 168
164 607
164 379
164 207
164 373
164 356
164 478
164 330
164 819
164 997
164 648
164 710
164 715
164 724
164 800
165 699
165 855
165 473
165 838
165 209
165 219
165 487
165 622
165 221
165 383
165 512
165 568
165 724
165 767
165 769
165 832
166 244
166 519
166 778
166 740
166 420
166 497
166 281
166 346
166 351
166 365
166 743
166 885
167 260
167 880
167 778
167 559
167 720
167 217
167 910
167 496
167 931
167 195
167 448
167 513
167 642
167 748
167 805
167 872
167 891
168 244
168 829
168 842
168 264
168 530
168 944
168 465
168 182
168 584
168 654
168 892
168 622
168 387
168 303
168 770
168 443
168 533
168 876
168 525
168 877
168 246
168 287
168 219
168 928
168 893
168 849
168 824
168 658
168 455
168 646
168 526
168 319
168 761
168 764
168 372
168 959
168 427
168 381
168 201
168 275
168 289
168 241
168 270
168 285
168 338
168 407
168 415
168 423
168 426
168 470
168 478
168 503
168 515
168 544
168 578
168 596
168 611
168 621
168 635
168 669
168 671
168 690
168 708
168 730
168 736
168 747
168 796
168 806
168 808
168 939
168 957
168 969
168 997
169 472
169 450
169 716
169 557
169 179
169 183
169 483
169 519
169 633
169 690
169 709
169 712
169 807
170 916
170 294
170 320
170 676
170 956
170 450
170 642
170 894
170 479
170 334
170 696
170 562
170 218
170 376
170 401
170 418
170 528
170 553
170 802
170 914
171 544
171 994
171 382
171 214
171 225
171 476
171 540
171 581
171 802
171 829
171 845
171 868
171 923
172 713
172 848
172 651
172 324
172 310
172 638
172 908
172 629
172 360
172 971
172 597
172 253
172 250
172 891
172 627
172 211
172 212
172 313
172 413
172 445
172 667
172 899
173 823
173 466
173 730
173 229
173 212
173 661
173 957
173 490
173 493
173 863
173 191
173 284
173 341
173 374
173 532
173 640
173 670
173 779
173 846
173 865
174 581
174 599
174 905
174 986
174 447
174 388
174 895
174 930
174 469
174 386
174 362
174 539
174 705
174 886
174 913
174 949
175 573
175 752
175 632
175 951
175 821
175 685
175 806
175 279
175 227
175 253
175 303
175 461
175 781
175 877
175 950
176 354
176 894
176 299
176 352
176 365
176 439
176 763
176 899
176 977
177 547
177 238
177 202
177 211
177 399
177 431
177 434
177 597
177 623
177 670
177 696
177 720
177 735
177 838
177 872
177 887
178 587
178 698
178 857
178 215
178 755
178 383
178 658
178 407
178 575
178 287
178 318
178 715
178 570
178 270
178 297
178 775
178 893
178 900
178 907
179 286
179 897
179 727
179 907
179 595
179 835
179 773
179 769
179 411
179 470
179 238
179 420
179 549
180 256
180 360
180 828
180 529
180 686
180 584
180 625
180 541
180 304
180 211
180 255
180 351
180 364
180 416
180 457
180 490
180 499
180 838
180 850
180 854
181 517
181 868
181 291
181 687
181 688
181 321
181 216
181 339
181 183
181 204
181 283
181 311
181 313
181 334
181 365
181 441
181 490
181 510
181 513
181 590
181 745
181 760
181 895
181 934
182 278
182 655
182 461
182 810
182 662
182 276
182 365
182 408
182 728
182 424
182 716
182 852
182 763
182 469
182 539
182 787
182 853
182 260
182 523
182 942
182 990
182 245
182 331
182 856
182 858
182 894
182 925
183 399
183 856
183 521
183 946
183 338
183 210
183 272
183 314
183 620
183 766
183 775
183 787
183 792
183 859
183 991
184 268
184 536
184 913
184 288
184 292
184 983
184 209
184 355
184 398
184 433
184 447
184 454
184 521
184 620
184 660
184 681
184 733
184 834
184 860
184 973
185 544
185 621
185 570
185 335
185 607
185 299
185 383
185 420
185 458
185 480
185 481
185 497
185 625
185 643
185 648
185 669
185 760
185 765
185 969
186 368
186 514
186 870
186 472
186 280
186 874
186 713
186 457
186 249
186 301
186 502
186 831
186 787
186 211
186 226
186 290
186 369
186 441
186 451
186 535
186 636
186 726
186 731
186 757
186 803
186 922
187 378
187 451
187 192
187 914
187 230
187 879
187 334
187 483
187 225
187 267
187 315
187 331
187 463
187 524
187 540
187 855
187 867
187 909
187 952
188 591
188 941
188 390
188 828
188 902
188 850
188 499
188 657
188 735
188 222
188 496
188 253
188 212
188 324
188 783
188 215
188 309
188 313
188 527
188 857
188 879
188 880
189 987
189 915
189 813
189 719
189 518
189 308
189 632
189 547
189 661
189 730
189 997
189 458
189 222
189 385
189 388
189 403
189 606
189 750
189 774
189 801
189 865
189 902
189 909
189 993
190 572
190 912
190 492
190 810
190 456
190 751
190 737
190 651
190 963
190 202
190 574
190 613
190 876
190 913
191 880
191 857
191 267
191 841
191 628
191 390
191 431
191 490
191 434
191 444
191 523
191 527
191 639
191 678
191 741
192 349
192 524
192 722
192 271
192 249
192 326
192 457
192 260
192 811
192 203
192 298
192 448
192 476
192 515
192 666
192 684
192 895
192 960
192 994
193 818
193 234
193 842
193 641
193 744
193 469
193 266
193 615
193 371
193 356
193 224
193 439
193 465
194 368
194 974
194 995
194 226
194 230
194 271
194 359
194 491
194 587
194 644
194 679
194 707
194 801
194 816
194 841
194 912
194 916
194 965
194 976
194 978
195 759
195 739
195 753
195 200
195 920
195 225
195 523
195 903
195 409
195 902
195 329
195 206
195 749
195 717
195 808
195 360
195 198
195 272
195 686
195 741
195 883
195 931
196 861
196 686
196 951
196 841
196 745
196 253
196 283
196 347
196 645
196 708
196 779
196 887
197 831
197 374
197 471
197 681
197 704
197 939
197 660
197 286
197 312
197 355
197 372
197 373
197 387
197 533
197 562
197 683
197 806
197 821
198 694
198 740
198 892
198 749
198 523
198 657
198 805
198 374
198 389
198 413
198 513
198 531
198 776
198 851
198 865
198 983
198 984
198 985
199 566
199 955
199 232
199 252
199 575
199 797
199 843
199 900
199 764
199 318
199 454
199 471
199 533
199 724
199 786
199 876
199 970
200 436
200 949
200 614
200 483
200 413
200 259
200 801
200 778
200 390
200 405
200 467
200 717
200 738
200 822
200 868
200 910
200 924
201 941
201 847
201 596
201 727
201 499
201 580
201 672
201 673
201 674
201 733
201 791
202 775
202 340
202 292
202 213
202 932
202 977
202 607
202 264
202 998
203 649
203 285
203 232
203 242
203 394
203 414
203 423
203 454
203 563
203 704
203 719
203 971
204 574
204 364
204 879
204 515
204 792
204 238
204 937
204 570
205 796
205 955
205 734
205 478
205 429
205 575
205 392
205 443
205 765
205 896
205 607
205 284
205 474
205 508
205 565
205 661
205 736
205 820
206 809
206 972
206 362
206 735
206 225
206 640
206 441
206 385
206 431
206 979
206 207
206 218
206 272
206 416
206 434
206 461
206 464
206 527
206 532
206 598
207 569
207 353
207 264
207 838
207 877
207 928
207 973
207 939
207 945
207 727
207 800
207 356
207 274
207 486
207 533
207 637
207 990
208 593
208 715
208 959
208 773
208 658
208 522
208 945
208 440
208 673
208 303
208 409
208 427
208 480
208 563
208 620
208 693
208 750
208 754
208 832
208 835
209 809
209 979
209 370
209 328
209 715
209 937
209 673
209 246
209 275
209 279
209 283
209 297
209 303
209 414
209 453
209 522
209 658
209 660
209 702
209 885
209 959
210 433
210 519
210 614
210 739
210 651
210 793
210 966
210 287
210 356
210 648
210 276
210 394
210 447
210 537
210 626
210 644
210 699
210 743
210 883
210 924
210 965
210 982
211 909
211 935
211 694
211 903
211 265
211 284
211 409
211 479
211 868
211 628
211 311
211 640
211 726
211 750
211 779
211 860
211 897
211 924
212 880
212 779
212 493
212 305
212 951
212 760
212 281
212 362
212 499
212 559
212 861
212 899
212 957
213 476
213 962
213 964
213 286
213 358
213 886
213 471
213 520
213 599
213 609
213 932
213 982
214 556
214 571
214 655
214 636
214 759
214 699
214 493
214 847
214 314
214 363
214 578
214 581
214 970
215 250
215 880
215 347
215 493
215 406
215 910
215 351
215 629
215 990
215 362
215 416
215 434
215 513
215 606
215 623
215 865
215 946
215 980
215 993
216 771
216 576
216 629
216 908
216 745
216 625
216 488
216 458
216 341
216 385
216 505
216 637
216 719
216 861
216 931
217 301
217 897
217 657
217 385
217 380
217 779
217 669
217 685
217 239
217 347
217 412
217 434
217 437
217 479
217 665
217 735
217 738
217 740
217 815
217 881
217 936
218 916
218 996
218 226
218 572
218 759
218 869
218 362
218 459
218 270
218 320
218 491
218 675
218 723
218 781
218 782
218 803
218 919
219 353
219 938
219 908
219 893
219 798
219 440
219 824
219 387
219 391
219 785
219 787
219 945
220 856
220 895
220 986
220 292
220 925
220 275
220 403
220 884
221 984
221 687
221 688
221 561
221 594
221 395
221 577
221 328
221 789
221 297
221 396
221 401
221 467
221 542
221 581
221 715
221 760
221 890
221 972
222 552
222 982
222 740
222 308
222 334
222 654
222 444
222 483
222 267
222 406
222 951
222 863
222 291
222 225
222 236
222 272
222 464
222 488
222 570
222 584
222 609
222 631
222 645
222 897
223 786
223 407
223 607
223 674
223 672
223 522
223 928
223 375
223 278
223 312
223 350
223 372
223 381
223 470
223 515
223 586
223 618
223 767
223 797
223 970
224 888
224 234
224 975
224 382
224 358
224 339
224 520
224 537
224 732
224 856
224 970
225 229
225 406
225 861
225 370
225 482
225 993
225 822
225 665
225 337
225 430
225 464
225 632
225 720
225 779
226 697
226 378
226 624
226 244
226 655
226 576
226 631
226 524
226 880
226 347
226 625
226 720
226 236
226 603
226 723
226 782
226 870
226 923
227 697
227 906
227 407
227 338
227 257
227 847
227 824
227 368
227 500
227 519
227 618
227 690
227 806
228 485
228 814
228 452
228 615
228 439
228 557
228 358
228 519
228 583
228 682
228 793
228 854
228 898
228 912
228 918
229 875
229 448
229 598
229 903
229 670
229 523
229 863
229 754
229 730
229 625
229 559
229 306
229 360
229 385
229 446
229 568
229 815
229 967
230 962
230 974
230 617
230 909
230 949
230 425
230 978
230 278
230 721
230 623
230 569
230 725
230 239
230 265
230 477
230 600
230 616
230 652
230 666
231 551
231 578
231 678
231 580
231 553
231 277
231 363
231 368
231 438
231 498
231 517
231 573
231 644
231 905
232 919
232 676
232 578
232 893
232 942
232 395
232 785
232 391
232 432
232 496
232 555
232 632
232 704
232 812
232 819
232 970
233 782
233 325
233 457
233 932
233 930
233 998
233 804
233 251
233 288
233 337
233 358
233 537
233 898
233 946
234 424
234 975
234 428
234 672
234 286
234 350
234 382
234 600
234 609
234 700
234 732
234 811
234 817
234 899
234 917
235 301
235 500
235 925
235 569
235 560
235 917
235 975
235 475
235 913
235 237
235 668
235 892
235 316
235 628
235 821
235 497
235 615
235 682
235 800
235 844
236 249
236 514
236 378
236 573
236 649
236 271
236 592
236 256
236 408
236 815
236 296
236 376
236 426
236 900
236 933
236 962
237 926
237 358
237 371
237 656
237 393
237 487
237 521
237 607
237 670
237 811
237 853
237 888
237 997
237 998
238 298
238 904
238 851
238 704
238 407
238 391
238 330
238 335
238 369
238 392
238 420
238 440
238 487
238 661
239 777
239 364
239 409
239 532
239 688
239 546
239 313
239 979
239 445
239 806
239 985
240 534
240 376
240 675
240 771
240 320
240 746
240 916
240 816
240 768
240 795
240 276
240 280
240 315
240 349
240 354
240 566
240 598
241 352
241 276
241 520
241 963
241 944
241 857
241 574
241 831
241 904
241 964
242 374
242 882
242 459
242 480
242 282
242 812
242 890
242 973
242 976
243 939
243 757
243 704
243 454
243 480
243 453
243 582
243 690
243 706
243 776
243 780
244 401
244 978
244 499
244 248
244 295
244 369
244 388
244 413
244 422
244 450
244 552
244 554
244 698
244 783
244 790
244 816
244 839
245 752
245 631
245 772
245 520
245 913
245 371
245 855
245 884
245 356
245 577
245 461
245 586
245 705
245 950
245 978
246 804
246 970
246 503
246 275
246 453
246 570
246 396
246 319
246 419
246 459
246 562
246 611
246 672
246 677
246 727
246 765
246 798
246 981
247 291
247 441
247 622
247 840
247 806
247 563
247 343
247 383
247 522
247 664
247 693
247 721
247 765
247 767
247 982
248 626
248 630
248 327
248 866
248 323
248 933
248 602
248 926
248 889
248 512
248 564
248 642
248 803
249 639
249 402
249 782
249 642
249 854
249 406
249 319
249 280
249 418
249 468
249 517
249 534
249 550
249 869
250 256
250 745
250 882
250 822
250 652
250 496
250 585
250 284
250 291
250 329
250 464
250 531
250 892
251 419
251 722
251 557
251 452
251 852
251 930
251 633
251 602
251 600
251 951
251 549
251 281
251 309
251 333
251 403
251 638
251 709
251 730
251 766
251 787
252 742
252 867
252 996
252 663
252 985
252 575
252 878
252 417
252 386
252 407
252 255
252 950
252 432
252 474
252 548
252 715
252 819
252 921
253 273
253 733
253 725
253 362
253 360
253 505
253 951
253 464
253 815
253 706
253 754
253 779
253 846
253 861
253 901
254 327
254 437
254 752
254 494
254 512
254 278
254 491
254 497
254 556
254 599
254 631
254 839
254 909
254 911
254 958
254 988
255 431
255 897
255 673
255 847
255 789
255 420
255 607
255 585
255 785
255 684
255 780
255 921
255 942
255 945
256 988
256 327
256 697
256 796
256 922
256 649
256 401
256 438
256 569
256 603
256 617
256 976
257 425
257 770
257 824
257 710
257 812
257 407
257 508
257 683
257 757
257 945
258 976
258 589
258 357
258 438
258 495
258 277
258 875
258 422
258 930
258 261
258 945
258 268
258 472
258 553
258 781
258 873
259 550
259 292
259 483
259 629
259 482
259 936
259 801
259 324
259 604
259 330
259 263
259 313
259 321
259 347
259 390
259 424
259 464
259 640
259 732
259 741
259 845
259 993
260 825
260 808
260 295
260 558
260 662
260 775
260 778
260 905
260 935
260 943
261 586
261 719
261 822
261 730
261 462
261 883
261 683
261 354
261 426
261 479
261 483
261 556
261 625
261 687
261 880
261 933
262 587
262 451
262 916
262 642
262 566
262 617
262 449
262 949
262 849
262 270
262 462
262 463
262 510
262 545
262 616
262 956
263 349
263 709
263 947
263 668
263 859
263 793
263 506
263 961
263 382
263 836
263 966
263 716
263 464
263 363
263 371
263 442
263 530
263 591
263 600
263 653
264 294
264 519
264 507
264 963
264 602
264 826
264 609
264 982
264 716
264 516
264 607
264 353
264 397
264 676
264 787
264 925
265 916
265 762
265 590
265 661
265 657
265 868
265 493
265 308
265 851
265 516
265 522
265 481
265 650
265 861
265 917
266 507
266 314
266 346
266 917
266 539
266 930
266 711
266 382
266 342
266 285
266 319
266 350
266 408
266 614
266 739
266 995
267 895
267 882
267 863
267 305
267 317
267 462
267 496
267 608
267 638
267 647
267 654
267 705
267 781
267 815
267 850
267 872
267 979
268 974
268 450
268 777
268 699
268 507
268 446
268 666
268 676
268 722
268 871
268 873
268 874
269 510
269 965
269 491
269 952
269 451
269 583
269 408
269 483
269 559
269 706
269 985
269 271
269 540
269 581
269 601
269 617
269 731
269 759
270 451
270 374
270 331
270 678
270 418
270 707
270 368
270 631
270 803
270 666
270 609
270 806
270 870
270 912
271 678
271 752
271 301
271 987
271 544
271 552
271 655
271 984
271 277
271 519
271 441
271 298
271 307
271 366
271 368
271 591
271 639
271 673
271 707
272 559
272 483
272 902
272 891
272 993
272 822
272 851
272 518
272 862
272 865
272 881
273 816
273 603
273 298
273 491
273 289
273 535
273 552
273 721
273 722
273 771
273 781
273 867
273 978
274 393
274 732
274 536
274 322
274 610
274 608
274 904
274 663
274 885
274 599
274 542
274 280
274 351
274 520
274 825
274 833
274 837
275 785
275 769
275 618
275 622
275 798
275 298
275 330
275 427
275 491
275 710
275 729
275 760
275 847
276 540
276 398
276 543
276 896
276 770
276 666
276 678
276 777
276 784
276 948
277 649
277 823
277 912
277 914
277 742
277 393
277 313
277 413
277 970
277 278
277 510
277 538
277 608
277 630
278 510
278 626
278 556
278 514
278 554
278 978
278 721
278 534
278 587
278 537
278 619
278 399
278 521
278 569
278 846
278 919
279 916
279 477
279 724
279 715
279 770
279 681
279 525
279 970
279 414
279 338
279 446
279 526
279 540
279 594
279 643
279 760
279 765
280 722
280 419
280 327
280 554
280 790
280 993
280 357
280 374
280 402
280 444
280 449
280 591
280 592
280 814
280 816
280 875
280 912
280 954
281 418
281 763
281 733
281 709
281 700
281 645
281 314
281 389
281 444
281 494
281 576
281 579
281 588
281 747
281 894
281 914
281 915
281 998
282 283
282 688
282 993
282 821
282 445
282 896
282 604
282 381
282 443
282 356
282 392
282 379
282 455
282 468
282 704
282 710
282 806
282 929
282 937
283 787
283 897
283 629
283 647
283 738
283 754
283 324
283 807
283 306
283 347
283 559
283 749
283 979
284 868
284 308
284 311
284 993
284 321
284 512
284 568
284 915
284 924
284 927
284 971
285 807
285 383
285 827
285 792
285 939
285 372
285 937
285 660
285 797
285 303
285 304
285 338
285 523
285 757
286 906
286 400
286 506
286 641
286 716
286 841
286 411
286 876
286 797
286 365
286 507
286 602
286 609
286 659
286 709
286 728
286 855
286 856
286 936
287 689
287 782
287 792
287 335
287 684
287 497
287 693
287 704
287 712
287 771
287 923
287 950
288 744
288 716
288 519
288 371
288 507
288 355
288 641
288 443
288 314
288 340
288 439
288 711
288 737
288 772
288 943
288 999
289 835
289 549
289 563
289 671
289 773
289 837
289 989
290 573
290 870
290 752
290 751
290 579
290 557
290 340
290 932
290 530
290 658
290 342
290 707
290 737
290 859
290 938
290 977
291 436
291 412
291 350
291 334
291 749
291 808
291 632
291 821
291 417
291 543
291 566
291 725
291 767
291 959
292 716
292 309
292 388
292 998
292 304
292 343
292 358
292 394
292 421
292 458
292 649
292 753
292 763
293 624
293 922
293 912
293 949
293 511
293 524
293 962
293 401
293 448
293 556
293 572
293 583
293 603
293 909
294 326
294 517
294 489
294 689
294 895
294 409
294 438
294 468
294 567
294 679
294 759
294 794
294 802
294 816
294 867
294 914
295 493
295 496
295 544
295 949
295 962
296 746
296 743
296 961
296 389
296 469
296 521
296 320
296 322
296 435
296 530
296 634
296 651
296 659
296 810
296 935
297 554
297 668
297 729
297 604
297 335
297 391
297 724
297 302
297 592
297 738
297 833
298 489
298 912
298 916
298 814
298 456
298 384
298 553
298 580
298 658
298 746
298 785
298 875
299 353
299 946
299 586
299 842
299 543
299 328
299 389
299 408
299 490
299 597
299 668
299 732
299 775
299 939
299 951
300 869
300 617
300 866
300 450
300 349
300 626
300 350
300 658
300 396
300 361
300 463
300 723
300 803
301 357
301 866
301 361
301 655
301 858
301 692
301 864
301 471
301 747
301 359
301 577
301 768
302 651
302 473
302 332
302 799
302 335
302 386
302 387
302 939
302 877
302 338
302 383
302 563
302 673
302 676
302 820
303 616
303 796
303 716
303 932
303 462
303 767
303 671
303 780
303 819
303 959
303 792
303 970
303 414
303 549
303 701
303 798
304 476
304 639
304 536
304 513
304 646
304 407
304 671
304 596
304 387
304 634
304 729
304 858
304 864
304 931
304 942
304 945
304 970
305 930
305 879
305 341
305 512
305 776
305 370
305 993
305 671
305 413
305 483
305 738
305 748
305 805
306 700
306 615
306 801
306 717
306 719
306 730
306 390
306 351
306 979
306 955
306 385
306 618
306 473
306 521
306 597
306 694
306 731
306 925
307 631
307 691
307 947
307 398
307 924
307 841
307 308
307 700
307 964
308 726
308 370
308 488
308 927
308 606
308 406
308 783
308 703
308 324
308 628
308 717
308 771
308 903
308 982
308 985
309 699
309 860
309 853
309 743
309 842
309 915
309 520
309 718
309 397
309 477
309 510
309 725
310 462
310 688
310 606
310 708
310 508
310 443
310 324
310 527
310 654
310 920
310 980
311 581
311 636
311 885
311 496
311 483
311 720
311 784
311 370
311 423
311 337
311 464
311 482
311 488
311 518
311 560
311 650
311 730
311 733
311 841
311 846
312 998
312 461
312 647
312 595
312 673
312 658
312 800
312 373
312 421
312 433
312 478
312 594
312 830
313 610
313 598
313 851
313 337
313 845
313 364
313 504
313 642
313 667
313 674
313 788
313 854
313 892
313 996
314 353
314 711
314 543
314 588
314 668
314 382
314 811
314 582
314 753
314 772
314 850
314 915
315 544
315 965
315 639
315 909
315 443
315 429
315 383
315 583
315 713
315 952
316 366
316 748
316 473
316 718
316 317
316 686
316 957
317 466
317 702
317 547
317 889
317 341
317 512
317 882
317 920
317 971
318 345
318 734
318 658
318 335
318 342
318 352
318 487
318 529
318 535
318 618
318 646
318 669
318 710
318 767
318 816
318 824
318 975
319 701
319 415
319 407
319 490
319 542
319 618
319 765
319 788
320 528
320 678
320 354
320 909
320 919
320 357
320 714
320 381
320 383
320 421
320 540
320 552
320 953
320 988
321 636
321 936
321 971
321 640
321 878
321 332
321 416
321 750
322 873
322 602
322 716
322 728
322 884
322 340
322 526
322 558
322 620
322 700
322 714
322 751
322 825
322 848
323 616
323 934
323 742
323 361
323 713
323 896
323 487
323 344
323 405
323 476
323 550
323 626
323 698
323 701
323 890
323 898
323 952
323 994
324 958
324 927
324 547
324 851
324 983
324 598
324 634
324 516
324 329
324 645
324 531
324 632
324 748
324 892
325 816
325 723
325 649
325 923
325 809
325 822
325 755
325 773
325 326
325 363
325 524
325 576
325 592
325 639
325 722
325 741
325 782
325 790
325 803
325 896
325 994
326 404
326 617
326 509
326 504
326 373
326 397
326 425
326 437
326 466
326 472
326 759
326 838
326 858
326 922
326 987
327 457
327 511
327 751
327 440
327 443
327 545
327 573
327 623
327 633
327 679
327 707
327 782
327 834
327 919
327 932
328 449
328 811
328 434
328 606
328 391
328 789
328 788
328 384
328 843
328 807
328 387
328 454
328 786
328 790
328 798
328 835
328 943
329 869
329 422
329 354
329 719
329 892
329 482
329 430
329 444
329 523
329 687
329 908
329 740
329 628
329 893
329 429
329 377
329 657
329 695
329 718
329 836
330 714
330 594
330 379
330 480
330 685
330 332
330 729
330 989
330 407
330 819
330 921
330 761
330 400
330 502
330 900
330 985
331 790
331 572
331 556
331 363
331 687
331 683
331 383
331 878
331 336
331 405
331 412
331 506
331 553
331 592
331 636
331 874
332 575
332 672
332 921
332 770
332 427
332 481
332 486
332 525
332 727
332 755
333 641
333 998
333 352
333 762
333 764
333 428
333 638
333 886
333 944
334 450
334 363
334 957
334 499
334 466
334 444
334 482
334 670
334 720
334 606
334 685
334 395
334 385
334 406
334 483
334 610
335 637
335 577
335 443
335 611
335 684
335 504
335 562
335 587
335 683
335 877
335 933
336 852
336 614
336 663
336 774
336 431
336 832
336 937
336 452
336 666
336 991
337 343
337 401
337 430
337 887
337 444
337 813
337 815
337 594
337 381
337 406
337 533
337 654
337 699
337 784
337 955
338 860
338 811
338 527
338 910
338 434
338 628
338 797
338 877
338 484
338 596
338 497
338 453
338 455
338 614
338 668
338 690
338 708
338 827
338 989
339 625
339 570
339 672
339 351
339 430
339 670
339 687
339 725
339 774
339 815
339 828
339 869
339 883
339 951
340 829
340 353
340 365
340 986
340 539
340 557
340 505
340 565
340 355
340 356
340 530
340 700
340 712
340 739
340 836
340 947
341 344
341 754
341 619
341 891
341 845
341 718
341 632
341 416
341 367
341 397
341 628
341 746
341 774
341 927
341 936
341 957
342 697
342 580
342 832
342 660
342 427
342 820
342 396
342 417
342 467
342 541
342 921
343 472
343 803
343 875
343 870
343 404
343 642
343 969
343 674
343 344
343 437
343 464
343 535
343 666
343 750
343 797
343 829
343 908
344 457
344 953
344 572
344 401
344 675
344 472
344 368
344 448
344 782
344 424
344 393
344 597
344 687
344 807
344 534
344 713
344 814
344 831
344 992
345 666
345 963
345 842
345 833
345 475
345 507
345 389
345 860
345 966
345 408
345 452
345 519
345 545
345 609
345 638
345 682
345 684
345 766
345 828
345 919
345 942
345 943
346 712
346 818
346 908
346 868
346 508
346 684
346 426
346 486
346 599
346 655
346 856
347 649
347 572
347 758
347 985
347 625
347 748
347 761
347 426
347 479
347 537
347 815
347 983
348 923
348 576
348 624
348 914
348 912
348 617
348 448
348 906
348 949
348 721
348 979
348 356
348 369
348 412
348 567
348 620
348 660
348 698
348 960
349 581
349 814
349 589
349 803
349 491
349 571
349 457
349 667
349 754
349 748
349 485
349 538
349 624
349 679
349 746
350 556
350 716
350 753
350 610
350 944
350 400
350 492
350 424
350 650
350 903
350 377
350 471
350 543
350 888
351 963
351 744
351 496
351 778
351 362
351 509
351 529
351 667
351 780
351 872
352 977
352 739
352 496
352 665
352 408
352 473
352 494
352 574
352 685
352 753
352 848
352 856
352 904
352 913
353 398
353 836
353 520
353 606
353 400
353 605
353 811
353 909
353 944
354 405
354 728
354 890
354 357
354 417
354 524
354 566
354 583
354 631
354 758
354 809
354 823
354 914
355 678
355 520
355 963
355 393
355 530
355 930
355 932
355 469
355 712
355 509
355 717
355 548
355 400
355 408
355 435
355 658
355 668
355 684
355 766
355 859
355 894
355 907
355 917
355 973
356 786
356 849
356 939
356 450
356 487
356 508
356 582
356 589
356 601
356 648
356 741
356 769
356 927
356 982
357 616
357 591
357 866
357 873
357 777
357 966
357 971
357 669
357 379
357 550
357 713
358 758
358 410
358 751
358 941
358 682
358 737
358 456
358 855
358 608
358 844
358 886
358 475
358 807
358 824
358 532
358 550
358 998
359 422
359 858
359 823
359 424
359 382
359 399
359 538
359 547
359 561
359 589
359 642
359 899
359 919
359 954
359 987
359 997
360 426
360 936
360 967
360 416
360 430
360 441
360 462
360 506
360 545
360 548
360 857
360 887
360 920
361 965
361 457
361 858
361 692
361 587
361 378
361 511
361 537
361 553
361 591
361 649
361 697
361 986
362 816
362 772
362 532
362 808
362 629
362 406
362 702
362 509
362 518
362 564
362 686
362 730
362 812
362 957
363 448
363 803
363 723
363 502
363 923
363 691
363 466
363 495
363 556
363 584
363 673
363 777
364 679
364 557
364 398
364 957
364 879
364 413
364 499
364 920
364 882
364 887
364 931
364 515
364 682
364 686
364 813
364 872
365 403
365 913
365 712
365 615
365 409
365 398
365 410
365 612
365 644
365 700
365 707
365 759
365 844
365 855
366 978
366 449
366 949
366 829
366 655
366 435
366 483
366 698
366 823
366 944
367 941
367 629
367 983
367 430
367 493
367 499
367 527
367 648
367 653
367 748
367 784
367 813
367 856
367 902
367 951
367 968
367 980
368 809
368 630
368 742
368 756
368 794
368 471
368 865
368 429
368 383
368 491
368 560
368 583
369 965
369 689
369 614
369 579
369 646
369 402
369 605
369 639
369 933
369 940
369 946
370 805
370 629
370 473
370 523
370 971
370 970
370 405
370 490
370 531
370 546
370 652
370 654
370 719
370 822
370 879
371 864
371 398
371 600
371 608
371 695
371 468
371 507
371 536
371 569
371 627
371 728
371 803
371 833
371 844
371 852
371 905
371 919
371 938
372 666
372 437
372 918
372 440
372 458
372 607
372 623
372 835
372 959
373 768
373 878
373 921
373 595
373 685
373 525
373 780
373 542
373 458
373 508
373 674
373 705
374 583
374 875
374 504
374 449
374 485
374 621
374 645
374 707
374 759
374 921
374 943
374 949
374 956
374 960
374 988
374 992
375 875
375 514
375 376
375 526
375 484
375 549
375 747
375 575
375 669
375 989
375 470
375 658
375 715
375 773
375 805
375 824
375 840
375 880
375 901
376 873
376 572
376 495
376 418
377 924
377 751
377 986
377 738
377 773
377 492
377 506
377 558
377 593
377 753
377 852
378 587
378 922
378 437
378 974
378 603
378 923
378 433
378 726
378 870
378 752
378 615
378 896
378 867
378 914
378 954
379 484
379 878
379 565
379 432
379 384
379 402
379 454
379 481
379 539
379 570
379 596
379 616
379 811
379 832
379 929
379 988
380 920
380 720
380 409
380 546
380 708
380 844
380 859
381 941
381 838
381 493
381 792
381 811
381 973
381 982
382 829
382 655
382 680
382 924
382 461
382 696
382 410
382 445
382 527
382 530
382 566
382 576
382 627
382 674
382 688
382 832
382 842
382 938
382 986
382 998
383 924
383 428
383 754
383 596
383 526
383 490
383 501
383 651
383 699
383 705
383 821
383 893
383 921
383 973
384 928
384 387
384 455
384 585
384 607
384 732
384 779
384 918
384 937
385 405
385 491
385 953
385 993
385 687
385 654
385 979
385 647
385 791
385 815
385 863
385 513
385 883
385 427
385 755
385 783
385 801
386 573
386 682
386 462
386 533
386 690
386 939
386 788
386 627
386 637
386 646
386 704
387 580
387 961
387 440
387 391
387 921
387 900
387 799
387 561
387 455
387 459
387 560
387 684
387 801
387 849
388 572
388 966
388 804
388 888
388 924
388 948
388 600
388 602
388 762
388 766
388 837
388 850
388 895
388 944
389 507
389 543
389 633
389 818
389 500
389 564
389 402
389 428
389 834
389 977
390 833
390 488
390 490
390 483
390 526
390 683
390 706
390 708
390 791
390 861
390 936
390 967
391 716
391 423
391 761
391 480
391 411
391 555
391 484
391 671
391 740
391 773
391 856
391 868
391 970
392 803
392 966
392 615
392 729
392 454
392 990
392 402
392 607
392 679
392 724
392 928
393 615
393 507
393 888
393 614
393 808
393 635
393 428
393 691
393 733
393 802
393 853
394 472
394 709
394 668
394 733
394 447
394 610
394 722
394 810
394 817
394 935
395 764
395 454
395 459
395 467
395 601
395 634
395 635
395 678
395 684
395 698
395 769
395 800
396 728
396 670
396 937
396 407
396 423
396 417
396 481
396 627
396 837
397 995
397 569
397 834
397 785
397 413
397 440
397 537
397 691
397 712
397 826
398 742
398 763
398 852
398 856
398 682
398 586
398 836
398 859
398 575
398 414
398 520
398 528
398 530
398 804
398 811
398 813
398 938
399 616
399 803
399 923
399 992
399 576
399 560
399 400
399 418
399 436
399 448
399 551
399 600
399 643
399 679
399 689
399 816
399 862
399 874
399 919
399 984
400 615
400 737
400 872
400 613
400 618
400 773
400 901
400 930
400 966
401 933
401 649
401 916
401 930
401 838
401 402
401 404
401 422
401 544
401 545
401 756
401 814
401 912
401 919
401 966
401 988
402 457
402 551
402 911
402 474
402 636
402 858
402 867
403 433
403 924
403 696
403 523
403 918
403 524
403 599
403 681
403 811
404 408
404 528
404 600
404 603
404 642
404 721
404 833
405 873
405 962
405 495
405 513
405 899
405 554
405 560
405 578
405 587
405 686
405 749
405 976
406 854
406 879
406 527
406 778
406 899
406 892
406 413
406 483
406 674
406 717
406 865
406 897
407 756
407 932
407 417
407 522
407 458
407 671
407 706
407 807
407 927
407 967
407 969
408 924
408 938
408 633
408 559
408 776
408 471
408 656
408 732
408 781
408 864
408 988
409 623
409 647
409 851
409 980
409 426
409 869
409 971
410 436
410 461
410 586
410 938
410 762
410 513
410 908
410 766
410 817
410 893
410 895
411 709
411 730
411 729
411 755
411 503
411 585
411 440
411 600
411 710
411 970
412 947
412 751
412 501
412 521
412 543
412 836
413 866
413 461
413 735
413 568
413 801
413 619
413 892
413 667
413 971
413 436
413 611
413 668
413 985
414 650
414 945
414 594
414 939
414 458
414 474
414 561
414 724
414 727
414 768
414 807
414 824
414 849
414 900
414 989
415 818
415 735
415 635
415 765
415 601
415 767
415 893
415 942
415 653
415 939
415 417
415 474
415 478
415 493
415 497
415 579
415 674
415 891
416 696
416 889
416 568
416 735
416 493
416 456
416 464
417 511
417 949
417 895
417 980
417 918
417 997
417 515
417 734
417 747
417 761
417 785
418 517
418 867
418 448
418 535
418 869
418 803
418 748
418 967
418 510
418 862
418 884
419 956
419 538
419 482
419 571
419 867
420 992
420 807
420 577
420 594
420 843
420 685
420 503
420 546
420 925
420 941
421 613
421 930
421 429
421 942
421 427
421 506
421 849
421 893
421 907
421 937
421 943
421 970
422 698
422 934
422 976
422 866
422 962
422 439
422 431
422 472
422 480
422 557
422 633
422 794
422 845
422 884
422 953
422 958
423 923
423 869
423 981
423 542
423 770
423 440
423 571
423 639
423 970
424 589
424 966
424 850
424 455
424 712
424 817
425 794
425 922
425 962
425 845
425 551
425 576
425 599
425 636
425 724
425 823
425 830
425 862
425 923
425 925
426 745
426 670
426 846
426 493
426 740
426 754
426 518
426 640
426 686
426 731
426 720
426 699
426 861
427 660
427 921
427 445
427 677
427 736
427 548
427 549
427 672
427 802
427 830
427 957
428 965
428 644
428 605
428 615
428 884
429 848
429 819
429 973
429 684
429 476
429 770
429 773
429 807
429 824
429 852
429 958
430 902
430 717
430 597
430 903
430 564
430 482
430 532
430 537
430 559
430 598
430 650
430 708
430 726
430 735
430 738
430 745
430 774
430 995
431 709
431 656
431 446
431 927
431 622
431 522
431 929
431 483
431 516
431 632
431 719
431 811
432 979
432 822
432 939
432 618
432 458
432 468
432 653
432 824
432 871
432 893
433 675
433 573
433 639
433 502
433 545
433 803
433 449
433 914
433 496
433 980
433 551
433 762
433 954
434 861
434 590
434 854
434 927
434 801
434 805
434 872
434 512
434 541
434 587
434 690
434 803
434 834
434 882
434 919
435 691
435 941
435 856
435 888
435 986
435 972
435 995
435 475
435 765
435 792
435 560
435 576
435 766
435 818
435 864
436 866
436 553
436 566
436 831
436 733
436 645
436 863
436 770
436 567
436 620
436 630
436 814
436 846
436 914
437 829
437 689
437 649
437 460
437 655
437 974
437 721
437 950
437 785
437 468
437 524
437 573
437 960
437 966
438 676
438 771
438 935
438 557
438 582
438 531
438 576
438 588
438 707
438 781
438 922
438 953
439 567
439 938
439 469
439 610
439 712
439 762
440 954
440 767
440 684
440 453
440 785
440 673
440 681
440 704
440 820
440 937
440 945
441 841
441 640
441 564
441 687
441 523
441 650
441 473
441 444
441 466
441 693
441 990
441 740
441 749
442 944
442 447
442 963
442 913
442 972
442 826
442 498
442 521
442 700
442 712
442 840
443 582
443 467
443 693
443 765
443 480
443 812
443 648
443 727
443 760
443 761
443 780
443 900
443 918
444 652
444 883
444 865
444 730
444 446
444 490
444 656
444 694
444 791
444 908
444 940
444 988
445 772
445 959
445 840
445 673
445 618
445 622
445 503
445 585
445 624
445 635
445 677
445 683
445 830
445 863
445 990
446 974
446 815
446 813
446 687
446 883
446 801
446 841
446 748
446 863
446 798
446 616
446 670
446 770
446 783
446 971
447 552
447 818
447 943
447 826
447 470
447 530
447 662
447 913
448 988
448 814
448 450
448 676
448 678
448 892
448 900
448 876
448 517
448 528
448 538
448 858
448 965
449 631
449 933
449 676
449 906
449 463
449 545
449 580
449 697
449 731
449 746
449 768
449 783
450 814
450 489
450 580
450 988
451 984
451 535
451 624
451 636
451 756
451 768
451 831
451 994
452 737
452 941
452 786
452 607
452 545
452 642
452 668
452 733
452 810
452 855
452 864
452 913
453 735
453 969
453 594
453 582
453 907
453 819
453 674
453 525
453 824
453 786
453 885
453 900
454 802
454 941
454 577
454 515
454 533
454 653
454 757
454 770
454 824
454 890
455 913
455 590
455 820
455 849
455 480
455 704
455 664
455 569
455 583
455 609
455 619
455 688
455 773
455 799
455 821
455 871
455 969
455 981
456 758
456 465
456 859
456 898
456 588
456 529
456 696
456 789
456 521
456 574
456 612
456 633
456 644
456 834
456 915
456 924
456 964
457 572
457 463
457 807
457 484
457 591
457 695
457 869
457 962
457 987
458 942
458 570
458 683
458 690
458 757
458 764
458 812
458 876
458 918
458 953
459 565
459 928
459 827
459 847
459 704
459 515
459 893
460 934
460 655
460 923
460 850
460 472
460 502
460 578
460 587
460 689
460 758
460 839
460 936
461 716
461 943
461 763
461 505
461 613
461 699
461 728
461 848
462 868
462 523
462 983
462 647
462 493
462 502
462 589
462 590
462 667
462 685
462 694
462 706
462 808
462 872
462 899
463 870
463 655
463 940
463 545
463 869
463 689
463 742
463 502
463 535
463 589
463 664
463 678
463 746
463 821
463 953
463 972
464 545
464 962
464 606
464 979
464 483
464 702
464 496
464 801
464 808
464 846
465 888
465 586
465 498
465 521
465 793
465 834
465 905
465 932
466 636
466 560
466 993
466 606
466 828
466 720
466 719
466 508
466 546
466 630
466 813
466 879
466 882
466 910
466 936
467 824
467 807
467 785
467 577
467 890
467 769
467 603
467 604
467 648
467 701
467 760
467 788
467 792
467 990
468 978
468 867
468 909
468 550
468 497
468 624
468 634
468 672
468 910
468 912
468 922
469 851
469 537
469 574
469 599
469 656
469 762
469 768
469 848
470 534
470 595
470 618
470 622
470 762
470 785
470 970
471 624
471 543
471 895
471 506
471 810
471 848
471 855
471 766
471 523
471 767
471 518
471 598
471 605
471 715
471 830
471 924
472 954
472 591
472 544
472 793
472 479
472 597
472 666
472 727
472 961
472 998
473 850
473 509
473 767
473 729
473 549
473 605
473 619
473 628
473 686
473 745
473 793
473 806
473 822
473 908
474 513
474 533
474 724
474 674
474 622
474 939
474 773
475 909
475 682
475 826
475 542
475 641
475 673
475 918
475 998
476 642
476 906
476 572
476 829
476 605
476 592
476 743
476 777
476 786
477 963
477 568
477 964
477 979
478 696
478 674
478 565
478 577
478 969
478 504
478 701
478 785
478 830
478 970
479 505
479 512
479 719
479 779
479 850
479 967
480 481
480 907
480 595
480 537
480 538
480 548
480 549
480 710
480 782
480 876
480 942
480 967
481 867
481 509
481 850
481 499
481 736
481 607
481 704
481 549
481 594
481 487
481 800
481 542
481 575
481 761
481 858
481 942
482 741
482 632
482 879
482 851
482 577
482 496
482 638
482 774
482 823
482 892
483 492
483 735
483 634
483 625
483 989
483 800
483 487
483 546
483 851
483 980
483 985
484 667
484 865
484 747
484 671
484 773
484 830
484 824
484 633
484 708
484 715
484 719
484 727
484 737
484 788
484 836
484 973
485 603
485 934
485 689
485 544
485 617
485 615
485 530
485 552
485 567
485 583
485 659
485 940
485 985
485 994
486 855
486 637
486 601
486 798
486 621
486 627
486 710
486 770
486 909
486 960
486 989
487 651
487 979
487 773
487 939
487 522
487 618
487 685
487 729
487 734
487 907
487 990
488 696
488 647
488 490
488 725
488 778
488 632
488 959
488 513
488 559
488 584
488 606
488 703
488 735
488 910
488 936
489 803
489 976
489 707
489 923
489 524
489 922
489 552
489 573
489 742
489 520
489 534
489 593
489 775
490 516
490 841
490 748
490 625
490 993
490 695
490 696
490 505
491 933
491 511
491 987
491 649
491 905
491 652
491 524
491 567
491 583
491 768
491 839
491 867
491 911
491 921
491 922
491 965
492 544
492 964
492 948
492 981
492 615
492 848
493 496
493 971
493 495
493 505
493 662
493 731
494 810
494 938
494 837
494 530
494 613
494 917
495 916
495 617
495 814
495 743
495 891
495 812
495 873
495 896
495 996
496 749
496 889
496 902
496 529
496 686
496 687
496 720
496 892
496 908
496 968
497 518
497 643
497 622
497 734
497 757
497 775
497 820
497 865
497 901
497 973
497 979
498 569
498 682
498 999
498 600
498 711
498 946
498 947
498 989
498 593
498 618
498 676
498 753
498 878
498 898
499 952
499 932
499 865
499 774
499 973
499 584
499 628
499 650
499 667
499 686
499 842
499 850
499 880
499 987
500 602
500 941
500 972
500 609
500 766
500 574
500 811
500 643
500 964
501 629
501 595
501 601
501 542
501 635
501 773
501 990
501 525
501 643
501 727
501 784
501 907
501 942
501 959
502 551
502 768
502 566
502 538
502 517
502 782
502 759
502 836
502 891
502 543
502 550
502 589
502 641
502 746
502 815
502 860
502 908
503 592
503 782
503 658
503 928
503 541
503 969
503 607
503 673
503 635
503 715
503 999
504 771
504 749
504 800
504 506
504 515
504 605
504 635
504 643
504 646
504 693
504 760
504 830
504 901
504 907
504 944
504 953
504 959
505 538
505 687
505 774
505 745
505 635
505 518
505 656
505 706
505 879
506 926
506 536
506 982
506 895
506 977
506 787
506 543
506 651
506 728
506 817
506 881
507 514
507 998
507 613
507 699
507 608
507 975
507 856
507 795
507 687
507 832
507 599
507 654
508 691
508 921
508 939
508 997
508 807
508 565
508 750
508 761
508 764
508 820
508 835
508 878
508 988
508 998
509 699
509 741
509 546
509 647
509 629
509 518
509 529
509 597
509 639
509 945
509 980
510 631
510 583
510 603
510 962
510 952
510 734
510 630
510 796
510 893
510 960
511 758
511 580
511 520
511 752
511 790
511 793
511 903
512 895
512 851
512 632
512 749
512 645
512 748
512 686
512 673
512 937
512 527
512 571
512 658
512 665
512 818
512 983
512 992
513 756
513 898
513 920
513 863
513 776
513 527
513 568
513 591
513 597
513 638
513 689
513 829
513 889
513 911
513 979
514 600
514 622
514 642
515 758
515 730
515 667
515 653
515 939
515 824
515 770
515 989
515 736
515 685
515 643
515 623
516 700
516 600
516 706
516 863
516 897
516 979
516 776
516 889
516 634
516 678
516 719
516 857
517 873
517 723
517 906
517 934
517 689
517 978
517 791
517 538
517 609
517 700
517 781
517 831
517 839
517 923
518 523
518 980
518 910
518 546
518 702
518 993
518 528
518 529
518 592
518 792
518 815
518 841
518 846
518 857
518 905
518 951
519 620
519 668
519 904
519 599
519 886
519 709
519 712
519 609
519 811
519 833
519 860
519 864
520 941
520 723
520 751
520 775
520 836
520 856
520 878
520 913
520 991
521 538
521 633
521 810
521 905
521 975
522 738
522 541
522 570
522 832
522 970
522 554
522 608
522 819
522 926
523 606
523 708
523 815
523 529
523 634
523 846
523 925
523 967
523 980
523 993
524 814
524 698
524 952
524 581
524 809
524 781
524 848
524 532
524 779
524 678
524 758
524 768
524 782
525 683
525 710
525 788
525 563
525 575
525 607
525 672
525 885
526 815
526 664
526 673
526 770
526 724
526 773
526 594
526 627
526 677
526 784
526 817
526 859
526 908
526 990
527 713
527 625
527 645
527 892
527 880
527 686
527 641
527 647
527 782
527 957
528 680
528 923
528 676
528 974
528 952
528 685
528 958
529 984
529 999
529 979
529 841
529 687
529 857
529 754
529 730
529 792
529 980
529 985
530 856
530 836
530 777
530 699
530 728
530 737
530 732
530 579
530 700
530 641
530 792
530 547
530 560
530 912
531 567
531 868
531 951
531 590
531 687
531 561
531 597
531 632
531 706
531 880
531 881
531 993
532 731
532 920
532 568
532 955
532 565
532 755
532 789
532 803
532 846
532 936
533 578
533 824
533 660
533 876
533 671
533 734
533 555
533 633
533 807
534 566
534 630
534 906
534 678
534 554
534 624
534 707
534 866
534 620
534 708
534 867
534 870
535 675
535 698
535 649
535 983
535 591
535 701
535 752
535 965
536 943
536 834
536 833
536 567
536 608
536 716
536 732
536 872
537 932
537 599
537 961
537 744
537 884
537 973
537 557
537 691
537 772
537 848
537 924
537 926
537 943
538 676
538 984
538 919
538 655
538 587
538 912
538 550
538 668
538 618
538 560
538 680
538 782
538 816
539 944
539 904
539 579
539 593
539 981
539 993
539 576
539 836
539 924
539 965
540 994
540 591
540 630
540 576
540 636
540 685
540 740
541 931
541 877
541 572
541 669
541 674
541 727
541 763
541 789
541 918
542 796
542 979
542 883
542 734
542 847
542 639
542 760
542 805
543 933
543 743
543 610
543 641
543 938
543 853
543 955
543 852
543 925
543 988
544 571
544 733
544 561
544 713
544 847
544 858
544 911
544 994
545 803
545 919
545 566
545 794
545 655
545 859
545 882
545 565
546 739
546 694
546 628
546 696
546 882
546 880
546 547
546 902
546 843
546 568
546 604
546 635
546 845
547 556
547 619
547 629
547 902
547 640
547 980
547 727
547 702
547 717
547 806
547 865
547 936
548 552
548 894
548 798
548 827
548 724
548 727
548 973
549 976
549 849
549 765
549 674
549 786
550 829
550 873
550 603
550 666
550 782
550 862
550 919
551 958
551 655
551 987
551 873
551 805
551 614
551 616
551 707
551 752
551 796
551 874
551 911
551 992
552 592
552 919
552 996
552 948
552 718
552 666
553 839
553 802
553 592
553 680
553 723
553 831
553 890
553 965
554 867
554 933
554 566
554 679
554 866
554 909
554 675
554 964
554 634
554 931
554 896
554 571
554 584
554 592
554 639
554 816
555 595
555 596
555 785
555 575
555 588
555 627
555 635
555 648
555 662
555 901
556 816
556 605
556 796
556 935
556 958
556 984
557 610
557 633
557 558
557 682
557 592
557 668
557 700
557 707
557 863
557 905
557 982
558 758
558 753
558 856
558 712
558 612
558 810
558 977
558 560
558 600
558 895
558 981
558 695
558 769
558 605
558 739
559 625
559 661
559 694
559 650
559 748
559 614
559 735
559 805
559 931
559 980
559 983
560 795
560 613
560 913
560 905
560 620
560 633
560 970
560 599
561 587
561 646
561 830
561 928
562 931
562 902
562 748
562 565
562 607
562 773
562 929
562 789
562 843
562 893
562 901
563 802
563 767
563 907
563 693
563 827
563 840
563 847
564 931
564 590
564 617
564 638
564 665
564 674
564 694
564 718
564 798
564 882
564 898
564 967
565 600
565 738
565 621
565 683
565 596
565 806
565 817
565 843
565 969
565 970
566 919
566 906
566 626
566 666
566 587
566 659
566 599
566 636
566 843
566 897
566 986
567 984
567 992
567 988
567 709
567 758
567 783
567 976
568 606
568 718
568 784
568 980
568 776
568 871
568 585
568 613
568 769
568 850
569 676
569 884
569 853
569 947
569 744
569 885
569 972
569 815
569 699
569 772
569 836
570 812
570 798
570 843
570 683
570 761
571 616
571 858
571 937
571 914
571 974
572 954
572 996
572 578
572 666
572 689
572 923
573 626
573 818
573 840
573 580
573 759
573 896
573 916
573 980
574 924
574 966
574 804
574 793
574 579
574 948
574 755
574 694
574 714
574 806
574 811
574 826
574 867
574 986
575 738
575 773
575 618
575 753
575 820
576 949
576 934
576 875
576 694
576 636
576 782
576 862
576 958
576 984
577 914
577 779
577 786
577 907
577 601
577 821
577 896
577 945
578 909
578 869
578 952
578 786
578 624
578 707
578 875
578 954
579 999
579 800
579 673
579 613
579 686
579 714
579 753
579 762
579 787
579 986
580 802
580 978
580 676
580 623
580 996
580 831
580 957
580 677
580 869
580 919
581 626
581 874
581 655
581 616
581 639
581 694
581 803
581 855
581 873
581 909
581 911
581 982
582 788
582 717
582 899
582 921
583 771
583 782
583 616
583 649
583 962
583 676
583 746
583 933
583 940
584 888
584 891
584 754
584 883
584 717
584 591
584 665
584 903
584 955
585 938
585 835
585 604
585 690
585 830
585 937
585 971
586 831
586 930
586 641
586 844
586 799
586 775
586 934
586 999
587 676
587 591
587 956
587 708
587 630
587 645
587 698
587 802
587 887
587 922
587 964
587 965
588 895
588 668
588 775
588 830
588 879
588 898
588 932
589 803
589 978
589 974
589 919
589 676
589 689
589 723
589 763
589 778
589 909
589 910
589 914
589 916
590 914
590 647
590 597
590 652
590 749
590 813
590 822
590 971
591 687
591 617
591 675
591 832
591 861
591 918
591 994
591 996
592 803
592 689
592 741
592 908
592 704
592 676
592 839
592 858
592 866
593 855
593 946
593 600
593 763
593 641
593 625
593 672
593 686
593 833
593 852
593 884
593 982
594 703
594 734
594 729
594 806
594 847
594 901
594 606
594 607
594 664
594 761
594 819
594 969
595 929
595 637
595 691
595 710
595 761
595 807
595 975
595 976
595 989
596 701
596 747
596 807
596 849
597 617
597 979
597 776
597 687
597 784
597 604
597 657
597 670
598 787
598 944
598 863
598 955
599 624
599 923
599 885
599 644
599 753
599 766
599 833
599 982
600 898
600 716
600 696
600 795
600 999
601 907
601 824
601 878
601 637
601 684
601 757
601 900
602 711
602 763
602 747
602 706
602 714
602 749
602 856
602 884
602 905
602 925
602 975
603 809
603 996
603 697
603 698
603 916
603 960
604 942
604 637
604 692
604 703
604 724
604 762
604 970
605 926
605 610
605 710
605 644
605 699
605 842
606 750
606 902
606 725
606 638
606 717
606 749
606 789
606 883
606 978
606 980
607 960
607 668
607 815
607 761
607 942
607 970
607 673
607 827
607 890
608 641
608 714
608 884
608 720
608 614
608 723
608 876
609 958
609 866
609 623
609 925
609 772
609 737
609 716
609 938
609 999
609 908
609 863
609 945
609 810
609 975
610 680
610 874
610 762
610 792
610 624
610 776
610 825
610 842
610 856
610 859
611 824
611 658
611 767
611 646
611 683
611 684
611 685
611 755
611 798
611 922
612 913
612 855
612 842
612 744
612 636
612 729
612 732
612 804
612 817
613 925
613 682
613 915
613 834
613 904
613 864
613 859
613 855
614 948
614 729
614 779
614 926
615 915
615 977
615 647
615 910
615 638
615 753
615 773
615 791
615 848
615 991
616 803
616 823
616 636
616 744
616 650
616 734
616 713
616 788
616 909
616 970
616 988
617 678
617 816
617 639
617 666
617 751
617 768
617 847
617 866
617 900
617 936
617 962
617 988
618 650
618 812
618 921
618 637
618 761
618 963
619 938
619 778
619 773
619 655
619 725
619 779
619 805
619 880
619 971
619 989
619 992
620 804
620 944
620 886
620 853
621 984
621 725
621 929
621 901
621 937
621 877
621 767
621 780
622 922
622 837
622 699
622 727
622 896
622 918
623 768
623 956
623 707
623 888
623 677
623 649
623 906
624 723
624 678
624 870
624 881
624 893
624 630
624 742
624 760
624 794
624 939
624 978
625 974
625 996
625 991
625 951
625 695
625 815
625 910
625 892
625 792
625 638
625 669
625 702
625 711
625 776
625 784
625 838
625 872
625 881
625 977
626 707
626 923
626 952
626 871
626 647
626 785
626 810
626 943
626 949
627 761
627 707
627 799
627 823
627 847
627 992
628 919
628 678
628 741
628 891
628 632
628 754
628 851
628 931
628 968
629 687
629 720
629 670
629 730
629 815
629 830
629 906
629 985
630 949
630 803
630 948
630 754
630 689
630 758
631 759
631 934
631 865
631 657
631 692
631 705
631 746
631 796
631 823
632 784
632 694
632 872
632 928
632 695
632 794
632 813
632 815
632 910
633 933
633 906
633 999
633 995
633 972
633 951
633 801
633 683
633 711
633 712
633 795
633 844
633 856
633 917
634 793
634 640
634 983
634 851
634 822
634 883
634 779
634 967
635 884
635 928
635 673
635 715
635 785
635 823
635 997
636 987
636 746
636 875
636 742
636 962
636 953
636 759
636 697
636 794
636 657
636 770
637 772
637 879
637 785
637 672
637 734
637 824
637 876
638 996
638 968
638 979
638 813
638 983
638 928
638 686
639 726
639 974
639 713
639 740
639 647
639 719
639 803
640 706
640 980
640 955
640 801
640 745
640 851
640 741
640 718
640 730
640 731
640 750
640 951
640 961
640 967
641 986
641 650
641 694
641 668
641 701
641 811
641 930
641 932
641 941
641 942
641 977
642 790
642 867
642 906
642 752
642 882
642 765
643 651
643 801
643 970
643 764
643 765
643 927
644 978
644 766
644 860
644 999
644 894
644 673
644 843
644 836
644 842
644 984
645 718
645 783
645 776
645 917
646 951
646 761
646 929
646 997
646 669
646 683
646 986
647 861
647 661
647 703
647 741
647 805
647 816
647 822
647 845
647 927
648 936
648 918
648 764
648 827
648 726
648 735
648 876
649 758
649 809
649 917
649 994
650 661
650 740
650 980
650 719
650 749
650 815
650 882
650 902
650 951
651 938
651 794
651 895
652 697
652 970
652 735
653 687
653 654
653 764
653 673
653 724
653 701
653 949
654 956
654 841
654 694
654 838
654 665
654 719
654 887
655 678
655 994
655 991
655 721
655 782
655 824
655 831
656 831
656 672
656 686
656 735
656 748
656 774
656 949
657 802
657 891
657 979
657 983
657 813
657 833
657 841
657 863
657 931
658 901
658 812
658 825
658 843
658 973
659 852
659 793
659 967
659 939
660 671
660 664
660 997
660 939
660 669
660 792
660 878
660 893
661 891
661 861
661 695
661 851
661 805
661 806
662 930
662 938
662 787
662 853
662 856
662 888
662 905
663 831
663 986
663 762
663 787
664 808
664 849
664 937
664 765
664 921
665 678
665 676
665 899
665 720
665 788
666 956
666 870
666 697
666 844
666 866
666 873
667 815
667 741
667 754
667 706
667 719
667 750
667 899
668 972
668 944
668 826
668 734
668 810
669 821
669 800
669 760
669 734
669 942
669 968
670 910
670 735
670 899
670 785
670 710
670 777
671 709
671 705
671 765
671 802
671 901
671 970
672 862
672 921
672 800
672 683
672 849
672 940
673 734
673 820
673 864
673 928
673 969
673 999
674 824
674 799
674 704
674 715
674 750
674 788
675 869
675 816
675 722
675 994
675 779
675 873
675 902
676 909
676 728
676 732
676 745
676 802
676 855
676 862
676 960
677 721
677 999
677 755
677 704
677 705
677 903
677 939
678 909
678 923
678 940
678 722
678 746
678 842
678 919
678 922
678 953
678 990
679 909
679 831
679 803
679 956
679 781
679 683
679 914
680 697
680 707
680 870
681 688
681 701
681 736
681 989
681 929
681 878
681 901
681 969
682 749
682 814
682 856
682 926
683 814
683 947
683 896
683 828
683 989
684 685
684 769
684 928
684 715
684 770
684 799
684 820
684 847
684 896
685 893
685 786
685 812
685 856
685 924
685 928
686 687
686 824
686 750
686 967
687 751
687 776
687 717
687 735
687 748
687 881
687 900
687 927
688 811
688 979
688 749
688 971
688 738
688 718
688 894
688 981
688 985
689 790
689 781
689 874
689 867
689 954
689 742
689 913
689 873
689 912
690 934
690 907
690 843
690 757
690 970
691 768
691 759
691 948
691 972
691 852
691 700
691 709
691 842
691 986
692 914
692 987
692 814
692 831
692 698
692 697
692 713
692 740
692 803
692 810
692 820
692 827
692 863
692 883
692 992
693 961
693 840
693 877
693 878
693 729
693 937
694 811
694 730
694 936
694 715
694 735
694 750
694 805
694 863
695 778
695 748
695 857
695 813
695 882
695 872
695 767
696 902
696 813
696 839
696 868
696 885
697 922
697 933
697 726
697 743
697 711
697 790
697 794
697 829
697 960
697 984
698 723
698 908
698 701
698 790
698 858
698 912
698 961
699 987
699 961
699 860
699 915
699 888
699 932
699 840
699 712
699 731
699 842
699 975
700 803
700 817
700 924
700 811
700 847
700 777
700 931
701 912
701 921
701 893
701 821
701 896
701 970
701 939
701 727
701 827
702 985
702 882
702 754
702 957
702 776
702 857
702 899
702 967
703 992
703 854
703 891
703 748
703 801
703 845
703 754
703 850
704 886
704 849
704 803
704 806
704 925
705 827
705 997
705 755
705 839
705 989
706 964
706 822
706 838
706 731
706 808
706 813
706 892
706 899
706 971
706 973
707 922
707 977
707 799
707 757
707 740
707 802
708 968
708 880
709 922
709 834
709 734
709 774
709 810
709 915
709 930
710 835
710 812
710 824
710 715
710 878
710 723
710 968
711 763
711 884
711 895
711 739
711 975
711 966
711 793
711 897
711 844
711 938
712 782
712 926
712 795
712 878
712 746
712 905
713 962
713 987
713 930
713 889
713 861
713 736
713 945
713 927
713 940
714 982
714 842
714 977
714 718
714 825
715 851
715 785
715 990
715 761
715 876
715 835
715 878
716 947
716 818
716 737
716 743
716 753
716 972
717 815
717 889
717 822
717 750
717 725
717 931
717 945
717 967
718 720
718 882
718 897
718 740
718 910
718 980
719 946
719 880
719 951
719 872
719 813
719 876
719 830
720 838
720 882
720 741
720 748
720 749
720 808
721 956
722 912
722 984
722 958
722 796
722 839
722 913
722 924
723 829
723 992
723 952
723 796
723 855
723 947
723 970
723 753
723 803
723 809
723 858
724 842
724 971
724 970
724 780
724 788
724 830
724 849
724 942
725 731
725 971
725 931
725 734
725 813
725 933
726 988
726 742
726 958
726 963
726 932
726 790
726 829
726 873
726 912
726 940
726 985
726 992
727 988
727 965
727 843
727 761
727 835
727 729
727 918
727 942
728 853
728 735
728 736
728 793
728 888
728 986
729 983
729 970
729 767
729 736
729 800
729 918
730 903
730 936
730 754
730 769
730 887
730 950
731 865
731 801
731 997
731 748
731 931
732 856
732 935
732 860
732 837
732 753
732 775
732 862
732 895
732 986
733 977
733 860
733 855
733 735
733 819
733 925
733 946
733 991
734 871
734 820
734 942
734 969
735 750
735 865
735 968
735 981
736 932
736 812
736 837
736 928
736 954
736 969
736 972
737 894
737 796
737 860
737 886
738 776
738 794
738 831
738 883
738 910
739 752
739 874
740 943
740 979
740 748
740 910
740 857
740 902
740 744
740 774
740 882
741 889
741 841
741 868
741 892
741 828
741 910
741 979
741 981
742 911
742 938
742 823
742 956
742 985
742 990
743 886
743 860
743 763
743 904
743 942
744 963
744 966
744 884
744 899
744 800
744 786
744 836
744 857
745 908
745 851
745 882
745 903
745 980
746 974
746 759
746 823
746 831
746 870
746 882
746 954
747 780
747 839
747 871
747 989
748 952
748 957
748 985
748 808
748 926
749 771
749 953
749 779
749 828
749 981
750 936
750 822
750 920
750 770
750 866
750 908
750 967
750 981
751 811
751 775
751 930
752 875
752 886
752 957
752 971
753 901
754 862
754 838
754 883
754 767
754 833
754 850
754 903
754 972
755 911
755 921
755 756
755 797
756 965
756 826
756 915
756 799
756 781
756 803
756 849
756 934
756 995
756 997
757 997
757 759
757 799
757 808
757 826
757 970
758 916
758 806
758 954
758 988
759 802
759 857
759 815
759 984
760 799
760 945
760 969
760 788
760 878
760 970
761 978
761 908
761 929
761 921
761 970
761 800
761 942
762 930
762 946
762 859
762 900
762 917
762 948
763 855
763 924
763 795
763 834
763 980
764 970
764 765
764 821
764 852
765 973
765 901
765 918
765 792
765 794
766 864
766 913
766 885
766 833
766 842
766 904
766 967
766 982
767 998
767 835
767 997
767 921
767 786
767 810
767 820
768 923
768 906
768 870
768 840
768 782
769 818
769 990
769 900
769 929
769 959
770 997
770 789
770 819
770 896
770 959
770 970
771 809
771 846
771 997
772 787
772 795
773 775
773 901
773 942
774 993
774 889
774 964
775 932
775 930
776 826
776 841
776 788
776 781
776 793
776 812
776 897
776 923
776 932
776 953
776 957
777 787
777 999
777 922
777 980
777 986
778 851
778 783
778 828
778 868
778 985
779 883
779 902
779 936
779 985
780 815
780 792
780 807
780 928
780 788
781 870
781 940
781 816
781 889
781 922
782 870
782 920
782 914
782 980
783 967
783 892
783 979
783 814
783 865
783 951
783 964
783 993
784 957
784 883
784 939
784 827
784 805
784 851
784 872
785 835
785 855
785 858
785 945
786 898
786 878
786 973
787 943
787 834
787 817
787 818
787 966
788 846
788 896
788 812
788 830
788 894
788 918
790 960
790 803
790 936
790 816
790 962
790 974
791 869
791 955
791 897
792 916
792 820
792 821
792 824
792 895
792 918
792 921
793 818
793 860
793 825
793 912
793 913
793 917
793 975
794 952
794 862
794 949
795 819
795 818
795 842
795 856
795 877
795 888
795 915
796 949
796 962
797 847
798 937
798 832
798 901
798 970
798 989
799 942
800 901
800 942
800 847
801 957
801 805
801 986
802 952
802 816
802 880
802 954
802 994
802 999
803 934
803 839
803 933
803 988
803 867
803 912
803 940
804 982
804 955
805 955
805 807
805 815
805 847
805 892
806 917
806 970
806 812
807 878
807 877
807 890
807 900
807 970
807 990
808 863
808 985
808 957
808 892
808 872
808 850
809 978
809 909
809 948
810 833
810 856
810 885
810 926
810 947
810 980
811 998
811 941
811 961
811 897
811 905
812 958
812 845
812 876
812 900
812 988
813 962
813 934
813 952
813 845
814 984
814 992
814 952
814 960
814 867
814 996
814 817
814 871
814 850
814 874
814 933
814 958
815 838
815 824
815 861
816 976
816 996
816 954
816 960
816 964
817 949
817 946
817 947
817 857
817 852
817 893
817 943
818 885
818 836
818 845
819 978
819 827
819 937
820 827
821 911
821 945
821 877
821 950
822 897
822 830
822 891
823 976
823 922
823 837
824 832
824 843
824 871
824 945
824 928
825 895
825 913
827 942
827 876
827 835
827 849
827 893
827 921
828 851
828 900
828 838
828 897
829 956
829 974
829 953
829 970
830 840
830 976
831 919
831 848
831 866
831 893
831 934
831 954
831 958
831 996
832 941
832 840
832 890
832 966
833 941
833 848
833 977
833 986
834 876
834 904
835 893
835 976
836 915
836 946
836 964
837 998
837 853
838 903
838 846
838 883
839 867
839 886
840 860
840 901
841 880
841 849
841 970
842 919
842 884
842 995
843 970
843 973
843 990
844 935
844 864
844 860
844 903
845 993
845 946
845 957
847 882
847 990
847 973
848 898
849 918
849 969
850 881
850 951
850 980
850 983
851 865
851 893
851 879
851 902
851 931
852 926
852 972
853 924
853 856
853 932
854 908
854 889
854 899
855 857
855 999
857 882
857 899
858 996
858 941
859 894
859 924
859 936
859 950
859 964
860 886
860 899
860 946
861 968
861 920
862 984
862 991
863 969
863 902
863 927
863 928
864 961
864 944
864 983
864 935
865 887
865 899
866 873
866 988
866 914
866 976
867 922
867 992
867 919
867 963
868 927
868 957
869 892
869 922
869 988
870 962
870 914
871 901
871 935
872 933
872 951
873 949
873 994
873 919
873 940
873 953
873 976
874 923
874 996
874 987
875 960
875 901
875 909
875 976
876 944
876 970
876 937
877 984
880 941
881 923
881 996
881 889
881 951
881 957
881 983
881 985
882 920
883 938
883 899
884 888
884 980
885 995
885 926
885 998
886 963
886 895
886 916
886 961
887 981
887 973
887 967
888 947
890 933
891 981
892 971
893 970
895 914
895 947
895 998
897 979
897 951
898 925
898 930
898 949
899 920
900 901
902 927
902 967
905 998
905 925
905 961
905 972
906 972
907 940
908 957
910 971
911 956
911 983
911 912
911 934
912 984
913 948
913 943
914 923
914 916
914 954
915 920
915 996
916 976
917 930
917 947
917 927
918 985
919 954
919 977
920 943
921 950
921 990
922 962
923 952
924 948
924 925
924 943
924 985
925 963
926 941
926 951
927 985
928 932
929 987
930 941
931 951
931 965
932 972
933 969
933 970
934 976
934 988
936 993
936 985
937 952
937 954
937 989
938 946
938 948
939 963
939 990
941 946
941 949
941 963
941 991
943 977
943 972
944 947
945 970
946 998
946 991
948 977
949 962
949 976
953 983
954 992
954 969
955 980
958 994
960 996
961 999
961 975
963 982
964 975
967 981
970 987
972 986
975 977
976 996
978 992
982 998
987 992
