0 321
0 255
0 207
0 999
0 17
0 427
0 894
0 288
0 921
0 216
0 179
0 733
0 95
0 143
0 236
0 261
0 524
0 634
0 717
0 780
0 821
0 837
0 977
1 678
1 476
1 779
1 324
1 803
1 419
1 89
1 117
1 936
1 885
1 431
1 932
1 763
1 381
1 51
1 142
1 416
1 451
1 562
1 659
1 715
1 758
1 801
1 901
2 572
2 592
2 237
2 265
2 613
2 502
2 730
2 983
2 215
2 574
2 424
2 443
2 542
2 620
2 669
2 735
2 803
2 816
2 848
3 803
3 275
3 117
3 520
3 932
3 148
3 779
3 385
3 570
3 615
3 840
3 19
3 83
3 96
3 280
3 505
3 533
3 553
3 798
3 801
3 812
3 901
4 965
4 35
4 185
4 614
4 584
4 564
4 623
4 688
4 248
4 190
4 420
4 505
4 589
4 711
4 785
4 938
5 803
5 789
5 909
5 613
5 750
5 922
5 248
5 10
5 97
5 175
5 205
5 273
5 277
5 342
5 366
5 370
5 445
5 498
5 536
5 542
5 647
5 701
5 733
5 804
5 951
6 349
6 113
6 361
6 991
6 56
6 573
6 7
6 252
6 49
6 209
6 686
6 316
6 898
6 68
6 165
6 177
6 190
6 420
6 549
6 566
7 87
7 99
7 554
7 924
7 393
7 834
7 489
7 601
7 299
7 49
7 104
7 113
7 118
7 352
7 438
7 755
7 766
7 926
8 303
8 736
8 684
8 709
8 136
8 555
8 17
8 630
8 544
8 810
8 240
8 841
8 417
8 154
8 607
8 977
8 268
8 521
8 69
8 30
8 95
8 448
8 465
8 565
8 775
9 689
9 278
9 893
9 191
9 848
9 274
9 740
9 201
9 67
9 97
9 161
9 171
9 537
9 804
10 606
10 764
10 289
10 358
10 150
10 850
10 499
10 189
10 701
10 599
10 785
10 109
10 170
10 215
10 220
10 273
10 422
10 433
10 568
10 574
10 719
10 786
10 816
10 886
10 890
10 909
10 961
10 983
11 439
11 358
11 965
11 916
11 42
11 48
11 73
11 90
11 98
11 123
11 208
11 328
11 352
11 397
11 404
11 428
11 477
11 485
11 546
11 759
11 808
11 875
11 924
12 300
12 354
12 803
12 324
12 451
12 814
12 932
12 126
12 334
12 120
12 155
12 216
12 303
12 431
12 432
12 480
12 540
12 668
12 692
12 741
12 762
12 885
13 480
13 700
13 490
13 309
13 70
13 188
13 986
13 607
13 591
13 767
13 207
13 240
13 295
13 343
13 396
13 455
13 461
13 582
13 783
13 803
13 853
13 866
13 870
13 877
14 779
14 842
14 132
14 757
14 101
14 993
14 623
14 644
14 938
14 974
14 590
14 649
14 963
14 48
14 612
14 357
14 291
14 313
14 382
14 566
14 687
14 997
15 205
15 830
15 128
15 886
15 334
15 362
15 253
15 838
15 337
15 22
15 181
15 201
15 224
15 430
15 445
15 458
15 599
15 615
15 680
15 698
15 901
15 980
15 982
16 734
16 261
16 206
16 67
16 337
16 994
16 800
16 592
16 903
16 187
16 475
16 59
16 76
16 287
16 424
16 531
16 547
16 591
16 613
16 687
16 689
16 786
16 874
16 882
16 952
17 508
17 136
17 832
17 853
17 763
17 852
17 26
17 112
17 131
17 167
17 172
17 188
17 216
17 240
17 373
17 510
17 581
17 995
18 226
18 301
18 839
18 723
18 210
18 798
18 880
18 796
18 917
18 541
18 83
18 162
18 377
18 399
18 414
18 548
18 670
18 733
18 803
18 923
19 451
19 142
19 668
19 643
19 761
19 779
19 948
19 798
19 383
19 44
19 277
19 300
19 607
19 738
19 825
19 869
20 421
20 132
20 693
20 617
20 193
20 654
20 879
20 757
20 135
20 218
20 267
20 455
20 505
20 562
20 584
20 629
20 679
21 152
21 43
21 745
21 333
21 74
21 956
21 614
21 382
21 116
21 356
21 557
21 944
21 353
21 166
21 495
21 420
21 564
21 601
21 623
21 63
21 55
21 379
21 473
21 516
21 727
21 993
22 434
22 761
22 298
22 488
22 536
22 273
22 909
22 628
22 838
22 961
22 121
22 76
22 206
22 237
22 249
22 308
22 347
22 387
22 424
22 487
22 556
22 748
22 867
23 296
23 244
23 767
23 994
23 76
23 535
23 882
23 669
23 823
23 954
23 150
23 539
23 536
23 789
23 337
23 342
23 29
23 52
23 105
23 220
23 360
23 387
23 692
24 522
24 587
24 218
24 957
24 494
24 400
24 775
24 238
24 944
24 481
24 359
24 328
24 74
24 116
24 134
24 259
24 382
24 388
24 489
24 545
24 594
24 596
24 755
24 842
24 950
25 696
25 301
25 331
25 419
25 931
25 765
25 436
25 323
25 272
25 724
25 375
25 32
25 37
25 96
25 242
25 253
25 471
25 553
25 736
25 751
25 831
25 904
26 805
26 810
26 764
26 312
26 641
26 760
26 953
26 634
26 700
26 530
26 178
26 239
26 55
26 75
26 301
26 567
26 864
26 897
27 468
27 256
27 992
27 133
27 409
27 860
27 722
27 772
27 151
27 238
27 244
27 267
27 280
27 298
27 343
27 549
27 631
27 656
27 661
27 682
27 759
27 803
27 963
27 976
28 883
28 325
28 446
28 521
28 449
28 565
28 953
28 490
28 669
28 424
28 200
28 236
28 239
28 327
28 412
28 459
28 539
28 667
28 675
28 847
28 872
28 897
28 900
28 907
28 939
28 942
28 977
28 986
29 810
29 579
29 683
29 325
29 642
29 464
29 559
29 180
29 182
29 286
29 315
29 465
29 510
29 544
29 673
29 754
29 827
29 892
30 696
30 406
30 241
30 74
30 896
30 297
30 234
30 509
30 532
30 630
30 974
30 981
31 857
31 591
31 76
31 362
31 748
31 52
31 128
31 187
31 219
31 418
31 575
31 641
31 647
31 715
31 817
31 887
31 961
31 978
32 376
32 876
32 570
32 699
32 678
32 137
32 258
32 346
32 354
32 396
32 399
32 522
32 539
32 626
32 687
32 720
32 747
32 803
32 924
32 932
33 182
33 154
33 72
33 231
33 641
33 877
33 310
33 525
33 60
33 137
33 146
33 255
33 607
33 662
33 754
33 833
33 837
34 872
34 642
34 998
34 295
34 662
34 398
34 467
34 474
34 952
34 46
34 75
34 211
34 284
34 310
34 324
34 448
34 449
34 525
34 607
34 810
34 894
34 928
34 957
34 977
34 995
35 676
35 992
35 426
35 711
35 629
35 984
35 353
35 111
35 614
35 483
35 237
35 342
35 306
35 313
35 557
35 604
35 747
36 857
36 540
36 97
36 341
36 39
36 371
36 175
36 287
36 345
36 382
36 440
36 527
36 556
36 746
36 790
36 823
36 865
36 871
36 906
36 937
36 976
36 982
37 354
37 533
37 376
37 331
37 768
37 431
37 503
37 839
37 284
37 877
37 229
37 530
37 854
37 78
37 138
37 299
37 476
37 558
37 743
37 803
37 857
37 948
38 94
38 524
38 793
38 899
38 250
38 200
38 459
38 449
38 960
38 364
38 62
38 810
38 327
38 398
38 295
38 525
38 482
38 147
38 119
38 180
38 326
38 490
38 507
38 799
38 851
39 75
39 555
39 100
39 622
39 951
39 823
39 105
39 534
39 824
39 77
39 574
39 851
39 628
39 270
39 673
39 874
40 853
40 797
40 653
40 799
40 207
40 894
40 998
40 136
40 552
40 46
40 112
40 185
40 465
40 466
40 576
40 739
40 821
40 978
41 607
41 942
41 295
41 964
41 261
41 700
41 742
41 294
41 64
41 264
41 339
41 366
41 453
41 513
41 521
41 761
41 864
42 333
42 190
42 48
42 393
42 90
42 68
42 185
42 204
42 251
42 328
42 336
42 353
42 401
42 483
42 492
42 585
42 654
42 752
42 958
43 60
43 269
43 74
43 966
43 153
43 244
43 629
43 585
43 397
43 254
43 73
43 914
43 623
43 840
43 573
43 539
43 259
43 594
43 596
43 686
43 884
44 996
44 805
44 412
44 465
44 506
44 95
44 953
44 739
44 892
44 136
44 764
44 841
44 387
44 128
44 180
44 188
44 200
44 213
44 231
44 271
44 607
44 621
44 634
44 877
44 912
45 615
45 263
45 217
45 941
45 645
45 148
45 835
45 79
45 407
45 318
45 945
45 275
45 641
45 93
45 807
45 495
45 304
45 156
45 228
45 258
45 288
45 354
45 441
45 500
45 788
45 803
45 888
46 841
46 756
46 726
46 986
46 62
46 981
46 260
46 780
46 200
46 685
46 899
46 534
46 983
46 600
46 368
46 439
46 514
46 607
46 613
46 732
46 754
46 921
47 113
47 226
47 791
47 91
47 723
47 318
47 772
47 335
47 66
47 76
47 115
47 118
47 221
47 281
47 284
47 419
47 580
47 605
47 777
47 803
47 831
47 839
47 842
48 123
48 478
48 457
48 420
48 925
48 775
48 884
48 495
48 185
48 686
48 127
48 241
48 297
48 564
48 673
48 676
48 737
48 752
48 888
49 814
49 151
49 116
49 518
49 317
49 74
49 963
49 409
49 61
49 693
49 898
49 597
49 390
49 77
49 644
49 740
49 755
49 914
49 966
49 991
49 997
50 460
50 670
50 113
50 609
50 796
50 629
50 83
50 98
50 117
50 280
50 434
50 476
50 801
50 803
50 885
51 162
51 803
51 302
51 301
51 333
51 922
51 620
51 317
51 348
51 405
51 433
51 713
51 744
51 917
52 162
52 376
52 148
52 466
52 393
52 536
52 332
52 305
52 673
52 341
52 886
52 351
52 785
52 680
52 725
52 486
52 985
52 248
52 172
52 183
52 440
52 547
52 989
53 130
53 723
53 263
53 415
53 888
53 416
53 917
53 235
53 476
54 533
54 577
54 726
54 496
54 544
54 327
54 136
54 657
54 100
54 310
54 144
54 325
54 93
54 582
54 423
54 597
54 202
54 229
54 240
54 339
54 411
54 564
54 635
54 742
54 828
54 866
54 873
54 883
54 964
55 641
55 495
55 992
55 924
55 752
55 473
55 165
55 505
55 957
55 772
55 204
55 702
55 90
55 175
55 680
55 152
55 166
55 311
55 333
55 483
55 703
55 844
55 845
55 898
55 926
56 643
56 510
56 974
56 225
56 99
56 495
56 585
56 133
56 428
56 748
56 103
56 190
56 286
56 619
56 759
56 803
57 533
57 321
57 578
57 386
57 787
57 512
57 895
57 731
57 766
57 935
57 204
57 790
57 113
57 355
57 367
57 479
57 515
57 536
57 565
57 580
57 587
58 490
58 481
58 636
58 241
58 333
58 992
58 244
58 663
58 152
58 123
58 485
58 552
58 560
58 844
59 890
59 614
59 967
59 458
59 251
59 168
59 695
59 253
59 341
59 566
59 635
59 848
60 88
60 684
60 812
60 130
60 645
60 476
60 376
60 194
60 126
60 563
60 911
60 841
60 496
60 832
60 337
60 197
60 226
60 570
60 744
60 788
60 889
61 505
61 966
61 185
61 166
61 304
61 99
61 930
61 815
61 925
61 123
61 829
61 404
61 103
61 589
61 991
61 248
61 442
61 830
61 298
61 313
61 552
61 575
61 601
61 648
61 811
62 130
62 928
62 312
62 706
62 681
62 642
62 446
62 704
62 598
62 998
62 582
62 853
62 877
62 241
62 826
62 235
62 804
62 472
62 579
62 832
63 773
63 962
63 203
63 121
63 952
63 971
63 248
63 201
63 78
63 124
63 160
63 212
63 224
63 308
63 332
63 335
63 424
63 430
63 494
63 502
63 669
63 701
63 789
63 806
63 900
64 607
64 642
64 579
64 935
64 892
64 593
64 671
64 685
64 521
64 623
64 951
64 144
64 216
64 660
64 662
64 754
64 768
64 780
64 794
65 72
65 664
65 935
65 685
65 172
65 119
65 147
65 154
65 173
65 182
65 292
65 598
65 603
65 646
65 695
65 774
65 803
65 837
65 934
65 939
65 964
66 126
66 751
66 421
66 762
66 814
66 347
66 156
66 281
66 324
66 415
66 437
66 467
66 803
66 891
66 931
67 809
67 222
67 776
67 669
67 395
67 214
67 452
67 366
67 107
67 340
67 733
67 746
67 816
67 909
67 918
67 943
67 980
68 250
68 963
68 317
68 104
68 361
68 365
68 541
68 241
68 400
68 811
68 993
69 711
69 597
69 631
69 813
69 409
69 215
69 98
69 214
69 481
69 504
69 532
69 549
69 554
69 586
69 665
69 759
69 793
70 783
70 794
70 756
70 832
70 567
70 939
70 207
70 326
70 119
70 198
70 177
70 182
70 310
70 364
70 521
70 646
70 925
70 934
70 942
71 130
71 844
71 477
71 505
71 919
71 184
71 623
71 545
71 550
71 208
71 966
71 719
71 73
71 74
71 209
71 352
71 356
71 398
71 504
71 552
71 674
71 756
71 821
71 864
72 229
72 877
72 131
72 482
72 726
72 646
72 607
72 360
72 502
72 93
72 112
72 167
72 179
72 291
72 448
72 551
72 594
72 621
72 657
72 663
72 841
72 981
73 425
73 462
73 91
73 266
73 984
73 343
73 944
73 152
73 208
73 623
73 457
73 571
73 108
73 116
73 123
73 260
73 269
73 306
73 327
73 754
73 803
73 849
73 914
73 985
74 799
74 182
74 612
74 638
74 111
74 243
74 352
74 389
74 457
74 489
74 586
74 722
74 755
74 913
75 354
75 368
75 525
75 202
75 200
75 519
75 557
75 886
75 205
75 613
75 274
75 83
75 112
75 137
75 441
75 478
75 601
75 662
75 799
75 853
75 953
76 456
76 373
76 191
76 262
76 985
76 214
76 661
76 235
76 107
76 591
76 940
76 767
76 278
76 776
76 435
76 792
76 803
76 830
77 796
77 521
77 86
77 953
77 685
77 675
77 776
77 882
77 337
77 951
77 903
77 245
77 230
77 262
77 425
77 509
77 539
77 748
77 771
77 856
77 871
77 915
78 517
78 750
78 893
78 175
78 170
78 461
78 168
78 334
78 542
78 387
78 906
78 985
78 106
78 214
78 237
78 337
78 380
78 673
78 701
78 720
78 858
78 922
78 968
79 115
79 344
79 300
79 498
79 117
79 741
79 600
79 87
79 130
79 480
79 536
79 563
79 717
79 766
79 787
79 803
79 902
80 221
80 923
80 380
80 197
80 627
80 747
80 94
80 148
80 186
80 307
80 323
80 540
80 670
80 717
80 734
80 762
80 825
80 990
81 661
81 170
81 937
81 792
81 387
81 499
81 383
81 830
81 424
81 140
81 568
81 638
81 718
81 733
81 823
81 865
82 955
82 516
82 775
82 298
82 464
82 92
82 204
82 210
82 495
82 553
82 654
82 721
82 755
82 780
82 811
83 731
83 296
83 347
83 917
83 498
83 738
83 460
83 200
83 678
83 696
83 801
83 803
84 904
84 202
84 535
84 497
84 750
84 206
84 830
84 816
84 509
84 175
84 613
84 235
84 336
84 154
84 251
84 337
84 341
84 395
84 575
84 621
84 714
84 915
84 943
84 982
85 803
85 380
85 678
85 354
85 407
85 498
85 522
85 765
85 416
85 508
85 491
85 156
85 222
85 285
85 529
85 842
85 901
86 348
86 677
86 646
86 312
86 289
86 828
86 565
86 207
86 363
86 535
86 634
86 707
86 739
86 742
86 817
86 995
87 936
87 768
87 866
87 88
87 533
87 556
87 287
87 246
87 314
87 318
87 369
87 396
87 421
87 502
87 514
87 540
87 803
87 814
88 476
88 247
88 908
88 228
88 165
88 898
88 102
88 164
88 207
88 210
88 263
88 307
88 462
88 560
88 708
88 803
88 856
88 923
88 932
88 979
89 570
89 901
89 758
89 271
89 668
89 731
89 246
89 803
89 155
89 885
89 855
89 741
89 639
89 734
89 751
89 919
90 473
90 965
90 663
90 457
90 363
90 534
90 205
90 209
90 384
90 397
90 412
90 447
90 481
90 485
90 584
90 657
90 679
90 707
90 728
90 793
90 815
90 914
91 570
91 970
91 806
91 271
91 454
91 702
91 195
91 227
91 273
91 281
91 392
91 580
91 604
91 690
91 731
91 781
91 803
92 666
92 597
92 727
92 811
92 244
92 343
92 266
92 820
92 384
92 612
92 875
92 601
92 204
92 218
92 234
92 478
92 494
92 586
92 627
92 663
92 686
92 721
92 822
93 642
93 877
93 674
93 368
93 439
93 853
93 681
93 174
93 229
93 309
93 310
93 357
93 421
93 472
93 496
93 598
93 634
93 653
93 769
93 797
93 818
93 836
93 946
93 986
94 102
94 307
94 796
94 923
94 971
94 126
94 162
94 380
94 462
94 672
94 688
94 856
94 865
95 255
95 576
95 707
95 444
95 188
95 642
95 167
95 598
95 872
95 969
95 513
95 313
95 295
95 407
95 519
95 555
95 607
95 905
96 917
96 476
96 803
96 210
96 236
96 267
96 130
96 155
96 186
96 221
96 284
96 349
96 355
96 373
96 553
96 580
96 615
96 731
96 765
96 868
96 902
96 905
96 940
97 198
97 267
97 943
97 850
97 824
97 575
97 536
97 714
97 635
97 308
97 572
97 440
97 735
97 915
97 539
97 838
97 442
97 562
97 725
97 823
97 858
97 867
97 993
98 552
98 388
98 372
98 916
98 152
98 654
98 361
98 629
98 375
98 404
98 807
98 849
98 104
98 111
98 129
98 133
98 234
98 241
98 352
98 397
98 689
98 815
98 829
98 860
98 873
98 993
99 144
99 870
99 585
99 361
99 826
99 518
99 151
99 225
99 584
99 600
99 101
99 397
99 524
99 702
99 721
99 767
99 795
99 946
100 197
100 876
100 603
100 607
100 726
100 833
100 167
100 732
100 235
100 250
100 261
100 282
100 315
100 479
100 512
100 525
100 579
100 593
100 598
100 655
100 674
100 872
100 927
100 996
101 380
101 675
101 752
101 372
101 359
101 571
101 719
101 111
101 184
101 238
101 447
101 516
101 524
101 543
101 636
101 679
101 763
101 803
101 820
101 840
102 318
102 314
102 228
102 736
102 803
102 696
102 302
102 126
102 186
102 205
102 349
102 377
102 385
102 643
102 674
102 678
102 930
102 959
103 806
103 493
103 142
103 438
103 963
103 596
103 614
103 817
103 111
103 840
103 849
103 617
103 420
103 363
103 395
103 246
103 372
103 472
103 504
103 543
103 546
103 687
103 795
103 844
103 875
103 898
104 412
104 829
104 266
104 406
104 724
104 612
104 727
104 375
104 297
104 356
104 516
104 870
104 557
104 404
104 737
104 675
104 358
104 807
104 759
104 937
104 171
104 223
104 317
104 649
104 691
104 728
104 778
105 346
105 152
105 871
105 390
105 929
105 125
105 316
105 351
105 387
105 613
105 733
105 776
105 881
105 915
105 989
106 274
106 351
106 458
106 867
106 499
106 987
106 572
106 232
106 635
106 975
106 424
106 943
106 149
106 183
106 191
106 475
106 501
106 628
106 658
106 661
106 725
106 816
106 858
106 985
106 989
107 228
107 945
107 477
107 816
107 203
107 109
107 335
107 592
107 858
107 887
107 746
107 371
107 771
107 255
107 291
107 363
107 390
107 432
107 547
107 698
107 792
107 830
107 893
107 903
107 909
108 119
108 490
108 657
108 172
108 709
108 315
108 350
108 413
108 576
108 423
108 969
108 942
108 883
108 726
108 353
108 404
108 201
108 750
108 274
108 179
108 310
108 338
108 506
108 579
108 581
108 593
108 771
108 795
108 821
109 385
109 803
109 266
109 150
109 458
109 566
109 940
109 128
109 147
109 157
109 509
109 526
109 661
109 714
109 776
109 865
109 929
110 162
110 208
110 997
110 470
110 592
110 851
110 980
110 850
110 891
110 294
110 824
110 362
110 395
110 168
110 719
110 680
110 341
110 613
110 337
110 189
110 245
110 366
110 370
110 442
110 463
110 767
110 803
110 943
110 946
110 962
111 675
111 389
111 223
111 504
111 166
111 875
111 329
111 397
111 919
111 299
111 230
111 721
111 989
112 143
112 707
112 338
112 322
112 182
112 667
112 411
112 240
112 326
112 621
112 653
112 709
112 726
112 819
112 858
112 902
112 937
113 377
113 558
113 468
113 471
113 436
113 835
113 155
113 199
113 247
113 288
113 615
113 696
113 719
113 924
113 959
114 412
114 963
114 974
114 746
114 366
114 341
114 976
114 531
114 403
114 929
114 168
114 187
114 273
114 291
114 422
114 488
114 501
114 574
114 730
114 789
114 824
114 838
114 994
115 640
115 146
115 392
115 247
115 468
115 197
115 806
115 694
115 964
115 327
115 220
115 128
115 132
115 188
115 347
115 355
115 396
115 421
115 547
115 803
115 804
115 837
115 856
115 895
115 907
116 993
116 129
116 711
116 850
116 190
116 265
116 281
116 516
116 546
116 573
116 607
116 612
117 376
117 699
117 866
117 233
117 917
117 734
117 338
117 305
117 138
117 242
117 344
117 454
117 757
117 761
117 856
117 869
118 407
118 699
118 878
118 147
118 818
118 133
118 153
118 993
118 177
118 686
118 554
118 379
118 926
118 746
118 785
118 298
118 310
118 548
118 637
118 652
118 665
118 872
118 965
119 240
119 928
119 660
119 513
119 427
119 255
119 174
119 147
119 542
119 268
119 276
119 352
119 446
119 607
119 742
119 803
119 821
119 832
119 916
119 921
120 911
120 344
120 480
120 193
120 424
120 132
120 138
120 233
120 281
120 296
120 374
120 624
120 670
120 692
120 696
120 795
120 814
120 912
120 978
121 555
121 270
121 237
121 205
121 424
121 452
121 187
121 850
121 387
121 123
121 168
121 201
121 262
121 264
121 312
121 463
121 868
121 870
122 323
122 595
122 226
122 979
122 533
122 211
122 471
122 258
122 300
122 431
122 856
122 417
122 679
122 252
122 286
122 305
122 962
122 480
122 798
122 803
123 956
123 478
123 933
123 597
123 965
123 745
123 958
123 165
123 204
123 689
123 710
123 847
124 889
124 493
124 769
124 803
124 788
124 611
124 263
124 324
124 346
124 386
124 415
124 422
124 451
124 453
124 696
124 856
124 874
124 880
125 964
125 507
125 549
125 222
125 714
125 383
125 940
125 608
125 830
125 141
125 337
125 212
125 985
125 157
125 541
125 390
125 403
125 149
125 422
125 484
125 837
125 967
126 436
126 803
126 284
126 659
126 263
126 556
126 217
126 302
126 324
126 448
126 468
126 504
126 619
126 645
126 713
126 802
126 856
126 866
127 643
127 758
127 847
127 997
127 304
127 926
127 420
127 404
127 879
127 815
127 333
127 215
127 129
127 217
127 252
127 546
127 763
127 984
128 607
128 340
128 222
128 383
128 536
128 526
128 390
128 169
128 328
128 381
128 433
128 497
128 509
128 698
128 854
128 867
128 961
128 971
129 966
129 483
129 545
129 515
129 243
129 478
129 550
129 352
129 956
129 254
129 379
129 474
129 585
129 643
129 644
129 884
129 965
130 156
130 855
130 765
130 392
130 164
130 265
130 441
130 631
130 684
130 761
130 803
130 831
131 603
131 607
131 579
131 999
131 707
131 264
131 449
131 450
131 453
131 508
131 706
131 805
131 899
131 996
132 990
132 769
132 684
132 803
132 396
132 421
132 554
132 563
132 587
132 741
133 420
133 808
133 329
133 755
133 631
133 958
133 238
133 316
133 372
133 389
133 485
133 505
133 590
133 662
133 767
133 852
133 955
134 889
134 159
134 169
134 568
134 536
134 785
134 442
134 371
134 183
134 187
134 203
134 265
134 316
134 402
134 429
134 735
134 792
134 874
135 467
135 607
135 495
135 365
135 665
135 914
135 316
135 356
135 612
135 333
135 404
135 844
135 925
135 197
135 657
135 663
135 747
136 480
136 667
136 309
136 178
136 794
136 883
136 326
136 799
136 311
136 288
136 622
136 513
136 683
136 477
136 353
136 261
136 289
136 474
136 497
136 594
136 662
136 677
136 760
136 764
136 843
136 968
136 977
136 996
137 880
137 147
137 523
137 706
137 877
137 231
137 732
137 841
137 873
137 160
137 213
137 256
137 257
137 315
137 327
137 459
137 508
137 599
137 607
137 657
137 671
137 793
137 794
137 890
138 835
138 902
138 911
138 798
138 425
138 979
138 392
138 494
138 708
138 409
138 420
138 690
138 761
138 803
139 731
139 148
139 703
139 185
139 724
139 382
139 920
139 393
139 590
139 363
139 807
139 401
139 235
139 361
139 365
139 489
139 542
139 545
139 708
139 813
139 910
139 914
140 526
140 253
140 235
140 251
140 284
140 351
140 360
140 436
140 461
140 488
140 625
140 700
140 749
140 838
140 874
140 962
141 283
141 680
141 187
141 740
141 536
141 381
141 370
141 249
141 341
141 161
141 163
141 171
141 203
141 342
141 440
141 475
141 531
141 592
141 605
141 638
141 647
141 753
141 922
141 929
142 781
142 376
142 670
142 493
142 990
142 953
142 382
142 541
142 211
142 221
142 277
142 344
142 381
142 468
142 479
142 765
142 795
142 889
142 932
143 779
143 802
143 683
143 674
143 894
143 465
143 999
143 268
143 953
143 364
143 726
143 180
143 289
143 339
143 572
143 601
143 799
143 803
143 827
143 883
143 927
143 977
144 533
144 275
144 207
144 289
144 525
144 413
144 646
144 260
144 576
144 707
144 907
144 610
144 309
144 450
144 709
144 764
144 794
144 818
144 995
145 923
145 762
145 788
145 775
145 410
145 291
145 337
145 790
145 608
145 719
145 509
145 371
145 435
145 541
145 638
145 650
145 695
145 748
145 750
145 830
145 893
146 768
146 803
146 758
146 645
146 866
146 355
146 210
146 499
146 640
146 751
146 779
147 783
147 581
147 833
147 707
147 764
147 348
147 338
147 172
147 330
147 533
147 681
147 996
148 197
148 731
148 415
148 520
148 258
148 227
148 876
148 787
148 990
148 302
148 713
148 974
148 158
148 303
148 633
148 670
148 803
148 888
148 902
149 628
149 861
149 336
149 750
149 987
149 402
149 183
149 274
149 599
149 371
149 445
149 232
149 382
149 401
149 403
150 512
150 957
150 940
150 989
150 572
150 235
150 566
150 535
150 245
150 785
150 983
150 720
150 253
150 746
150 414
150 893
150 882
150 613
150 371
150 430
150 952
150 232
150 575
150 600
150 638
150 673
150 759
150 980
151 580
151 675
151 926
151 648
151 693
151 759
151 649
151 545
151 298
151 473
151 516
151 550
151 682
151 747
151 773
151 778
151 898
151 944
152 301
152 190
152 689
152 269
152 648
152 546
152 585
152 165
152 297
152 375
152 428
152 477
152 552
152 563
152 614
152 682
152 703
152 826
152 926
153 857
153 286
153 675
153 571
153 208
153 230
153 241
153 359
153 382
153 397
153 528
153 604
153 676
153 689
153 711
153 721
153 727
153 803
153 808
153 817
153 836
153 845
153 849
153 958
153 992
154 699
154 743
154 309
154 582
154 311
154 844
154 851
154 688
154 818
154 872
154 892
155 331
155 493
155 436
155 580
155 983
155 432
155 479
155 517
155 715
155 803
155 825
155 866
155 925
156 595
156 699
156 885
156 606
156 303
156 302
156 431
156 246
156 892
157 199
157 413
157 969
157 530
157 862
157 946
157 983
157 735
157 181
158 529
158 696
158 734
158 199
158 302
158 690
158 788
158 296
158 456
158 538
158 560
158 738
158 744
158 796
158 869
158 961
159 411
159 523
159 947
159 177
159 200
159 413
159 552
159 707
159 799
159 803
159 833
159 928
160 677
160 312
160 792
160 337
160 501
160 647
160 698
160 830
160 748
160 362
160 971
160 308
160 169
160 181
160 192
160 257
160 429
160 430
160 484
160 535
160 537
160 538
160 584
160 592
160 628
160 673
160 725
160 730
160 749
160 804
160 915
160 976
160 994
161 512
161 607
161 274
161 983
161 173
161 976
161 656
161 381
161 804
161 214
161 169
161 249
161 334
161 455
161 785
161 838
161 846
161 887
161 922
161 954
162 970
162 377
162 476
162 331
162 712
162 645
162 480
162 803
162 615
162 301
162 765
162 186
162 303
162 408
162 745
163 769
163 243
163 850
163 168
163 486
163 716
163 502
163 591
163 170
163 183
163 263
163 287
163 334
163 340
163 430
163 509
163 592
163 620
163 715
163 803
163 867
163 891
163 915
163 985
164 431
164 476
164 632
164 405
164 932
164 812
164 810
164 596
164 221
164 290
164 454
164 590
164 598
164 803
164 868
165 652
165 845
165 534
165 298
165 299
165 356
165 372
165 393
165 481
165 619
165 673
165 776
166 779
166 722
166 299
166 809
166 585
166 171
166 241
166 481
166 532
166 584
166 652
166 757
166 803
166 860
166 910
166 926
166 933
166 938
166 992
167 935
167 843
167 172
167 444
167 754
167 507
167 282
167 642
167 704
167 200
167 315
167 899
167 505
167 600
167 325
167 330
167 368
167 521
167 530
167 681
167 723
167 783
167 803
167 893
168 935
168 881
168 976
168 502
168 499
168 749
168 628
168 859
168 403
168 445
168 491
168 705
168 732
168 792
168 850
168 940
169 595
169 289
169 193
169 952
169 176
169 613
169 502
169 635
169 562
169 237
169 561
169 572
169 177
169 206
169 221
169 537
169 695
169 767
169 851
169 864
170 357
170 274
170 422
170 771
170 881
170 716
170 680
170 248
170 526
170 278
170 214
170 403
170 994
170 698
170 887
170 976
171 803
171 348
171 860
171 428
171 663
171 532
171 725
171 191
171 305
171 360
171 287
171 568
171 943
171 538
171 635
171 422
171 850
171 973
171 291
171 235
171 388
171 501
171 542
171 574
171 665
171 934
171 994
172 496
172 525
172 576
172 513
172 322
172 709
172 313
172 200
172 263
172 319
172 681
172 884
172 943
172 975
173 361
173 689
173 711
173 383
173 176
173 237
173 324
173 351
173 449
173 527
173 542
173 605
173 664
173 954
173 961
174 290
174 551
174 872
174 510
174 634
174 707
174 577
174 607
174 955
174 198
174 255
174 268
174 398
174 472
174 783
174 791
174 817
175 475
175 716
175 203
175 750
175 976
175 673
175 181
175 192
175 235
175 287
175 371
175 383
175 418
175 440
175 452
175 460
175 486
175 591
175 592
175 658
175 718
175 740
175 961
176 868
176 461
176 556
176 511
176 237
176 673
176 862
176 203
176 298
176 410
176 433
176 452
176 701
176 937
177 663
177 703
177 993
177 313
177 898
177 504
177 965
177 409
177 479
177 485
177 541
177 629
177 749
177 757
178 791
178 630
178 583
178 490
178 622
178 282
178 180
178 368
178 393
178 576
178 615
178 640
178 641
178 838
178 843
178 971
179 902
179 960
179 662
179 567
179 709
179 949
179 327
179 707
179 523
179 603
179 579
179 681
179 843
180 697
180 312
180 641
180 783
180 892
180 949
180 853
180 544
180 565
180 894
180 310
180 202
180 264
180 287
180 327
180 350
180 469
180 576
180 602
180 733
180 920
180 927
181 634
181 719
181 613
181 215
181 862
181 235
181 270
181 538
181 562
181 730
181 846
181 967
181 989
182 977
182 579
182 603
182 594
182 981
182 423
182 260
182 607
182 916
182 975
182 536
182 351
182 222
182 276
182 312
182 315
182 348
182 914
182 927
182 935
183 683
183 373
183 626
183 893
183 342
183 989
183 628
183 222
183 918
183 635
183 414
183 308
183 265
183 381
183 387
183 389
183 631
183 804
183 887
184 917
184 312
184 590
184 357
184 854
184 457
184 813
184 504
184 955
184 518
184 483
184 557
184 234
184 389
184 411
184 460
184 497
184 628
184 803
184 943
184 950
184 991
185 350
185 689
185 958
185 478
185 930
185 759
185 639
185 304
185 222
185 504
185 545
186 901
186 904
186 271
186 346
186 962
186 284
186 425
186 432
186 723
187 645
187 674
187 353
187 929
187 946
187 541
187 954
187 337
187 951
187 214
187 224
187 253
187 319
187 332
187 371
187 463
187 575
187 592
187 628
187 729
187 816
187 838
187 973
188 892
188 960
188 756
188 394
188 877
188 626
188 496
188 603
188 316
188 381
188 562
188 190
188 372
188 412
188 547
188 590
188 644
188 754
188 818
188 832
188 884
189 441
189 863
189 660
189 291
189 790
189 235
189 491
189 625
189 381
189 340
189 339
189 372
189 390
189 537
189 561
189 661
189 718
189 740
189 815
189 816
189 846
189 975
190 544
190 379
190 358
190 515
190 652
190 775
190 702
190 409
190 266
190 682
190 389
190 252
190 543
190 727
190 737
190 820
190 957
190 958
191 247
191 454
191 607
191 649
191 212
191 858
191 362
191 248
191 605
191 852
191 501
191 205
191 440
191 470
191 541
191 708
192 412
192 373
192 753
192 871
192 337
192 929
192 680
192 749
192 265
192 308
192 424
192 488
192 542
192 740
192 925
193 552
193 916
193 688
193 286
193 313
193 427
193 473
193 495
193 557
193 564
193 687
193 689
193 724
193 727
193 775
193 813
193 914
193 984
194 221
194 416
194 609
194 901
194 734
194 218
194 272
194 281
194 415
194 462
194 480
194 512
194 560
194 769
194 803
194 812
194 970
195 904
195 814
195 314
195 281
195 831
195 713
195 277
195 221
195 773
195 493
195 803
195 704
195 197
195 228
195 521
195 624
195 692
195 738
195 787
195 972
196 899
196 361
196 721
196 557
196 809
196 648
196 703
196 693
196 919
196 398
196 400
196 483
196 589
196 663
196 745
196 803
196 879
196 957
197 672
197 416
197 380
197 354
197 855
197 487
197 862
197 968
197 771
197 296
197 314
197 323
197 668
197 902
198 398
198 521
198 469
198 780
198 613
198 239
198 300
198 317
198 471
198 472
198 474
198 519
198 530
198 567
198 569
198 607
198 662
198 797
198 803
198 883
198 999
199 386
199 766
199 712
199 723
199 659
199 651
199 493
199 624
199 853
199 764
199 246
199 514
199 611
199 678
199 692
199 779
199 803
199 856
199 936
200 928
200 448
200 248
200 335
200 411
200 564
200 577
200 657
200 760
200 970
200 995
201 759
201 224
201 635
201 608
201 628
201 572
201 435
201 424
201 592
201 205
201 206
201 278
201 402
201 454
201 488
201 501
201 568
201 718
201 735
201 906
201 954
202 261
202 310
202 338
202 465
202 486
202 636
203 803
203 949
203 334
203 370
203 539
203 887
203 232
203 356
203 848
203 951
204 495
204 639
204 464
204 813
204 401
204 234
204 728
204 997
204 746
204 767
204 223
204 254
204 275
204 298
204 383
204 584
204 649
204 691
204 703
204 956
205 980
205 360
205 248
205 336
205 387
205 221
205 237
205 249
205 486
205 749
205 859
205 871
205 909
205 989
206 753
206 937
206 746
206 975
206 716
206 337
206 714
206 661
206 740
206 954
206 733
206 789
206 850
206 830
206 402
206 414
206 428
206 729
206 867
206 871
206 929
207 803
207 569
207 998
207 621
207 622
207 655
207 414
207 698
207 312
207 449
207 551
207 657
207 732
207 864
208 615
208 510
208 473
208 516
208 225
208 532
208 486
208 264
208 320
208 543
208 589
208 747
208 822
208 900
208 925
209 917
209 966
209 313
209 955
209 478
209 304
209 363
209 286
209 629
209 586
209 464
209 234
209 243
209 389
209 564
209 679
209 728
209 737
209 763
209 778
209 828
210 936
210 699
210 696
210 408
210 866
210 385
210 908
210 731
210 945
210 744
210 228
210 402
210 248
210 349
210 399
210 522
210 528
210 529
210 639
210 762
210 803
211 425
211 902
211 275
211 517
211 272
211 333
211 414
211 323
211 451
211 466
211 629
211 632
211 671
211 741
211 777
211 803
211 970
212 953
212 804
212 716
212 971
212 882
212 403
212 499
212 470
212 369
212 216
212 251
212 383
212 418
212 539
212 607
212 625
212 852
213 227
213 607
213 373
213 709
213 843
213 448
213 995
213 338
213 603
213 239
213 256
213 259
213 343
213 577
213 598
213 832
213 873
214 425
214 533
214 636
214 501
214 430
214 940
214 882
214 628
214 874
214 235
214 286
214 345
214 599
214 610
214 620
214 638
214 718
214 730
214 731
214 846
214 985
215 499
215 410
215 625
215 610
215 278
215 366
215 429
215 461
215 534
215 535
215 537
215 725
215 730
215 746
215 824
216 969
216 450
216 469
216 364
216 974
216 898
216 596
216 893
216 250
216 259
216 339
216 707
216 757
216 760
216 837
216 872
216 879
217 670
217 812
217 524
217 451
217 264
217 348
217 301
217 441
217 479
217 561
217 668
217 686
217 802
217 880
217 970
218 847
218 629
218 652
218 254
218 916
218 464
218 494
218 298
218 752
218 573
218 715
218 245
218 478
218 556
218 775
218 830
219 675
219 420
219 352
219 266
219 359
219 401
219 404
219 516
219 601
219 723
219 791
220 671
220 426
220 452
220 725
220 273
220 848
220 714
220 491
220 613
220 940
220 983
221 908
221 803
221 303
221 367
221 782
221 840
221 477
221 298
221 723
221 849
221 855
222 247
222 918
222 903
222 719
222 265
222 458
222 536
222 575
222 605
222 865
222 887
222 946
222 962
223 765
223 931
223 699
223 446
223 685
223 772
223 225
223 687
223 389
223 938
223 617
223 358
223 840
223 477
223 494
223 909
223 654
223 656
223 870
223 879
223 914
223 921
223 957
223 984
223 991
224 302
224 511
224 740
224 251
224 804
224 369
224 305
224 273
224 360
224 422
224 915
225 986
225 552
225 379
225 363
225 596
225 238
225 447
225 457
225 481
225 590
225 617
225 639
225 736
225 738
225 919
225 930
226 643
226 917
226 932
226 558
226 612
226 399
226 588
226 640
226 717
226 784
226 868
227 932
227 624
227 990
227 578
227 731
227 322
227 710
227 370
227 228
227 307
227 321
227 349
227 480
227 500
227 606
227 618
227 652
227 787
227 801
227 868
227 870
228 868
228 247
228 788
228 931
228 640
228 515
228 886
228 716
228 233
228 347
228 416
228 587
228 777
228 818
228 978
228 982
229 607
229 872
229 760
229 833
229 853
229 921
229 928
229 939
229 378
229 764
229 366
229 239
229 510
229 601
229 774
229 871
230 324
230 311
230 259
230 492
230 710
230 925
230 898
230 363
230 549
230 571
230 683
231 633
231 788
231 394
231 450
231 330
231 338
231 467
231 326
231 872
231 947
231 939
231 412
231 427
231 513
231 525
231 795
231 827
232 869
232 809
232 714
232 767
232 858
232 422
232 291
232 537
232 547
232 592
232 763
232 771
232 976
232 980
233 645
233 941
233 825
233 723
233 784
233 451
233 787
233 303
233 618
233 446
233 782
233 617
233 287
233 290
233 301
233 318
233 383
233 684
233 779
233 831
233 835
234 386
234 728
234 745
234 532
234 675
234 815
234 589
234 844
234 826
234 241
234 477
234 491
234 581
234 687
234 757
234 884
234 993
235 323
235 295
235 816
235 903
235 669
235 366
235 749
235 952
235 287
235 410
235 442
235 715
235 748
235 823
235 881
235 971
235 994
236 569
236 582
236 607
236 958
236 962
236 279
236 288
236 314
236 364
236 448
236 465
236 482
236 508
236 530
236 567
236 577
236 660
236 681
237 927
237 539
237 952
237 638
237 906
237 886
237 975
237 251
237 509
237 531
237 610
237 613
237 705
237 725
237 915
238 889
238 450
238 860
238 938
238 958
238 353
238 691
238 361
238 267
238 382
238 631
238 764
238 793
238 984
238 993
238 997
239 565
239 837
239 411
239 602
239 490
239 569
239 960
239 521
239 897
239 310
239 525
239 544
239 607
239 664
239 685
239 896
240 331
240 346
240 996
240 583
240 474
240 567
240 905
240 794
240 449
240 459
240 797
240 900
240 764
240 909
240 394
240 414
240 427
240 453
240 530
240 641
240 738
240 756
240 780
240 828
240 843
241 803
241 495
241 925
241 919
241 549
241 596
241 639
241 279
241 329
241 330
241 552
241 649
241 662
241 775
241 813
241 820
241 826
241 910
241 916
241 920
242 553
242 880
242 857
242 917
242 806
242 462
242 562
242 331
242 376
242 498
242 512
242 528
242 633
242 784
242 836
242 936
242 942
243 648
243 860
243 401
243 557
243 464
243 682
243 356
243 420
243 549
243 619
243 702
243 807
243 840
244 801
244 831
244 483
244 775
244 426
244 409
244 597
244 861
244 698
244 343
244 428
244 481
244 619
244 654
244 670
244 752
245 307
245 342
245 982
245 967
245 511
245 499
245 562
245 729
245 647
245 265
245 641
245 658
245 867
245 931
245 983
246 321
246 471
246 802
246 588
246 331
246 624
246 296
246 524
246 253
246 332
246 385
246 389
246 640
246 672
246 803
246 816
246 923
247 690
247 751
247 493
247 256
247 262
247 284
247 365
247 386
247 470
247 480
247 558
247 697
247 779
247 895
247 948
248 952
248 605
248 613
248 414
248 592
248 556
248 262
248 922
248 771
248 790
248 366
248 278
248 291
248 296
248 378
248 381
248 440
248 486
248 531
248 620
248 650
248 725
248 987
249 940
249 360
249 658
249 967
249 592
249 463
249 491
249 803
249 882
250 694
250 460
250 413
250 327
250 525
250 818
250 320
250 268
250 325
250 326
250 905
250 977
251 876
251 271
251 315
251 883
251 811
251 749
251 695
251 658
251 786
251 458
251 980
251 592
251 735
251 985
251 882
251 861
251 719
251 253
251 414
251 461
251 464
251 718
251 937
252 807
252 316
252 359
252 404
252 426
252 494
252 654
252 675
252 817
252 822
252 860
253 327
253 596
253 589
253 571
253 562
253 915
253 746
253 918
253 733
253 967
253 274
253 335
253 458
253 465
253 575
253 613
253 647
253 729
253 790
253 867
253 881
253 897
253 951
254 558
254 686
254 316
254 426
254 363
254 550
254 727
254 499
254 278
254 328
254 455
254 467
254 491
254 518
254 604
254 682
254 763
254 854
254 919
254 926
254 975
255 487
255 888
255 311
255 793
255 774
255 964
255 642
255 667
255 472
255 558
255 582
255 655
255 664
255 666
255 707
255 996
256 276
256 427
256 960
256 935
256 523
256 444
256 653
256 626
256 600
256 292
256 356
256 394
256 440
256 607
256 634
256 704
256 847
256 892
256 900
257 570
257 422
257 893
257 735
257 283
257 538
257 336
257 360
257 395
257 591
257 661
257 682
257 730
257 867
258 553
258 611
258 331
258 323
258 770
258 349
258 451
258 765
258 468
258 684
258 275
258 421
258 548
258 885
258 624
258 518
258 785
258 463
258 563
259 896
259 919
259 359
259 623
259 420
259 956
259 545
259 477
259 291
259 584
259 644
259 708
259 755
259 811
259 916
259 980
260 872
260 949
260 646
260 754
260 311
260 439
260 348
260 653
260 621
260 478
260 338
260 347
260 423
260 517
260 583
260 602
260 607
260 707
260 739
260 905
260 971
261 622
261 293
261 338
261 726
261 704
261 350
261 391
261 484
261 496
261 522
261 603
261 641
261 763
261 797
261 839
261 900
262 923
262 660
262 372
262 922
262 971
262 562
262 395
262 308
262 288
262 418
262 566
262 610
262 701
262 886
262 987
263 839
263 514
263 318
263 416
263 520
263 415
263 563
263 524
263 812
263 616
263 609
263 341
263 541
263 296
263 313
263 529
263 558
263 594
263 678
263 694
263 777
263 794
263 931
263 945
264 988
264 530
264 921
264 577
264 312
264 658
264 568
264 531
264 626
264 677
264 810
264 841
264 894
264 900
264 934
264 977
265 825
265 481
265 720
265 539
265 542
265 488
265 452
265 605
265 952
265 308
265 556
265 716
265 625
265 983
265 838
265 719
265 294
265 526
265 748
265 852
265 909
266 316
266 636
266 504
266 811
266 612
266 343
266 356
266 571
266 607
266 627
266 703
266 710
266 752
266 997
267 389
267 597
267 612
267 573
267 473
267 400
267 631
267 673
267 840
267 896
267 898
268 935
268 995
268 704
268 622
268 700
268 621
268 583
268 623
268 982
268 282
268 449
268 469
268 607
268 864
268 912
269 670
269 682
269 747
269 686
269 571
269 306
269 730
269 893
269 343
269 457
269 532
269 590
269 652
269 820
270 749
270 954
270 463
270 661
270 848
270 339
270 403
270 414
270 522
270 536
270 705
270 792
271 803
271 651
271 801
271 297
271 377
271 392
271 476
271 643
271 671
271 699
271 957
271 988
272 331
272 738
272 699
272 769
272 587
272 803
272 712
272 773
272 346
272 434
272 487
272 666
272 694
272 741
272 747
272 777
272 814
273 903
273 850
273 882
273 716
273 591
273 572
273 613
273 336
273 484
273 337
273 366
273 390
273 430
273 638
273 690
273 695
273 719
273 792
273 815
273 918
273 944
273 982
274 800
274 650
274 610
274 625
274 291
274 337
274 547
274 874
274 912
275 806
275 431
275 911
275 302
275 731
275 923
275 784
275 370
275 287
275 316
275 582
275 773
275 835
275 908
276 513
276 523
276 453
276 322
276 883
276 700
276 473
276 295
276 474
276 508
276 607
276 646
276 653
276 662
276 799
276 810
276 928
276 947
276 964
276 999
277 558
277 421
277 520
277 376
277 303
277 878
277 787
277 933
277 441
277 471
277 503
277 524
277 607
277 803
278 439
278 872
278 958
278 767
278 983
278 537
278 720
278 937
278 336
278 929
278 419
278 575
278 620
278 625
278 642
278 698
278 838
278 923
278 968
279 927
279 496
279 907
279 704
279 681
279 707
279 544
279 928
279 288
279 282
279 607
279 604
279 915
279 362
279 794
279 799
279 819
279 832
279 949
280 300
280 684
280 803
280 500
280 802
280 570
280 466
280 606
280 281
280 296
280 321
280 355
280 462
280 493
280 519
280 524
280 580
280 618
280 731
280 806
280 869
280 964
281 803
281 344
281 640
281 666
281 979
281 678
281 769
281 460
281 354
281 978
281 989
281 285
281 394
281 606
281 786
282 949
282 847
282 818
282 394
282 423
282 449
282 508
282 602
282 653
282 792
282 794
282 803
282 819
282 839
282 890
282 927
282 998
283 780
283 477
283 716
283 628
283 332
283 730
283 294
283 422
283 427
283 541
283 592
283 740
283 749
283 861
283 882
283 918
283 964
284 904
284 699
284 408
284 441
284 570
284 476
284 931
284 944
284 954
284 285
284 314
284 607
284 761
284 773
284 791
285 416
285 436
285 627
285 823
285 355
285 760
285 803
285 885
285 888
285 889
285 896
286 525
286 809
286 601
286 438
286 956
286 826
286 778
286 757
286 649
286 958
286 859
286 307
286 363
286 543
286 559
286 583
286 631
286 637
286 665
286 800
286 822
286 991
287 553
287 829
287 341
287 351
287 789
287 951
287 387
287 531
287 587
287 746
288 296
288 553
288 439
288 469
288 630
288 927
288 872
288 448
288 507
288 577
288 607
288 799
288 803
288 853
288 905
289 801
289 327
289 732
289 330
289 704
289 423
289 995
289 998
289 453
289 797
289 336
289 450
289 530
289 544
289 883
289 900
290 856
290 514
290 743
290 540
290 451
290 976
290 347
290 380
290 454
290 497
290 803
290 945
291 876
291 381
291 403
291 591
291 749
291 962
291 740
291 608
291 541
291 800
291 341
291 556
291 954
291 547
291 789
291 320
291 499
291 511
291 538
291 915
291 946
292 806
292 657
292 507
292 449
292 417
292 472
292 327
292 364
292 398
292 514
292 707
292 783
292 794
292 857
292 891
293 439
293 892
293 797
293 370
293 338
293 607
293 774
293 783
293 914
294 931
294 870
294 463
294 946
294 971
294 865
294 951
294 433
294 435
294 961
295 437
295 324
295 607
295 988
295 506
295 309
295 551
295 459
295 700
295 525
295 315
295 461
295 542
295 398
295 453
295 507
295 626
295 733
295 774
295 778
295 799
295 819
295 837
295 907
295 942
296 765
296 876
296 437
296 643
296 831
296 471
296 540
296 945
296 917
296 923
296 895
296 600
296 491
296 407
296 503
296 512
296 570
296 594
296 751
296 770
296 801
296 803
296 842
297 841
297 913
297 406
297 834
297 365
297 358
297 333
297 352
297 393
297 543
297 559
297 583
297 604
297 688
297 752
298 931
298 826
298 306
298 372
298 663
298 477
298 745
298 365
298 830
298 956
299 604
299 457
299 724
299 714
299 353
299 589
299 596
299 662
299 854
299 916
299 984
300 803
300 784
300 762
300 824
300 498
300 770
300 774
300 895
300 973
301 932
301 588
301 492
301 561
301 668
301 803
302 512
302 970
302 354
302 456
302 349
302 911
302 374
302 603
302 611
302 692
302 762
302 788
302 801
302 803
302 825
302 897
303 651
303 825
303 408
303 493
303 563
303 450
303 386
303 766
303 769
303 788
303 803
303 936
304 348
304 708
304 441
304 504
304 549
304 552
304 652
304 737
304 772
304 820
304 834
304 925
305 312
305 810
305 875
305 424
305 720
305 562
305 635
305 334
305 342
305 547
305 693
305 705
305 718
305 746
305 859
305 907
305 918
306 487
306 529
306 464
306 559
306 665
306 811
306 447
306 702
306 318
306 546
306 550
306 552
306 757
306 808
306 817
306 913
306 924
306 958
307 836
307 380
307 533
307 863
307 413
307 468
307 512
307 624
307 632
307 713
307 803
307 888
308 934
308 356
308 955
308 635
308 452
308 527
308 605
308 692
308 816
308 961
308 983
309 779
309 448
309 444
309 897
309 490
309 325
309 726
309 949
309 707
309 778
309 312
309 326
309 398
309 519
309 605
309 607
309 774
309 860
310 465
310 890
310 935
310 450
310 583
310 565
310 899
310 919
310 413
310 510
310 569
310 577
310 607
310 657
310 739
310 836
310 907
310 921
310 943
310 977
311 825
311 810
311 847
311 662
311 752
311 348
311 411
311 450
311 452
311 472
311 513
311 613
311 621
311 685
311 793
311 818
311 890
311 953
312 977
312 660
312 667
312 907
312 883
312 594
312 877
312 947
312 348
312 453
312 544
312 585
312 641
312 655
312 754
312 780
312 799
312 819
312 843
313 507
313 763
313 644
313 612
313 393
313 438
313 676
313 702
313 795
313 905
313 925
313 992
314 835
314 318
314 803
314 497
314 347
314 385
314 908
315 583
315 969
315 771
315 373
315 398
315 466
315 523
315 595
315 607
315 626
315 660
315 667
315 691
315 707
315 819
315 821
315 837
315 898
315 935
316 321
316 626
316 612
316 840
316 728
316 455
316 965
316 826
316 359
316 468
316 515
316 552
316 642
316 682
316 693
316 711
316 914
317 690
317 563
317 571
317 727
317 822
317 328
317 372
317 438
317 488
317 508
317 604
317 627
317 737
317 762
317 803
317 957
317 991
318 734
318 779
318 856
318 512
318 380
318 595
318 616
318 741
318 803
318 850
318 948
319 624
319 839
319 683
319 444
319 338
319 398
319 653
319 872
319 726
319 443
319 660
319 685
319 907
319 949
319 977
320 702
320 944
320 427
320 457
320 522
320 543
320 631
320 689
320 801
320 830
320 854
321 431
321 762
321 678
321 354
321 407
321 607
321 434
321 583
321 595
321 636
321 770
321 835
321 972
322 964
322 928
322 797
322 411
322 350
322 988
322 641
322 549
322 354
322 397
322 519
322 726
322 779
322 795
322 944
322 969
323 436
323 520
323 734
323 324
323 672
323 835
323 866
323 876
323 923
324 666
324 616
324 736
324 803
324 785
324 425
324 459
324 670
324 773
324 814
324 885
324 927
325 471
325 787
325 892
325 707
325 810
325 446
325 996
325 960
325 872
325 782
325 364
325 519
325 877
325 986
326 794
326 368
326 603
326 439
326 593
326 449
326 446
326 799
326 739
326 808
326 544
326 681
326 683
326 858
326 883
326 927
327 734
327 863
327 412
327 939
327 646
327 417
327 579
327 683
327 894
327 681
327 827
327 338
327 339
327 439
327 467
327 510
327 567
327 576
327 639
327 978
328 910
328 682
328 550
328 913
328 457
328 557
328 693
328 372
328 635
328 797
328 879
328 991
329 763
329 356
329 811
329 679
329 365
329 388
329 397
329 420
329 457
329 607
329 619
329 689
329 720
329 721
329 795
329 955
330 474
330 841
330 482
330 569
330 934
330 348
330 582
330 832
330 776
330 507
330 634
330 674
330 794
330 927
331 437
331 712
331 570
331 779
331 743
331 597
331 392
331 529
331 533
331 556
331 643
331 734
331 738
331 769
332 894
332 952
332 538
332 635
332 954
332 371
332 625
332 976
332 484
332 443
332 714
332 851
332 867
333 933
333 559
333 637
333 737
333 914
333 601
333 807
333 703
333 965
333 820
333 649
333 627
333 676
333 987
333 464
333 492
333 708
333 727
333 795
333 849
333 860
333 898
333 910
333 913
333 919
333 991
334 443
334 384
334 541
334 638
334 547
334 716
334 952
334 874
334 360
334 647
334 748
334 785
334 887
334 975
335 827
335 745
335 440
335 501
335 695
335 461
335 429
335 458
335 483
335 882
335 968
336 804
336 846
336 424
336 499
336 608
336 646
336 803
336 851
336 954
337 375
337 491
337 592
337 366
337 502
337 695
337 351
337 620
337 638
337 716
337 720
337 733
337 737
337 795
337 830
337 881
337 909
337 975
338 863
338 450
338 726
338 981
338 607
338 350
338 706
338 582
338 988
338 387
338 439
338 569
338 576
338 617
338 619
338 662
338 667
338 928
338 942
339 603
339 905
339 449
339 897
339 607
339 565
339 617
339 546
339 621
339 630
339 841
340 658
340 790
340 591
340 767
340 893
340 383
340 372
340 417
340 575
340 728
340 792
340 897
340 918
341 947
341 891
341 534
341 390
341 575
341 620
341 861
341 383
341 538
341 547
341 548
341 572
341 682
341 705
341 707
341 917
341 980
342 364
342 698
342 461
342 484
342 511
342 824
342 881
342 610
342 360
342 424
342 539
342 612
342 667
342 767
342 841
343 587
343 997
343 702
343 840
343 679
343 727
343 820
343 403
343 518
343 630
343 631
343 759
343 875
343 890
344 659
344 856
344 889
344 668
344 978
344 876
344 654
344 347
344 386
344 399
344 455
344 546
344 651
344 803
344 880
344 901
345 823
345 705
345 534
345 620
345 893
345 369
345 418
345 608
345 613
345 903
346 480
346 432
346 939
346 659
346 696
346 839
347 948
347 911
347 699
347 723
347 503
347 645
347 632
347 640
348 832
348 567
348 518
348 627
348 401
348 398
348 448
348 467
348 607
348 646
348 685
348 739
348 803
348 890
348 933
348 968
349 355
349 432
349 533
349 885
349 678
349 553
349 441
349 401
349 643
349 972
350 514
350 883
350 412
350 681
350 872
350 411
350 439
350 544
350 621
350 709
350 726
350 794
350 819
350 841
351 785
351 410
351 445
351 976
351 427
351 443
351 561
351 745
351 771
352 981
352 623
352 543
352 854
352 382
352 763
352 379
352 545
352 637
352 489
352 813
352 727
352 721
352 478
352 357
352 368
352 406
352 506
352 550
352 930
353 668
353 820
353 875
353 356
353 682
353 458
353 406
353 582
353 730
354 917
354 651
354 416
354 736
354 936
354 979
354 512
354 503
354 385
354 471
354 548
355 668
355 803
355 801
355 970
355 917
355 500
355 908
355 540
355 588
355 727
355 744
355 762
355 814
356 589
356 687
356 919
356 389
356 464
356 860
356 956
356 613
356 357
356 426
356 481
356 495
356 604
356 629
356 639
356 727
356 803
356 870
356 894
357 666
357 932
357 607
357 965
357 910
357 601
357 488
357 891
357 363
357 532
357 585
357 708
357 727
358 438
358 993
358 654
358 686
358 689
358 564
358 401
358 715
358 363
358 400
358 477
358 527
358 546
358 631
358 722
358 757
358 778
358 913
358 924
358 966
359 864
359 683
359 577
359 944
359 495
359 546
359 384
359 483
359 494
359 545
359 585
359 844
359 937
360 973
360 850
360 720
360 402
360 408
360 552
360 638
360 673
360 721
360 915
361 626
361 546
361 834
361 504
361 363
361 518
361 733
361 365
361 627
361 811
361 820
361 840
361 976
362 931
362 892
362 402
362 740
362 658
362 452
362 599
362 387
362 369
362 442
362 497
362 507
362 527
362 746
362 952
362 997
363 702
363 820
363 481
363 688
363 915
363 379
363 426
363 432
363 679
363 689
363 711
363 728
363 849
364 523
364 467
364 685
364 667
364 569
364 828
364 423
364 444
364 453
364 521
364 662
364 669
364 687
364 706
364 819
364 969
365 397
365 372
365 752
365 958
365 380
365 724
365 755
365 920
365 961
366 646
366 764
366 915
366 838
366 458
366 620
366 967
366 418
366 971
366 725
366 748
366 824
366 946
367 615
367 413
367 645
367 651
367 660
367 692
367 856
367 857
367 999
368 934
368 525
368 474
368 526
368 569
368 583
368 594
368 626
368 674
368 677
368 708
368 732
368 800
368 894
369 806
369 565
369 463
369 871
369 488
369 561
369 746
369 531
369 390
369 882
369 572
369 803
369 874
370 701
370 973
370 673
370 423
370 661
370 675
370 698
370 715
370 814
370 861
370 918
371 476
371 541
371 906
371 937
371 538
371 669
371 725
371 943
372 707
372 654
372 870
372 854
372 728
372 478
372 938
372 482
372 543
372 598
372 899
373 784
373 707
373 726
373 947
373 677
373 828
373 969
373 626
373 465
373 512
373 569
373 837
374 466
374 948
374 624
374 517
374 408
374 927
374 389
374 520
374 524
374 600
374 606
374 646
374 731
374 856
374 888
374 972
375 389
375 675
375 518
375 860
375 481
375 519
375 532
375 536
375 550
375 554
375 564
375 633
375 647
375 724
375 745
375 817
375 856
375 870
375 872
375 884
376 595
376 563
376 386
376 723
376 731
376 888
376 989
376 419
376 431
376 451
376 596
376 650
376 831
377 588
377 863
377 659
377 712
377 803
377 558
377 690
377 773
377 704
377 526
377 460
377 528
377 941
378 530
378 391
378 565
378 469
378 444
378 439
378 607
378 774
378 818
378 592
378 460
378 523
378 576
378 624
378 677
378 782
378 927
378 935
379 709
379 676
379 763
379 550
379 737
379 708
379 387
379 522
379 546
379 552
379 589
379 590
379 663
379 884
380 456
380 801
380 493
380 990
380 773
380 928
380 443
380 558
381 869
381 870
381 536
381 534
381 800
381 402
381 502
381 620
381 786
381 824
381 874
381 950
381 994
382 413
382 822
382 689
382 686
382 826
382 483
382 807
382 404
382 845
382 759
382 557
382 509
382 862
382 608
382 813
382 984
382 992
383 964
383 881
383 859
383 871
383 541
383 716
383 402
383 449
383 767
383 974
384 904
384 928
384 724
384 807
384 840
384 775
385 437
385 466
385 479
385 779
385 694
385 627
385 425
385 529
385 691
385 710
385 803
385 839
386 645
386 758
386 580
386 517
386 553
386 803
386 520
386 392
386 697
386 717
386 616
386 633
386 970
386 990
387 875
387 527
387 424
387 486
387 484
387 440
387 749
387 845
387 855
387 881
388 880
388 649
388 950
388 984
388 489
388 488
388 636
389 941
389 763
389 708
389 702
389 584
389 682
389 564
389 865
389 560
389 679
389 854
389 944
390 803
390 890
390 647
390 497
390 973
390 566
390 861
390 527
390 535
390 539
390 557
390 673
390 909
390 975
391 514
391 928
391 664
391 810
391 496
391 707
391 607
391 427
391 565
391 510
391 551
391 569
391 576
391 754
391 890
391 995
392 500
392 451
392 959
392 522
392 803
392 880
392 449
392 956
392 421
392 503
392 548
392 580
392 624
392 664
392 668
392 762
392 857
392 917
393 456
393 978
393 607
393 543
393 992
393 703
393 505
393 489
393 495
393 589
393 687
393 708
393 747
393 809
393 853
393 870
393 950
394 794
394 510
394 412
394 443
394 453
394 521
394 576
394 630
394 892
395 908
395 445
395 442
395 572
395 790
395 539
395 575
395 600
395 620
395 673
395 715
395 746
395 749
395 776
395 800
395 940
396 803
396 454
396 441
396 680
396 457
396 487
396 522
396 607
396 666
397 988
397 708
397 845
397 944
397 428
397 604
397 554
397 940
397 516
397 527
397 755
397 855
398 594
398 707
398 897
398 883
398 810
398 583
398 417
398 485
398 685
398 722
398 821
398 871
399 651
399 743
399 666
399 500
399 479
399 734
399 876
399 923
399 836
399 569
399 627
399 407
399 520
399 563
399 643
399 654
399 705
400 913
400 826
400 404
400 559
400 585
400 546
400 550
400 654
400 688
400 721
400 778
401 766
401 932
401 991
401 860
401 710
401 687
401 844
401 473
401 601
401 636
401 654
401 691
401 693
402 451
402 784
402 918
402 952
402 410
402 650
402 499
402 509
402 511
402 748
402 852
402 887
402 946
402 987
402 995
403 678
403 576
403 968
403 705
403 561
403 983
403 458
403 534
403 650
403 527
403 536
403 598
403 638
403 660
403 718
403 800
403 830
403 833
403 848
403 950
404 612
404 924
404 913
404 597
404 477
404 627
404 721
404 772
404 803
404 939
405 578
405 908
405 835
405 999
405 418
405 434
405 454
405 466
405 512
405 522
405 553
405 677
405 803
406 624
406 453
406 648
406 711
406 426
406 573
406 718
406 811
406 845
406 984
406 997
407 454
407 803
407 588
407 493
407 415
407 451
407 460
407 522
407 670
407 723
407 870
408 696
408 855
408 468
408 868
408 425
408 796
408 512
408 806
408 863
408 609
408 945
408 631
408 976
408 758
408 803
408 884
408 923
408 948
409 464
409 589
409 718
409 480
409 550
409 693
409 803
409 959
410 803
410 439
410 519
410 746
410 952
410 987
410 539
410 771
410 735
410 716
410 418
410 486
410 540
410 542
410 650
410 776
410 850
410 954
410 967
410 994
411 942
411 877
411 449
411 700
411 577
411 947
411 443
411 646
411 655
411 856
411 934
412 496
412 495
412 448
412 470
412 472
412 594
412 793
412 827
412 850
412 890
413 449
413 685
413 928
413 864
413 774
413 607
413 593
413 780
413 623
413 683
413 782
413 837
413 897
414 719
414 541
414 792
414 470
414 610
414 658
414 804
414 980
415 580
415 777
415 806
415 731
415 529
415 425
415 416
415 901
415 462
415 960
415 572
415 466
415 498
415 615
415 732
415 761
415 769
415 795
415 800
416 640
416 803
416 616
416 474
416 741
416 769
416 779
416 843
416 917
416 926
416 959
416 979
417 439
417 579
417 594
417 444
417 999
417 853
417 567
417 757
417 508
417 581
417 583
417 782
417 817
417 852
417 921
417 967
418 450
418 914
418 775
418 458
418 673
418 989
418 705
418 967
418 753
418 538
418 502
418 541
418 599
418 613
418 729
418 915
418 511
418 852
418 658
418 714
418 733
418 771
418 816
419 878
419 908
419 666
419 454
419 563
419 802
419 657
419 999
419 997
419 524
419 784
419 803
419 990
420 916
420 926
420 676
420 546
420 589
420 506
420 532
420 703
420 722
420 747
420 772
420 795
421 825
421 770
421 857
421 522
421 948
421 803
421 768
421 493
421 645
421 545
421 728
421 733
421 595
421 609
421 931
422 576
422 906
422 946
422 740
422 486
422 850
422 886
422 887
422 994
423 655
423 739
423 525
423 899
423 947
423 681
423 452
423 567
423 621
423 794
423 827
423 912
424 588
424 858
424 610
424 962
424 575
424 435
424 539
424 592
424 638
424 650
424 749
424 943
424 954
425 904
425 803
425 670
425 923
425 558
425 902
425 451
425 542
425 466
425 609
425 741
425 770
425 868
426 739
426 652
426 494
426 515
426 992
426 649
426 490
426 637
426 820
426 930
427 949
427 912
427 508
427 525
427 469
427 739
427 927
427 810
427 960
427 607
427 544
427 581
427 615
427 783
427 819
428 885
428 938
428 815
428 494
428 589
428 920
428 601
428 639
428 495
428 550
428 584
428 641
428 820
428 958
428 993
429 881
429 776
429 537
429 946
429 511
429 698
429 719
429 430
429 440
429 693
429 785
429 850
430 864
430 719
430 954
430 698
430 435
430 838
430 946
430 556
430 650
430 433
430 434
430 457
430 475
430 575
430 753
430 804
430 892
430 903
431 911
431 644
431 466
431 587
431 633
431 803
431 836
431 885
431 900
432 645
432 803
432 517
432 507
432 603
432 638
432 856
433 505
433 680
433 541
433 906
433 848
433 625
433 754
433 776
433 850
434 618
434 869
434 723
434 498
434 659
434 607
434 545
434 717
434 803
434 812
434 936
435 874
435 871
435 562
435 714
435 628
435 613
435 461
435 750
435 502
435 553
435 556
435 803
435 816
435 961
436 878
436 479
436 692
436 803
436 869
437 697
437 936
437 765
437 788
437 842
437 783
437 473
437 609
437 743
437 814
437 901
437 957
437 970
438 801
438 691
438 557
438 686
438 875
438 974
438 516
438 546
438 585
438 648
438 721
438 961
439 671
439 706
439 467
439 683
439 896
439 644
439 465
439 700
439 732
439 892
439 934
439 964
439 995
439 999
440 803
440 551
440 909
440 658
440 971
440 983
440 753
440 785
440 647
440 698
440 858
440 863
440 962
440 967
441 959
441 803
441 632
441 970
441 904
441 672
441 697
441 553
442 951
442 859
442 749
442 452
442 497
442 501
442 542
442 568
442 605
442 638
442 778
442 786
442 792
442 867
442 886
442 929
443 577
443 818
443 674
443 704
443 510
443 794
443 544
443 610
443 642
443 683
443 726
443 739
443 754
443 927
444 833
444 508
444 687
444 511
444 918
444 681
444 847
445 876
445 988
445 715
445 541
445 562
445 488
445 591
445 613
445 605
445 748
445 901
445 922
446 569
446 964
446 701
446 577
446 634
446 707
446 794
446 819
446 837
446 883
447 532
447 991
447 629
447 489
447 957
447 492
447 533
447 542
447 592
447 622
447 631
447 642
447 648
447 654
447 676
447 737
447 778
447 879
447 884
447 958
448 487
448 783
448 683
448 995
448 912
448 832
448 530
448 607
448 603
448 641
448 892
448 942
449 570
449 685
449 877
449 721
449 462
449 754
449 818
449 988
450 885
450 998
450 953
450 521
450 947
450 833
450 478
450 519
450 544
450 565
450 681
450 692
450 821
450 847
450 864
451 560
451 948
451 655
451 500
451 769
451 803
451 902
451 944
452 802
452 646
452 531
452 785
452 887
452 613
452 850
452 767
452 733
452 698
452 973
452 568
452 816
453 683
453 579
453 892
453 642
453 872
453 821
453 459
453 467
453 949
453 610
453 909
454 814
454 948
454 533
454 979
454 730
454 559
454 684
454 744
454 902
455 766
455 666
455 472
455 755
455 860
455 688
455 612
455 552
455 489
455 665
455 965
455 629
455 545
455 554
455 722
455 790
456 945
456 466
456 902
456 798
456 803
456 624
456 659
456 741
456 895
456 910
456 943
457 769
457 473
457 481
457 503
457 516
457 604
457 607
457 621
457 665
457 875
457 884
457 919
457 926
457 932
458 937
458 846
458 608
458 661
458 954
458 887
458 865
458 497
458 461
458 771
458 939
459 779
459 510
459 853
459 707
459 530
459 565
459 899
459 894
459 897
459 986
459 593
459 942
459 793
459 469
459 518
459 496
459 598
459 843
459 935
460 723
460 911
460 941
460 560
460 548
460 611
460 761
460 803
461 491
461 488
461 463
461 542
461 862
461 656
461 792
461 610
461 716
461 769
461 823
461 830
461 929
461 975
462 618
462 788
462 869
462 678
462 751
462 605
462 651
462 803
462 978
463 979
463 768
463 791
463 593
463 850
463 976
463 729
463 940
463 746
463 542
463 547
463 776
463 790
463 792
463 915
463 980
464 582
464 910
464 585
464 974
464 554
464 564
464 652
464 676
464 722
464 919
465 510
465 998
465 598
465 507
465 594
465 953
465 576
465 872
465 518
465 589
465 508
465 513
465 544
465 744
465 860
465 912
465 927
466 979
466 476
466 540
466 796
466 863
466 743
466 597
466 581
466 709
466 744
466 779
466 855
466 868
467 694
467 577
467 642
467 513
467 607
467 630
467 837
467 900
468 978
468 524
468 814
468 528
468 560
468 803
469 503
469 977
469 894
469 921
469 594
469 607
469 794
470 917
470 545
470 740
470 771
470 909
470 850
470 976
470 625
470 658
470 785
470 982
471 803
471 723
471 876
471 480
471 484
471 633
471 673
471 697
471 761
471 777
471 829
471 882
471 895
472 662
472 832
472 569
472 677
472 622
472 655
472 674
472 521
472 544
472 763
472 780
472 797
472 827
472 843
472 897
472 912
473 493
473 631
473 950
473 910
473 475
473 488
473 481
473 617
473 721
474 873
474 583
474 689
474 482
474 491
474 593
474 653
474 739
474 783
474 843
475 487
475 544
475 511
475 531
475 610
475 628
475 755
475 786
475 800
475 982
476 803
476 766
476 643
476 533
476 578
476 735
476 534
476 618
476 736
477 523
477 966
477 526
477 549
477 759
477 834
478 559
478 504
478 924
478 483
478 505
478 649
478 752
478 759
478 778
478 829
478 925
478 953
479 651
479 911
479 799
479 962
479 779
479 803
479 901
479 904
480 979
480 553
480 803
480 779
480 495
480 514
480 769
480 863
480 908
481 676
481 688
481 724
481 552
481 944
481 590
481 811
481 812
481 898
481 919
481 933
481 955
482 664
482 999
482 782
482 600
482 851
482 729
482 496
482 519
482 637
482 652
482 783
482 966
483 518
483 550
483 840
483 585
483 495
483 772
483 505
483 589
483 649
483 741
483 896
484 599
484 887
484 851
484 915
484 562
484 595
484 608
484 656
484 719
484 792
484 830
484 850
484 881
484 943
484 968
485 933
485 495
485 991
485 631
485 913
485 775
486 561
486 535
486 511
486 537
486 532
486 605
487 560
487 525
487 535
487 503
487 529
487 606
487 670
487 734
487 789
487 803
487 811
488 640
488 496
488 665
488 750
488 749
488 575
488 650
488 635
488 851
488 547
488 748
488 792
488 592
488 838
488 895
489 678
489 589
489 617
489 711
489 933
489 620
489 679
489 759
489 815
489 860
490 496
490 593
490 607
490 671
490 789
490 899
490 969
490 998
491 836
491 551
491 550
491 974
491 575
491 591
491 592
491 967
491 952
491 824
491 635
491 740
491 748
491 754
491 790
491 846
491 851
491 906
492 944
492 778
492 682
492 840
492 597
492 636
492 531
492 708
492 735
492 815
492 956
493 768
493 908
493 803
493 498
493 595
493 534
493 647
493 697
493 712
493 762
493 985
494 944
494 926
494 795
494 635
494 617
494 629
494 826
495 796
495 926
495 648
495 808
495 515
495 530
495 636
495 721
495 845
495 870
495 896
496 840
496 519
496 557
496 607
496 706
496 883
496 966
497 580
497 872
497 828
497 946
497 733
497 716
497 536
497 538
497 909
497 625
497 648
497 708
497 725
497 767
497 786
497 903
498 835
498 697
498 855
498 699
498 806
498 580
498 712
498 633
498 522
498 533
498 738
498 762
498 781
498 788
498 803
498 857
498 904
499 501
499 502
499 526
499 537
499 718
499 740
499 771
499 786
499 858
499 915
500 803
500 855
500 798
500 540
500 548
500 777
500 779
500 888
500 901
501 687
501 650
501 954
501 968
501 510
501 529
501 681
501 720
501 862
501 895
501 962
502 853
502 648
502 515
502 886
502 673
502 771
502 669
502 989
502 613
502 746
502 946
502 620
502 650
502 656
502 718
502 937
502 994
503 524
503 514
503 645
503 801
503 868
503 895
503 529
503 581
503 751
503 901
504 930
504 974
504 956
504 807
504 505
504 515
504 586
504 604
504 630
504 793
504 840
504 849
504 854
504 884
504 898
504 933
504 944
504 983
504 992
505 581
505 984
505 963
505 817
505 601
505 554
505 774
506 797
506 827
506 621
506 551
506 543
506 894
506 897
507 530
507 981
507 685
507 513
507 883
507 565
507 897
507 894
507 749
507 915
508 640
508 760
508 607
508 681
508 774
508 757
508 511
508 519
508 622
508 653
508 707
508 754
508 818
508 981
509 803
509 710
509 951
509 695
509 538
509 661
509 735
509 635
509 765
509 851
509 887
509 922
510 607
510 927
510 899
510 949
510 596
510 655
510 803
511 712
511 786
511 909
511 539
511 575
511 534
511 987
511 680
511 561
511 605
511 701
511 771
511 790
511 838
511 929
511 946
512 855
512 713
512 565
512 552
512 637
512 694
512 791
512 803
512 831
512 839
513 760
513 912
513 622
513 754
513 803
514 645
514 558
514 857
514 803
514 554
514 620
514 741
514 762
514 791
514 863
514 959
515 834
515 775
515 703
515 556
515 619
515 623
515 679
515 722
515 724
515 813
516 731
516 724
516 564
516 629
516 549
516 557
516 817
516 585
516 854
516 910
516 978
517 856
517 540
517 734
517 803
517 885
517 918
517 938
518 629
518 822
518 546
518 596
518 612
518 778
518 813
518 974
519 643
519 666
519 907
519 810
519 928
519 709
519 567
519 867
519 574
519 707
519 741
519 934
520 773
520 917
520 648
520 644
520 694
520 762
520 803
520 878
521 939
521 780
521 977
521 900
521 594
521 530
521 739
521 667
521 569
521 657
521 810
521 841
521 864
521 969
522 788
522 528
522 836
522 762
522 609
522 911
522 773
522 766
522 888
522 905
522 938
522 546
522 587
522 744
523 917
523 942
523 742
523 582
523 602
523 607
523 660
523 732
523 877
523 892
523 894
523 921
524 842
524 791
524 751
524 803
524 983
524 694
524 760
524 839
524 856
525 630
525 949
525 655
525 607
525 834
525 554
525 840
525 559
525 819
525 853
525 953
525 964
526 851
526 865
526 534
526 536
526 539
526 715
526 723
526 807
526 848
526 973
527 908
527 651
527 995
527 792
527 592
527 940
527 749
527 584
527 718
527 804
527 918
527 943
528 738
528 876
528 836
528 678
528 734
528 757
528 743
528 762
528 936
529 803
529 734
529 972
529 787
529 777
529 978
529 868
529 636
529 720
529 587
530 581
530 662
530 707
530 617
530 540
530 583
530 777
530 819
530 907
530 944
531 803
531 586
531 561
531 874
531 574
531 954
531 858
531 800
531 656
531 577
531 893
532 883
532 745
532 817
532 557
532 559
532 584
532 815
532 858
533 779
533 749
533 540
533 611
533 633
533 717
533 803
533 821
533 836
533 869
533 911
533 923
533 936
533 978
534 771
534 852
534 556
534 547
534 569
534 575
534 656
534 658
534 725
534 776
534 799
534 824
534 867
535 779
535 999
535 849
535 750
535 994
535 861
535 823
535 862
535 628
535 658
535 725
535 776
535 846
535 918
535 926
536 803
536 700
536 830
536 613
536 600
536 656
536 695
536 712
536 785
536 838
536 871
537 663
537 886
537 746
537 591
537 943
537 538
537 605
537 638
537 771
537 874
537 989
537 994
538 562
538 887
538 543
538 561
538 568
538 586
538 620
538 865
538 915
538 947
539 751
539 543
539 946
539 748
539 608
539 961
539 718
539 628
539 566
539 701
539 830
539 994
540 923
540 917
540 863
540 699
540 793
540 695
540 544
540 571
540 587
540 605
540 696
540 792
540 796
540 931
541 586
541 556
541 858
541 750
541 903
541 574
541 575
541 730
541 982
541 987
542 803
542 693
542 566
542 719
542 922
542 800
542 968
542 975
542 906
542 951
542 544
542 561
542 613
542 620
542 647
542 790
543 757
543 559
543 648
543 586
543 763
543 944
543 571
543 552
543 573
543 621
543 636
543 693
543 899
544 581
544 996
544 928
544 664
544 646
544 674
544 899
544 726
544 818
544 704
544 803
545 803
545 879
545 956
545 596
545 809
545 623
545 620
545 682
545 689
545 876
545 898
545 925
545 993
546 548
546 739
546 879
546 745
546 614
546 727
546 966
546 829
546 644
546 962
546 639
546 666
546 703
547 740
547 804
547 720
547 608
547 638
547 816
547 961
548 666
548 580
548 813
548 615
548 655
548 661
548 672
548 962
548 965
549 603
549 763
549 884
549 933
549 966
549 993
549 898
549 604
549 614
549 689
549 755
549 803
549 944
549 984
550 684
550 636
550 573
550 600
550 607
550 644
550 708
550 710
550 711
550 721
550 724
550 795
550 939
550 966
551 706
551 603
551 704
551 841
551 742
551 626
551 962
551 567
551 662
551 770
551 883
551 996
552 681
552 958
552 679
552 808
552 740
552 568
552 694
552 804
552 870
552 917
553 959
553 825
553 945
553 606
553 779
553 618
553 595
553 640
553 741
553 760
553 770
553 781
553 803
553 990
554 958
554 663
554 617
554 639
554 679
554 691
554 747
554 849
554 854
554 919
554 965
555 930
555 607
555 661
555 707
555 710
555 774
555 780
556 778
556 824
556 729
556 695
556 680
556 638
556 705
556 903
557 924
557 644
557 829
557 974
557 586
557 638
557 702
557 803
557 834
558 788
558 787
558 803
558 970
558 643
558 731
558 856
558 895
558 964
559 840
559 963
559 663
559 884
559 637
559 693
559 699
559 708
559 755
559 819
559 853
559 914
559 997
560 878
560 825
560 758
560 766
560 876
560 798
560 724
560 929
560 661
560 803
561 893
561 680
561 608
561 989
561 767
561 625
561 630
561 803
561 948
561 961
562 666
562 975
562 600
562 608
562 792
562 967
563 611
563 694
563 779
563 959
564 896
564 916
564 992
564 597
564 879
564 612
564 617
564 676
565 812
565 739
565 580
565 646
565 653
565 783
565 805
565 819
565 821
565 877
565 899
565 907
566 913
566 730
566 725
566 838
566 951
566 635
566 705
566 786
566 792
566 856
566 943
566 961
567 774
567 964
567 707
567 741
567 840
567 999
568 680
568 749
568 635
568 694
568 701
568 718
568 785
568 789
568 861
568 976
568 982
569 603
569 947
569 921
569 685
569 706
569 853
569 999
570 812
570 863
570 611
570 595
570 779
570 731
570 645
570 902
570 758
570 798
570 806
570 835
570 868
571 817
571 676
571 965
571 884
571 589
571 573
571 919
571 601
571 914
571 925
572 816
572 846
572 776
572 658
572 673
572 702
572 985
573 585
573 586
573 665
573 693
573 822
574 645
574 698
574 620
574 714
574 716
574 680
574 937
574 922
574 650
574 776
574 848
574 929
575 640
575 765
575 748
575 792
575 967
575 677
575 865
576 935
576 843
576 582
576 671
576 900
576 973
576 996
577 828
577 977
577 896
577 626
577 794
577 900
577 921
577 965
577 995
578 802
578 801
578 723
578 791
578 972
579 580
579 986
579 681
579 630
579 747
579 774
579 897
579 985
580 836
580 835
580 916
580 670
580 751
580 803
580 856
580 972
580 978
581 602
581 897
581 953
581 589
581 853
581 894
581 920
581 998
582 770
582 607
582 683
582 952
582 937
582 774
582 870
582 892
582 912
583 634
583 739
583 695
583 607
583 642
583 671
583 674
583 834
583 873
584 938
584 914
584 826
584 623
584 691
584 840
584 957
585 841
585 636
585 993
585 933
585 639
585 649
585 600
585 774
585 875
585 930
586 734
586 759
586 844
586 675
586 820
586 617
586 619
586 693
586 829
586 910
587 803
587 878
587 931
587 615
587 802
587 684
587 595
587 597
587 651
587 758
588 803
588 595
588 611
588 616
588 769
588 779
588 812
588 889
588 990
589 670
589 697
589 963
589 708
590 643
590 768
590 984
590 644
590 721
590 727
590 637
590 647
590 775
590 945
590 974
591 592
591 635
591 666
591 790
591 881
591 901
591 952
592 979
592 768
592 982
592 705
592 673
592 851
592 881
592 962
592 633
592 656
592 802
592 915
592 943
592 951
593 713
593 827
593 594
593 947
593 607
593 677
593 700
593 754
593 792
593 890
594 707
594 756
594 864
594 953
594 890
594 964
595 835
595 888
595 633
595 787
595 717
595 901
595 690
595 670
595 712
595 803
595 990
596 601
596 608
596 675
596 879
596 884
597 688
597 773
597 803
597 875
597 925
597 938
597 999
598 806
598 899
598 783
598 947
598 683
598 962
598 893
598 709
598 739
598 760
598 847
598 856
598 964
599 619
599 851
599 750
599 714
599 952
599 882
599 638
599 887
599 944
600 629
600 909
600 661
600 698
600 702
600 741
600 755
600 940
600 976
601 688
601 711
601 626
601 631
601 636
601 653
601 753
601 820
601 918
601 924
602 977
602 873
602 653
602 657
603 605
603 641
603 671
603 698
603 753
603 760
603 843
603 894
603 947
603 960
604 675
604 965
604 910
604 775
604 772
604 924
604 617
604 652
604 693
604 722
604 745
604 811
604 919
604 956
604 991
605 815
605 980
605 719
605 767
605 865
605 776
605 790
605 881
606 857
606 876
606 908
606 825
606 643
606 684
606 668
606 781
606 912
606 728
606 757
606 798
606 803
606 866
607 899
607 754
607 642
607 934
607 988
607 683
607 805
607 667
607 897
607 960
607 912
607 981
607 939
607 742
607 760
607 894
607 664
607 726
607 998
607 675
607 663
607 800
607 641
607 671
607 685
607 700
607 707
607 774
607 794
607 797
607 842
607 921
607 933
607 972
607 986
607 996
608 973
608 613
608 658
608 735
608 823
608 848
608 968
609 904
609 945
609 812
609 839
609 744
609 764
609 795
609 869
609 947
609 959
610 781
610 861
610 858
610 620
610 733
611 731
611 712
611 672
611 747
612 755
612 631
612 654
612 687
612 840
612 924
612 969
612 989
612 993
612 996
613 881
613 620
613 691
613 855
613 887
613 980
614 619
614 656
614 786
614 879
614 924
614 984
615 902
615 697
615 758
615 743
615 803
615 719
615 746
616 699
616 941
616 723
616 803
616 844
616 866
616 885
616 908
617 676
617 648
617 654
617 755
617 807
617 820
617 993
618 659
618 803
618 885
618 888
619 666
619 663
619 724
619 815
619 807
619 971
619 749
619 629
619 652
619 710
619 711
619 728
619 963
620 912
620 882
620 903
620 838
620 650
620 687
620 790
620 825
620 865
620 893
620 987
621 833
621 622
621 843
621 660
621 709
621 774
621 890
622 988
622 742
622 683
622 828
622 818
622 810
622 899
622 756
622 847
622 867
623 639
623 629
623 689
623 778
623 808
623 817
624 972
624 888
624 778
624 634
624 645
624 697
624 773
624 784
624 814
625 886
625 976
625 628
625 716
625 753
625 823
626 707
626 653
626 642
626 704
627 822
627 913
627 724
627 638
627 644
627 820
628 764
628 752
628 865
628 673
628 750
628 858
628 720
628 638
628 887
629 644
629 686
629 665
629 702
629 747
629 757
630 707
630 653
630 774
630 797
630 864
630 986
631 700
631 926
631 763
631 845
631 728
632 791
632 917
632 803
632 880
632 665
632 644
632 650
632 836
632 941
633 818
633 897
633 659
633 779
633 803
634 843
634 671
634 674
634 664
634 992
634 681
634 693
634 907
634 998
635 680
635 954
635 983
635 816
635 786
635 800
636 641
636 920
636 974
636 724
636 829
636 826
636 763
636 845
636 747
636 815
637 926
637 875
637 822
637 648
637 795
637 891
638 670
638 895
638 847
638 816
638 967
638 824
638 906
639 734
639 644
639 772
639 682
639 724
639 693
639 763
639 930
639 991
640 825
640 779
640 784
640 831
640 642
640 867
640 703
640 715
640 803
640 972
641 863
641 674
641 853
641 667
641 710
641 833
641 928
641 934
642 883
642 949
642 846
642 685
642 783
642 947
643 931
643 876
643 926
643 729
643 803
643 814
644 670
644 849
644 702
644 930
644 665
644 916
644 984
644 884
644 676
644 694
644 845
644 991
644 993
645 812
645 678
645 692
645 761
645 788
645 803
645 863
645 888
645 948
646 949
646 894
646 742
646 870
646 756
646 783
646 805
646 853
647 809
647 881
647 771
647 658
647 987
647 886
647 906
647 730
647 973
648 813
648 711
648 985
648 693
648 703
648 811
648 882
648 926
649 757
649 727
649 879
649 919
649 957
650 860
650 740
650 776
650 906
650 937
650 704
650 735
650 792
650 800
650 881
650 907
651 812
651 712
651 728
651 793
651 802
651 803
651 835
651 855
651 867
651 895
651 931
652 999
652 966
652 992
652 896
652 950
652 813
652 820
652 913
653 678
653 953
653 828
654 686
654 944
654 946
654 763
654 831
655 810
655 858
655 707
656 902
656 887
656 787
656 881
656 894
656 898
657 900
657 827
657 742
657 764
657 685
657 832
658 701
658 871
658 749
658 800
658 886
658 938
658 980
659 758
659 803
659 925
659 923
660 843
660 797
660 827
661 809
661 848
661 705
661 968
661 786
661 792
661 846
661 790
661 716
661 750
661 868
662 934
662 843
662 704
662 953
662 780
662 674
662 707
663 928
663 774
663 813
663 693
663 711
663 728
663 759
663 832
663 854
663 914
664 864
664 928
664 890
664 860
664 750
664 707
664 841
664 897
664 942
665 965
665 711
665 963
665 916
665 687
665 989
665 795
665 966
666 892
666 803
666 810
666 841
666 900
667 802
667 883
667 683
667 742
667 897
667 921
667 793
667 998
668 880
668 801
668 803
668 831
668 869
669 803
669 845
669 695
669 871
669 800
670 713
670 693
670 672
670 803
670 868
671 932
671 739
671 783
671 900
671 700
671 794
671 841
671 939
672 978
672 868
672 723
672 803
672 835
672 842
672 869
672 923
673 867
673 861
673 973
673 753
673 967
673 993
674 794
674 758
674 759
674 935
675 905
675 832
675 966
675 755
675 721
675 929
675 710
675 757
675 817
675 955
676 757
676 956
677 805
677 709
677 819
677 793
678 803
678 839
678 869
678 888
679 819
679 687
679 817
679 710
679 982
679 816
679 724
679 779
679 811
679 932
680 750
680 785
680 982
681 827
681 873
681 782
682 703
682 795
682 815
682 854
682 896
682 924
683 726
683 907
683 797
683 742
683 700
683 794
683 890
683 906
684 787
684 707
684 742
684 803
684 839
684 901
685 803
685 782
685 942
685 732
685 900
686 829
686 966
686 745
686 759
686 885
686 950
686 958
686 991
687 970
687 722
687 763
687 752
687 775
687 852
687 984
688 703
688 826
688 757
688 815
688 845
688 854
688 920
689 764
689 722
689 845
689 958
689 759
689 817
689 849
689 992
690 713
690 803
690 766
690 779
690 791
690 839
690 904
691 762
691 699
691 950
691 910
691 826
691 729
692 731
692 810
693 833
693 844
693 794
694 777
694 803
694 704
694 809
695 961
695 719
695 761
695 816
695 847
695 874
696 904
696 704
696 733
696 713
696 730
696 803
697 978
697 884
697 707
697 737
697 770
697 801
697 803
697 821
698 804
698 771
698 975
698 994
698 794
698 909
699 855
699 848
699 768
699 777
699 803
699 863
699 904
699 911
699 948
700 782
700 706
700 764
700 824
700 897
700 928
701 968
701 816
701 850
701 939
701 954
701 961
702 834
702 950
702 755
702 840
702 878
703 894
703 910
703 924
703 875
703 708
703 721
703 815
703 852
703 992
704 949
704 783
704 754
704 732
704 998
704 716
704 828
704 856
704 927
705 803
705 841
705 891
705 740
705 767
705 776
705 893
705 915
705 983
706 958
706 707
706 818
706 900
707 901
707 783
707 912
707 843
707 988
707 810
707 780
707 852
707 739
707 760
707 799
707 881
707 921
708 727
708 965
708 722
708 884
708 755
708 828
708 875
709 947
709 977
709 780
709 759
710 831
710 949
710 879
710 728
711 914
711 723
711 984
712 726
712 739
712 796
712 803
712 885
713 863
713 745
713 796
713 798
713 803
713 812
713 878
713 888
713 908
713 959
714 767
714 886
714 887
714 789
714 731
714 830
714 838
714 994
715 767
715 830
715 980
715 961
715 937
715 760
715 852
715 867
715 881
715 975
716 803
716 851
716 980
716 973
716 733
716 786
716 789
716 875
716 943
717 803
717 959
718 793
718 790
718 859
718 929
718 906
718 952
719 768
719 880
719 725
719 940
719 815
719 838
719 851
720 858
720 891
720 779
720 785
720 803
720 859
720 905
720 906
720 968
721 755
721 724
721 813
721 817
722 872
722 966
722 980
723 734
723 741
723 770
723 791
723 842
723 904
723 972
724 958
724 884
724 795
724 944
724 803
724 862
725 792
725 961
725 982
725 976
725 786
726 782
726 799
726 828
726 960
726 989
727 744
727 728
727 755
727 910
727 820
727 916
727 829
727 834
727 875
727 919
727 956
728 795
728 997
728 984
728 747
728 755
728 993
729 803
729 974
729 871
729 786
729 851
729 785
729 800
729 861
729 994
730 874
730 789
730 767
730 831
730 851
730 953
731 777
731 803
731 895
731 757
731 889
731 902
731 911
732 810
732 954
732 780
732 819
732 927
733 748
733 850
733 844
733 922
733 936
733 940
734 923
734 908
734 932
734 803
734 990
735 924
735 760
735 846
735 850
735 959
735 982
736 781
736 743
736 777
736 941
737 913
737 826
737 752
737 896
737 906
737 755
737 809
737 811
737 950
737 993
738 931
738 908
738 803
738 888
738 889
738 970
738 978
739 847
739 981
739 964
739 873
739 849
739 756
740 749
740 782
740 865
740 915
740 976
741 779
741 796
741 917
741 990
741 795
741 994
741 777
741 803
741 925
741 931
742 949
742 756
742 794
743 777
743 844
743 803
743 812
743 888
743 968
744 803
744 771
745 996
745 844
745 763
745 834
745 919
745 952
746 749
746 915
746 786
746 803
746 823
747 997
747 757
747 795
747 834
747 978
748 798
748 813
748 867
749 850
749 786
749 824
749 946
750 807
750 882
750 940
750 850
750 976
750 985
750 753
750 785
750 908
752 919
752 875
752 803
752 826
752 840
752 966
752 984
752 993
752 997
753 999
753 926
753 937
753 800
753 865
754 939
754 960
754 803
754 928
754 935
754 986
754 995
755 840
755 984
756 779
756 927
756 964
756 947
756 912
757 944
757 950
757 867
757 875
758 787
758 803
758 917
758 978
759 814
759 993
759 778
759 807
759 854
759 880
760 928
760 999
760 847
760 845
760 832
760 948
761 781
761 779
761 798
761 803
761 978
762 911
762 779
762 959
762 931
762 806
762 964
762 961
763 811
763 879
763 925
763 829
763 822
764 779
764 815
764 837
764 865
764 927
764 939
765 972
765 856
765 766
765 948
765 769
765 803
765 831
765 868
765 878
765 882
765 908
766 796
766 904
766 959
767 983
767 852
767 881
768 784
768 803
768 839
768 878
768 888
768 931
769 806
769 917
769 941
769 979
769 864
769 872
769 839
770 836
770 803
770 823
771 784
771 975
771 838
771 851
771 790
772 922
772 957
772 984
773 945
773 901
773 857
773 948
773 803
773 791
773 836
774 864
774 805
774 779
774 828
776 816
776 909
776 987
777 863
777 786
777 803
777 931
778 796
778 795
778 820
778 926
778 992
778 916
778 920
778 830
779 814
779 941
779 787
779 825
779 970
779 812
779 973
779 803
779 855
779 889
779 895
780 995
780 928
780 872
780 837
781 800
781 803
781 844
782 877
782 996
782 841
782 872
782 976
782 881
782 939
783 803
783 821
783 927
783 988
784 803
784 915
784 911
784 932
785 985
785 915
785 859
786 815
786 967
786 830
786 846
786 838
787 948
787 990
787 831
787 972
788 803
788 815
788 918
788 801
789 862
789 973
790 906
790 871
790 882
790 800
790 851
790 961
791 883
791 907
791 811
791 796
791 802
791 863
792 907
792 800
792 980
792 796
793 928
793 853
794 942
794 949
794 841
794 799
794 843
794 960
795 857
795 926
795 834
795 913
795 938
795 916
795 813
795 914
795 933
796 803
796 979
797 912
797 897
797 953
798 931
798 803
798 869
798 842
798 941
799 928
799 810
799 937
799 803
800 904
800 937
800 846
800 918
801 961
801 803
802 825
802 856
802 806
802 959
803 901
803 932
803 923
803 911
803 941
803 866
803 806
803 972
803 945
803 842
803 979
803 876
803 869
803 878
803 863
803 814
803 812
803 970
803 856
803 959
803 835
803 890
803 819
803 914
803 844
803 909
803 968
803 891
803 962
803 822
803 827
803 836
803 855
803 868
803 904
803 917
803 928
803 944
803 991
804 952
804 859
804 915
805 899
805 894
806 871
806 858
806 837
806 948
807 826
807 846
807 946
808 913
808 811
808 854
808 993
809 811
809 983
810 988
810 921
810 916
810 821
810 870
810 995
811 966
811 845
811 919
811 950
812 902
812 880
812 970
813 955
813 930
813 974
814 889
814 948
814 908
815 963
815 956
815 919
815 858
815 848
815 879
815 884
815 937
815 950
816 911
816 967
816 922
816 900
817 896
817 910
817 854
817 849
818 934
818 981
818 892
818 851
818 988
819 894
819 934
819 963
819 877
820 920
820 924
820 925
820 955
820 979
820 991
821 947
821 998
821 828
821 864
821 928
821 999
822 944
822 966
822 898
822 860
822 884
823 870
823 861
823 852
823 903
823 983
823 881
824 946
824 858
824 848
824 871
824 962
824 968
825 885
826 894
826 829
826 845
826 965
827 899
827 853
827 939
828 883
828 894
828 921
828 937
828 986
829 840
829 931
829 966
830 973
830 994
831 857
831 889
832 928
832 892
832 872
832 853
832 847
832 849
832 899
832 942
832 995
833 899
833 949
833 953
833 834
833 940
833 998
834 849
835 863
835 880
835 961
835 972
836 866
836 847
837 841
837 957
838 882
839 947
840 905
841 907
841 873
841 892
841 927
841 935
843 853
843 892
843 999
843 928
844 933
844 910
845 934
845 984
845 889
845 916
846 952
846 883
846 887
847 921
847 899
847 907
848 943
848 855
848 967
849 912
849 879
849 893
849 994
850 983
850 943
850 989
851 852
852 922
852 891
853 900
853 877
853 907
853 969
853 999
854 974
854 886
854 962
854 910
854 965
855 923
855 856
855 863
855 952
856 866
857 911
857 930
858 969
858 929
858 859
859 896
859 951
859 887
860 912
860 914
861 886
861 887
861 994
862 985
862 967
862 867
862 937
862 950
862 962
863 889
863 901
863 931
864 934
864 873
864 995
865 885
866 978
866 931
867 873
867 906
867 893
867 891
867 971
868 869
869 988
870 879
870 898
871 906
871 989
871 882
871 909
871 929
871 943
872 883
872 879
872 995
873 905
873 919
873 927
873 977
874 949
874 985
875 916
875 924
875 942
875 957
876 950
877 960
877 878
877 999
879 944
879 926
879 955
879 898
880 911
881 994
882 973
882 985
883 949
883 905
883 977
884 926
884 992
884 955
885 978
885 941
885 895
886 994
886 952
886 893
886 974
887 985
888 911
888 948
888 944
888 895
889 904
889 948
890 908
890 912
891 952
891 975
892 907
892 981
892 902
893 952
893 936
894 935
894 899
894 905
895 919
896 999
896 944
896 965
897 995
898 910
898 924
898 955
900 996
900 927
900 960
900 963
900 942
901 959
901 913
901 997
902 968
902 917
903 940
903 982
904 908
905 916
906 909
906 967
907 986
907 928
907 998
908 911
910 950
911 919
911 936
912 936
913 956
915 922
916 958
917 977
918 919
918 934
920 938
920 974
922 962
924 933
924 991
925 950
925 926
926 957
927 998
927 969
927 996
928 949
928 995
929 994
931 932
931 978
932 955
933 991
934 988
934 977
935 952
936 979
936 978
937 989
937 961
937 971
938 992
940 952
941 942
942 953
943 967
943 985
944 950
944 966
945 978
946 951
946 978
947 967
947 996
948 978
951 958
951 961
951 987
952 987
952 989
953 996
953 999
954 958
954 962
955 966
956 957
956 970
957 984
959 998
962 998
962 989
963 991
964 986
965 992
966 997
966 974
968 994
968 987
968 973
970 978
971 973
973 980
982 999
984 993
985 989
998 999
