0 680
0 260
0 626
0 53
0 517
0 527
0 712
0 888
0 964
0 117
0 135
0 150
0 254
0 451
0 452
0 503
0 611
0 646
0 726
0 826
0 917
0 918
1 757
1 530
1 299
1 797
1 131
1 846
1 162
1 451
1 752
1 4
1 500
1 230
1 285
1 20
1 86
1 264
1 336
1 389
1 393
1 539
1 572
1 708
1 911
1 932
1 949
2 751
2 439
2 217
2 833
2 83
2 272
2 322
2 580
2 594
2 633
2 657
2 710
2 748
2 773
2 800
2 831
2 890
3 412
3 41
3 912
3 596
3 914
3 292
3 107
3 676
3 29
3 37
3 44
3 74
3 75
3 150
3 224
3 300
3 309
3 370
3 674
3 703
3 748
3 888
3 958
3 996
4 996
4 218
4 376
4 189
4 570
4 986
4 905
4 116
4 146
4 180
4 221
4 313
4 348
4 436
4 460
4 497
4 500
4 525
4 550
4 778
4 884
4 962
5 867
5 882
5 818
5 785
5 280
5 964
5 494
5 252
5 781
5 285
5 165
5 273
5 373
5 393
5 516
5 691
5 809
5 859
6 694
6 685
6 169
6 562
6 344
6 750
6 600
6 298
6 849
6 946
6 313
6 541
6 416
6 812
6 340
6 8
6 19
6 173
6 361
6 365
6 407
6 501
6 757
6 762
7 362
7 209
7 48
7 727
7 202
7 798
7 922
7 424
7 285
7 290
7 12
7 45
7 46
7 65
7 89
7 127
7 185
7 193
7 201
7 218
7 262
7 684
7 722
7 730
7 734
7 744
8 823
8 640
8 94
8 153
8 454
8 834
8 442
8 159
8 164
8 179
8 293
8 303
8 433
8 592
8 607
8 692
8 767
8 791
8 799
8 813
8 921
9 876
9 439
9 992
9 711
9 178
9 569
9 570
9 963
9 927
9 135
9 196
9 208
9 489
9 504
9 652
9 741
9 759
9 779
9 809
9 867
9 895
9 971
10 172
10 285
10 844
10 955
10 739
10 123
10 199
10 20
10 196
10 204
10 378
10 448
10 537
10 597
10 656
10 938
10 995
11 912
11 261
11 957
11 472
11 625
11 991
11 741
11 462
11 111
11 814
11 670
11 214
11 216
11 780
11 60
11 144
11 217
11 344
11 710
11 723
11 755
11 834
11 877
11 907
11 979
12 611
12 466
12 777
12 130
12 650
12 833
12 786
12 79
12 509
12 566
12 91
12 275
12 155
12 476
12 46
12 48
12 253
12 285
12 648
12 712
12 864
13 700
13 635
13 197
13 170
13 725
13 369
13 550
13 763
13 999
13 75
13 238
13 479
13 601
13 285
13 287
13 736
13 954
13 26
13 404
13 674
13 875
14 343
14 580
14 577
14 549
14 940
14 843
14 882
14 894
14 125
14 241
14 29
14 344
14 482
14 669
14 748
15 569
15 334
15 890
15 538
15 695
15 119
15 44
15 231
15 284
15 294
15 321
15 461
15 463
15 513
15 536
15 543
15 565
15 629
15 744
15 761
15 874
15 940
16 909
16 658
16 446
16 466
16 917
16 103
16 740
16 394
16 275
16 617
16 555
16 848
16 535
16 345
16 772
16 982
16 699
16 285
16 21
16 55
16 175
16 332
16 423
16 630
16 649
17 841
17 364
17 871
17 241
17 861
17 292
17 171
17 424
17 165
17 966
17 676
17 73
17 116
17 173
17 230
17 285
17 402
17 495
17 561
17 683
17 994
18 120
18 767
18 42
18 250
18 303
18 945
18 339
18 26
18 628
18 801
18 304
18 344
18 728
18 78
18 30
18 104
18 327
18 348
18 508
18 572
18 602
18 632
18 643
18 761
18 819
18 851
18 962
19 120
19 761
19 261
19 782
19 228
19 873
19 23
19 515
19 819
19 352
19 25
19 522
19 83
19 101
19 146
19 302
19 572
19 593
19 599
19 793
19 796
20 190
20 622
20 839
20 800
20 925
20 285
20 806
20 911
20 464
20 599
20 27
20 34
20 69
20 142
20 275
20 318
20 418
20 522
20 544
20 630
20 648
20 715
20 785
20 821
20 976
21 746
21 666
21 221
21 158
21 964
21 776
21 684
21 771
21 972
21 476
21 230
21 551
21 333
21 285
21 171
21 871
21 115
21 861
21 114
21 201
21 335
21 807
21 966
22 37
22 794
22 84
22 158
22 481
22 819
22 558
22 489
22 26
22 23
22 581
22 525
22 679
22 563
22 41
22 112
22 330
22 404
22 548
22 745
22 801
22 843
23 31
23 184
23 446
23 745
23 310
23 440
23 77
23 382
23 690
23 286
23 63
23 364
23 963
23 558
23 923
23 572
23 48
23 104
23 129
23 404
23 458
23 489
23 586
23 637
23 756
24 594
24 529
24 756
24 328
24 934
24 402
24 695
24 158
24 458
24 503
24 572
24 605
24 745
24 763
24 801
24 812
24 819
24 999
25 118
25 740
25 919
25 158
25 546
25 540
25 649
25 647
25 285
25 154
25 167
25 188
25 237
25 325
25 458
25 552
25 570
25 602
25 619
25 661
25 778
25 786
25 875
25 981
25 983
26 963
26 585
26 331
26 75
26 147
26 238
26 313
26 338
26 348
26 422
26 521
26 546
26 562
26 613
26 762
26 769
26 852
26 896
26 927
26 934
27 915
27 162
27 58
27 371
27 802
27 597
27 285
27 715
27 888
27 43
27 47
27 151
27 199
27 292
27 302
27 561
27 570
27 739
27 884
27 910
28 150
28 842
28 814
28 322
28 492
28 285
28 442
28 78
28 149
28 173
28 184
28 282
28 296
28 372
28 511
28 670
28 694
28 760
28 790
28 961
28 967
29 439
29 353
29 890
29 569
29 412
29 933
29 43
29 915
29 408
29 960
29 856
29 413
29 591
29 653
29 32
29 86
29 217
29 236
29 507
29 751
29 761
29 895
29 936
30 387
30 251
30 137
30 523
30 784
30 990
30 246
30 566
30 862
30 77
30 125
30 189
30 223
30 395
30 507
30 628
30 647
30 769
30 783
30 886
30 919
30 930
30 950
30 954
31 877
31 944
31 232
31 991
31 537
31 363
31 631
31 872
31 32
31 167
31 321
31 353
31 380
31 383
31 390
31 600
31 603
31 609
31 637
31 847
31 858
31 874
31 949
32 940
32 38
32 207
32 992
32 253
32 556
32 109
32 902
32 714
32 846
32 103
32 546
32 381
32 192
32 49
32 240
32 336
32 358
32 385
32 387
32 791
32 931
32 999
33 316
33 58
33 745
33 262
33 531
33 803
33 75
33 167
33 173
33 265
33 523
33 554
33 572
33 657
33 728
33 894
33 914
34 473
34 507
34 606
34 86
34 850
34 848
34 584
34 620
34 736
34 119
34 423
34 243
34 888
34 73
34 806
34 597
34 995
34 955
34 442
34 89
34 116
34 335
34 146
34 295
34 332
34 397
34 457
34 486
34 555
34 568
34 587
34 737
34 742
34 950
35 933
35 657
35 801
35 872
35 199
35 610
35 292
35 154
35 345
35 864
35 829
35 89
35 133
35 206
35 268
35 285
35 344
35 396
35 623
35 631
35 634
35 739
35 863
35 926
35 938
36 282
36 358
36 439
36 935
36 314
36 183
36 923
36 44
36 217
36 237
36 343
36 503
36 627
36 720
36 800
37 761
37 629
37 469
37 421
37 446
37 885
37 120
37 353
37 654
37 739
37 762
37 790
37 811
37 845
37 865
37 906
37 967
38 654
38 625
38 60
38 414
38 297
38 991
38 598
38 274
38 463
38 517
38 885
38 409
38 129
38 178
38 294
38 448
38 540
38 556
38 609
38 955
39 609
39 282
39 61
39 760
39 843
39 322
39 868
39 590
39 559
39 119
39 318
39 230
39 277
39 297
39 461
39 536
39 598
39 642
39 746
39 862
39 952
39 999
40 988
40 882
40 881
40 709
40 779
40 85
40 590
40 855
40 677
40 333
40 836
40 776
40 241
40 42
40 52
40 93
40 376
40 496
40 697
40 773
41 843
41 380
41 569
41 463
41 935
41 468
41 296
41 207
41 997
41 680
41 839
41 315
41 712
41 691
41 770
41 104
41 247
41 431
41 439
41 509
41 587
41 627
41 744
41 764
41 958
41 964
42 666
42 363
42 820
42 377
42 164
42 717
42 908
42 52
42 133
42 777
42 202
42 105
42 93
42 94
42 121
42 147
42 248
42 275
42 410
42 503
42 672
42 755
43 239
43 935
43 258
43 635
43 212
43 991
43 99
43 658
43 408
43 312
43 412
43 54
43 365
43 712
43 205
43 207
43 387
43 414
43 876
43 880
44 45
44 545
44 296
44 935
44 312
44 99
44 742
44 170
44 392
44 703
44 76
44 190
44 231
44 232
44 285
44 475
44 694
44 835
44 910
44 988
45 470
45 877
45 878
45 359
45 863
45 251
45 492
45 405
45 670
45 449
45 485
45 486
45 90
45 292
45 526
45 560
45 588
45 643
45 706
45 755
45 814
45 909
46 149
46 605
46 660
46 429
46 698
46 255
46 911
46 772
46 74
46 111
46 123
46 247
46 285
46 289
46 338
46 393
46 440
46 490
46 506
46 542
46 617
46 670
46 699
46 848
46 862
46 896
46 950
47 673
47 963
47 978
47 342
47 712
47 850
47 973
47 268
47 89
47 119
47 191
47 285
47 292
47 303
47 572
47 660
47 825
47 885
47 946
48 678
48 961
48 636
48 627
48 693
48 528
48 682
48 670
48 919
48 781
48 566
48 78
48 86
48 153
48 163
48 242
48 288
48 317
48 335
48 475
48 505
48 507
48 572
48 726
48 728
48 813
48 985
49 586
49 421
49 418
49 819
49 64
49 563
49 241
49 783
49 870
49 135
49 285
49 302
49 584
49 614
49 683
49 513
49 464
49 154
49 471
49 486
49 630
49 635
49 699
49 884
49 897
50 991
50 876
50 926
50 366
50 794
50 314
50 414
50 448
50 380
50 863
50 274
50 933
50 202
50 75
50 419
50 950
50 280
50 988
51 779
51 354
51 636
51 854
51 308
51 725
51 686
51 388
51 881
51 597
51 506
51 139
51 94
51 113
51 213
51 255
51 515
51 527
51 579
51 681
52 144
52 717
52 747
52 813
52 677
52 961
52 673
52 662
52 450
52 245
52 627
52 354
52 326
52 511
52 202
52 782
52 104
52 78
52 824
52 97
52 118
52 130
52 258
52 356
52 545
52 552
52 657
52 753
52 766
52 838
53 370
53 663
53 202
53 662
53 855
53 316
53 859
53 351
53 574
53 211
53 360
53 389
53 393
53 450
53 451
53 499
53 539
53 624
53 823
54 742
54 437
54 408
54 448
54 291
54 109
54 863
54 59
54 321
54 204
54 96
54 483
54 589
54 755
54 760
54 944
54 975
55 960
55 437
55 149
55 323
55 603
55 639
55 939
55 244
55 749
55 95
55 99
55 261
55 336
55 466
55 516
55 569
55 720
55 724
55 762
55 795
55 906
55 910
56 297
56 314
56 787
56 289
56 479
56 440
56 63
56 177
56 390
56 707
56 735
56 786
56 859
56 977
57 446
57 274
57 59
57 687
57 491
57 401
57 409
57 391
57 142
57 621
57 884
57 67
57 225
57 258
57 285
57 432
57 461
57 512
57 564
57 613
57 644
57 876
58 663
58 717
58 82
58 500
58 447
58 852
58 554
58 899
58 558
58 927
58 165
58 649
58 166
58 96
58 392
58 456
58 550
58 664
58 786
58 935
58 974
59 741
59 251
59 76
59 810
59 446
59 559
59 812
59 619
59 852
59 346
59 124
59 144
59 334
59 337
59 372
59 461
59 578
59 622
59 632
59 724
59 763
59 859
59 864
59 969
60 962
60 658
60 470
60 711
60 960
60 236
60 200
60 493
60 285
60 144
60 151
60 184
60 231
60 297
60 370
60 432
60 446
60 498
60 510
60 671
60 681
60 723
60 731
60 739
60 912
60 969
61 967
61 811
61 472
61 439
61 291
61 702
61 98
61 530
61 616
61 405
61 796
61 699
61 165
61 743
61 133
61 149
61 475
61 502
61 639
61 706
61 856
61 944
61 957
61 991
62 677
62 632
62 892
62 83
62 218
62 458
62 82
62 247
62 570
62 518
62 419
62 89
62 298
62 328
62 369
62 440
62 594
62 651
63 985
63 724
63 583
63 608
63 979
63 78
63 534
63 778
63 129
63 181
63 208
63 252
63 295
63 327
63 343
63 344
63 518
63 572
63 580
63 659
63 796
63 953
64 556
64 741
64 282
64 902
64 674
64 572
64 338
64 591
64 88
64 750
64 246
64 945
64 101
64 113
64 644
64 289
64 453
64 529
64 661
64 974
64 987
65 306
65 840
65 428
65 929
65 683
65 285
65 327
65 267
65 442
65 480
65 494
65 601
65 862
65 871
65 872
66 810
66 611
66 752
66 137
66 594
66 308
66 767
66 503
66 403
66 96
66 612
66 247
66 211
66 264
66 330
66 662
66 677
66 678
67 196
67 998
67 517
67 921
67 756
67 110
67 171
67 180
67 208
67 259
67 300
67 322
67 359
67 526
67 738
67 744
67 805
67 845
67 940
68 322
68 396
68 594
68 846
68 520
68 585
68 977
68 833
68 402
68 368
68 575
68 515
68 803
68 765
68 285
68 114
68 482
68 608
68 614
68 759
68 990
69 76
69 388
69 357
69 174
69 736
69 285
69 715
69 494
69 532
69 256
69 482
69 623
69 631
69 649
69 765
69 816
69 966
69 984
69 995
70 421
70 321
70 278
70 722
70 572
70 600
70 826
70 602
70 585
70 266
70 301
70 850
70 104
70 151
70 238
70 460
70 519
70 627
70 628
70 728
70 733
70 735
70 796
70 807
70 885
71 385
71 446
71 588
71 751
71 616
71 932
71 592
71 857
71 793
71 571
71 859
71 650
71 117
71 590
71 667
71 519
71 488
71 179
71 496
71 841
72 406
72 293
72 682
72 147
72 173
72 776
72 95
72 121
72 134
72 364
72 414
72 519
72 523
72 638
72 799
72 855
73 97
73 564
73 419
73 719
73 108
73 115
73 142
73 213
73 332
73 455
73 551
73 581
73 652
73 736
73 844
73 901
74 76
74 720
74 102
74 907
74 461
74 477
74 877
74 372
74 759
74 204
74 840
74 875
74 520
74 534
74 676
74 255
74 427
74 598
74 603
74 662
74 687
74 910
74 979
74 981
74 985
75 549
75 377
75 682
75 376
75 375
75 980
75 407
75 886
75 460
75 340
75 938
75 105
75 112
75 151
75 156
75 173
75 198
75 266
75 277
75 281
75 687
75 761
75 875
76 991
76 217
76 915
76 475
76 625
76 446
76 835
76 331
76 460
76 697
76 771
76 93
76 137
76 180
76 181
76 261
76 291
76 341
76 353
76 392
76 414
76 434
76 437
76 448
76 572
76 646
76 678
76 706
76 757
76 849
76 957
76 997
77 793
77 377
77 137
77 653
77 113
77 223
77 440
77 125
77 224
77 336
77 338
77 570
77 670
77 750
77 796
77 809
78 710
78 817
78 835
78 188
78 413
78 175
78 303
78 963
78 166
78 190
78 255
78 382
78 431
78 478
78 525
78 555
78 558
78 585
78 609
78 813
78 873
78 906
78 959
79 662
79 104
79 189
79 948
79 803
79 201
79 771
79 853
79 497
79 103
79 267
79 409
79 411
79 724
79 792
79 869
79 970
79 978
80 989
80 419
80 285
80 555
80 905
80 199
80 391
80 371
80 412
80 447
80 629
80 634
80 738
80 872
80 935
80 951
80 973
80 995
81 537
81 180
81 639
81 847
81 337
81 477
81 565
81 930
81 996
81 291
81 350
81 581
81 453
81 829
81 966
81 222
81 98
81 296
81 300
81 420
81 695
81 744
81 890
81 933
81 953
81 969
82 720
82 702
82 629
82 956
82 361
82 703
82 460
82 581
82 378
82 948
82 157
82 331
82 402
82 425
82 443
82 458
82 525
82 572
82 674
82 792
82 798
82 858
82 919
83 143
83 805
83 164
83 246
83 175
83 273
83 125
83 211
83 600
83 382
83 236
83 93
83 200
83 244
83 250
83 289
83 347
83 585
83 703
83 735
83 787
83 899
84 314
84 475
84 517
84 386
84 968
84 679
84 158
84 574
84 546
84 105
84 775
84 436
84 279
84 990
84 787
84 555
84 113
84 330
84 338
84 431
84 496
84 591
84 616
84 785
85 420
85 686
85 578
85 210
85 854
85 590
85 311
85 725
85 512
85 99
85 147
85 163
85 170
85 265
85 320
85 363
85 428
85 451
85 475
85 528
85 571
85 759
85 797
85 804
85 873
85 958
85 999
86 261
86 411
86 162
86 245
86 681
86 257
86 94
86 779
86 989
86 501
86 808
86 250
86 424
86 97
86 103
86 195
86 226
86 445
86 459
86 492
86 507
86 515
86 530
86 573
86 765
86 799
87 291
87 168
87 277
87 177
87 328
87 610
87 495
87 497
87 587
87 201
87 360
88 358
88 746
88 939
88 340
88 852
88 328
88 945
88 987
88 534
88 225
88 159
88 173
88 313
88 440
88 698
88 766
88 979
88 984
89 717
89 177
89 508
89 285
89 166
89 268
89 139
89 146
89 280
89 332
89 367
89 415
89 780
89 803
89 853
89 994
90 408
90 790
90 136
90 910
90 992
90 462
90 876
90 294
90 732
90 791
90 548
90 387
90 351
90 346
90 656
90 911
90 665
90 157
90 159
90 317
90 337
90 710
90 782
90 898
91 111
91 988
91 242
91 978
91 285
91 491
91 132
91 263
91 401
91 409
91 445
91 485
91 576
91 577
91 836
91 837
91 884
91 976
92 878
92 523
92 211
92 177
92 181
92 345
92 367
92 412
92 416
92 453
92 464
92 537
92 558
92 572
92 574
92 618
92 637
92 776
92 815
92 826
92 834
92 930
92 942
93 545
93 123
93 225
93 942
93 712
93 410
93 285
93 192
93 124
93 256
93 319
93 381
93 435
93 556
93 601
93 656
93 672
93 733
93 939
94 358
94 991
94 196
94 846
94 249
94 137
94 817
94 179
94 651
94 127
94 132
94 162
94 182
94 278
94 449
94 640
94 793
94 804
94 808
94 813
94 830
94 860
94 879
95 694
95 537
95 846
95 110
95 265
95 294
95 343
95 369
95 379
95 439
95 444
95 549
95 604
95 616
95 723
95 814
95 883
95 969
95 986
96 369
96 798
96 236
96 310
96 188
96 892
96 583
96 113
96 618
96 376
96 246
96 515
96 429
96 506
96 129
96 159
96 173
96 305
96 382
96 431
96 632
96 749
96 949
96 999
97 451
97 994
97 315
97 524
97 459
97 428
97 351
97 767
97 596
97 245
97 248
97 846
97 153
97 254
97 307
97 584
97 101
97 179
97 182
97 324
97 549
97 813
97 817
98 761
98 707
98 469
98 994
98 320
98 316
98 640
98 489
98 919
98 739
98 147
98 179
98 209
98 285
98 311
98 350
98 461
98 554
98 689
98 737
98 747
98 779
98 800
98 813
99 992
99 952
99 217
99 633
99 956
99 293
99 729
99 904
99 697
99 738
99 472
99 495
99 631
99 658
99 736
99 791
99 843
100 386
100 362
100 673
100 681
100 797
100 947
100 813
100 921
100 729
100 202
100 316
100 624
100 987
100 954
100 103
100 148
100 234
100 254
100 311
100 320
100 428
100 451
100 517
100 560
100 703
100 710
100 759
100 831
100 855
100 993
101 498
101 991
101 545
101 916
101 890
101 358
101 147
101 789
101 286
101 534
101 273
101 728
101 422
101 520
101 778
101 151
101 195
101 266
101 303
101 384
101 427
101 456
101 522
101 829
101 906
101 918
101 919
101 969
102 556
102 945
102 375
102 349
102 697
102 120
102 251
102 304
102 341
102 353
102 380
102 420
102 527
102 566
102 569
102 570
102 700
102 768
102 791
102 820
102 867
102 944
102 998
103 385
103 117
103 596
103 326
103 766
103 857
103 533
103 223
103 211
103 212
103 260
103 348
103 365
103 423
103 438
103 552
103 559
103 657
103 738
103 767
103 773
103 784
103 961
104 827
104 444
104 363
104 310
104 536
104 161
104 113
104 990
104 220
104 187
104 489
104 392
104 171
104 159
104 177
104 189
104 304
104 558
104 585
104 641
104 723
104 739
104 750
104 834
104 928
105 959
105 994
105 750
105 523
105 338
105 235
105 976
105 285
105 200
105 250
105 665
106 761
106 384
106 343
106 931
106 207
106 404
106 525
106 405
106 285
106 911
106 487
106 700
106 714
106 756
106 929
106 934
106 968
107 944
107 539
107 450
107 348
107 743
107 409
107 464
107 371
107 837
107 730
107 836
107 124
107 383
107 439
107 455
107 614
107 693
108 910
108 633
108 153
108 759
108 959
108 798
108 229
108 442
108 870
108 736
108 642
108 783
108 346
108 564
108 807
108 410
108 955
108 976
108 201
108 795
108 834
108 951
109 372
109 156
109 652
109 992
109 385
109 885
109 333
109 285
109 302
109 642
109 149
109 150
109 380
109 650
109 711
109 966
110 970
110 707
110 957
110 761
110 462
110 325
110 694
110 997
110 351
110 121
110 235
110 557
110 405
110 561
110 183
110 184
110 233
110 285
110 343
110 352
110 641
110 688
110 791
110 998
111 496
111 344
111 731
111 199
111 285
111 295
111 303
111 387
111 412
111 551
111 580
111 691
111 857
111 962
111 988
112 957
112 162
112 362
112 567
112 310
112 899
112 983
112 664
112 340
112 305
112 240
112 628
112 999
112 703
112 159
112 378
112 451
112 460
112 583
112 605
113 706
113 588
113 396
113 329
113 580
113 197
113 789
113 240
113 849
113 395
113 236
113 200
113 178
113 205
113 264
113 382
113 471
113 572
113 593
113 602
113 620
113 632
113 899
114 285
114 378
114 464
114 410
114 576
114 154
114 802
114 955
114 206
114 551
114 335
114 587
114 641
114 792
114 986
115 240
115 572
115 442
115 222
115 929
115 119
115 129
115 246
115 285
115 290
115 332
115 408
115 564
115 568
115 584
115 621
115 807
115 824
115 900
115 925
115 964
115 996
116 134
116 777
116 571
116 316
116 618
116 191
116 223
116 226
116 292
116 346
116 464
116 502
116 506
116 700
116 984
117 847
117 315
117 284
117 260
117 308
117 626
117 133
117 137
117 264
117 375
117 418
117 650
117 846
117 893
117 971
117 994
118 510
118 358
118 645
118 657
118 164
118 133
118 918
118 141
118 866
118 882
118 182
118 579
118 340
118 576
118 884
118 254
118 285
118 342
118 424
118 496
118 501
118 505
118 612
118 624
118 626
118 680
118 779
118 936
119 865
119 487
119 547
119 203
119 318
119 319
119 302
119 976
119 884
119 901
119 285
119 986
119 275
119 345
119 564
119 601
119 623
119 631
119 634
119 765
119 803
120 144
120 336
120 282
120 741
120 178
120 643
120 157
120 794
120 687
120 180
120 213
120 217
120 291
120 332
120 343
120 537
120 555
120 632
120 696
120 714
120 956
120 965
120 969
120 991
121 462
121 527
121 688
121 777
121 492
121 444
121 645
121 249
121 163
121 388
121 789
121 591
121 518
121 285
121 356
121 475
121 820
121 866
121 921
121 961
122 261
122 890
122 958
122 326
122 390
122 572
122 896
122 123
122 285
122 601
122 597
122 438
122 487
122 509
122 535
122 576
122 667
122 870
122 929
122 984
123 555
123 302
123 152
123 419
123 816
123 201
123 202
123 285
123 363
123 382
123 387
123 467
123 521
123 642
123 671
123 750
123 888
123 962
124 181
124 182
124 374
124 365
124 773
124 678
124 467
124 299
124 881
124 527
124 131
124 133
124 961
124 606
124 680
124 518
124 495
124 542
124 228
124 335
124 405
124 428
124 433
124 533
124 631
125 274
125 686
125 198
125 572
125 581
125 518
125 591
125 285
125 423
125 178
125 223
125 246
125 272
125 425
125 443
125 486
125 834
125 839
125 855
125 916
126 507
126 458
126 572
126 198
126 364
126 845
126 489
126 602
126 173
126 190
126 196
126 200
126 234
126 240
126 271
126 348
126 405
126 407
126 456
126 583
126 693
126 740
126 745
126 756
126 981
127 306
127 358
127 753
127 798
127 966
127 145
127 978
127 901
127 146
127 698
127 383
127 712
127 615
127 136
127 206
127 375
127 391
127 399
127 438
127 557
127 675
127 683
127 730
127 819
127 853
127 911
127 928
127 963
128 800
128 616
128 365
128 927
128 659
128 425
128 285
128 397
128 738
128 464
128 802
128 900
128 165
128 287
128 309
128 371
128 455
128 476
128 646
128 665
128 765
128 790
129 940
129 215
129 728
129 851
129 980
129 310
129 703
129 679
129 690
129 734
129 518
129 392
129 736
129 888
129 391
129 243
129 407
129 515
129 572
129 693
129 722
129 760
130 212
130 556
130 686
130 317
130 854
130 709
130 667
130 505
130 846
130 203
130 243
130 248
130 276
130 326
130 350
130 354
130 393
130 406
130 465
130 507
130 528
130 681
130 682
130 705
130 967
131 314
131 757
131 939
131 968
131 854
131 747
131 377
131 855
131 215
131 769
131 798
131 392
131 807
131 165
131 134
131 254
131 322
131 351
131 354
131 611
131 722
131 891
131 917
132 282
132 856
132 855
132 418
132 989
132 997
132 939
132 626
132 854
132 164
132 351
132 527
132 406
132 536
132 981
132 395
132 634
132 307
132 905
133 543
133 233
133 997
133 839
133 624
133 202
133 681
133 167
133 597
133 374
133 449
133 499
133 517
133 584
133 607
133 631
133 640
133 809
133 879
134 636
134 492
134 645
134 365
134 784
134 529
134 330
134 925
134 207
134 254
134 484
134 654
134 684
134 807
134 808
134 821
134 831
134 844
135 918
135 833
135 602
135 381
135 435
135 920
135 449
135 942
135 758
135 488
135 145
135 698
135 152
135 222
135 274
135 394
135 894
136 329
136 297
136 625
136 237
136 609
136 732
136 556
136 827
136 911
136 141
136 285
136 385
136 445
136 542
136 586
136 761
136 824
136 939
137 685
137 579
137 374
137 859
137 539
137 855
137 823
137 693
137 657
137 779
137 689
137 158
137 260
137 348
137 390
137 459
137 503
137 632
137 729
137 866
138 598
138 452
138 881
138 163
138 840
138 228
138 773
138 932
138 666
138 695
138 474
138 174
138 285
138 306
138 350
138 465
138 538
139 297
139 408
139 808
139 725
139 833
139 825
139 333
139 889
139 816
139 770
139 231
139 267
139 291
139 464
139 488
139 563
139 675
139 815
139 895
139 982
140 569
140 609
140 469
140 231
140 761
140 760
140 294
140 388
140 257
140 793
140 981
140 347
140 522
140 185
140 144
140 239
140 291
140 472
140 583
140 592
140 638
140 757
140 862
141 190
141 761
141 696
141 725
141 153
141 173
141 951
141 170
141 179
141 244
141 285
141 317
141 336
141 352
141 465
141 573
141 624
141 673
141 723
141 726
141 749
141 808
141 840
141 859
141 973
141 994
142 935
142 993
142 219
142 198
142 825
142 942
142 738
142 660
142 521
142 587
142 290
142 155
142 430
142 665
142 409
142 285
142 146
142 345
142 517
142 710
142 739
142 785
143 264
143 164
143 752
143 841
143 492
143 596
143 213
143 289
143 324
143 356
143 365
143 441
143 568
143 766
143 860
143 921
143 924
143 945
143 947
143 966
144 996
144 261
144 150
144 367
144 149
144 625
144 940
144 958
144 890
144 359
144 732
144 291
144 846
144 568
144 440
144 953
144 189
144 409
144 201
144 287
144 897
144 285
144 212
144 337
144 790
145 246
145 328
145 203
145 922
145 285
145 807
145 738
145 942
145 617
145 493
145 430
145 683
145 491
145 513
145 780
145 309
145 333
145 395
145 402
145 483
145 544
145 704
145 743
145 803
145 804
145 950
146 472
146 231
146 519
146 698
146 285
146 772
146 597
146 802
146 758
146 311
146 497
146 544
146 564
146 673
146 913
146 924
146 984
147 261
147 912
147 510
147 761
147 288
147 403
147 254
147 856
147 640
147 293
147 854
147 753
147 467
147 308
147 727
147 515
147 834
147 888
147 824
147 160
147 278
147 285
147 329
147 559
147 657
147 692
147 890
148 461
148 725
148 191
148 730
148 780
148 174
148 235
148 285
148 356
148 511
148 533
148 534
148 561
148 576
148 630
148 770
148 850
148 951
149 510
149 970
149 193
149 916
149 441
149 775
149 307
149 812
149 196
149 246
149 258
149 290
149 297
149 299
149 340
149 419
149 511
149 588
149 827
149 843
149 874
149 880
149 931
150 439
150 300
150 956
150 463
150 366
150 537
150 426
150 859
150 819
150 979
150 591
150 593
150 178
150 437
150 457
150 599
150 700
150 832
150 991
151 768
151 604
151 811
151 398
151 288
151 777
151 585
151 489
151 885
151 934
151 754
151 413
151 285
151 181
151 266
151 271
151 388
151 425
151 572
151 695
151 812
151 905
152 571
152 928
152 948
152 285
152 850
152 482
152 256
152 900
152 513
152 784
152 825
152 897
152 913
152 990
153 947
153 530
153 215
153 662
153 552
153 428
153 195
153 666
153 636
153 640
153 823
153 376
153 514
153 576
153 162
153 224
153 267
153 285
153 364
153 568
153 571
153 645
153 687
153 871
154 213
154 563
154 774
154 836
154 285
154 837
154 371
154 165
154 243
154 335
154 642
154 853
154 987
155 193
155 967
155 472
155 960
155 278
155 375
155 252
155 928
155 584
155 719
155 836
155 285
155 418
155 697
156 380
156 658
156 931
156 398
156 876
156 571
156 828
156 164
156 813
156 561
156 296
156 343
156 439
156 483
156 588
156 612
156 622
156 741
156 973
157 878
157 309
157 744
157 706
157 757
157 606
157 636
157 763
157 701
157 491
157 824
157 232
157 285
157 336
157 421
157 439
157 483
157 893
157 910
158 956
158 586
158 879
158 356
158 187
158 602
158 546
158 273
158 648
158 236
158 304
158 390
158 504
158 646
158 659
158 979
158 981
159 998
159 367
159 752
159 886
159 646
159 618
159 990
159 781
159 247
159 291
159 487
159 591
159 632
159 838
159 868
159 944
160 677
160 592
160 350
160 881
160 917
160 579
160 858
160 866
160 989
160 365
160 182
160 766
160 489
160 661
160 701
160 415
160 919
160 781
160 290
160 411
160 530
160 759
160 798
160 840
160 846
160 868
161 358
161 968
161 273
161 572
161 489
161 849
161 436
161 187
161 554
161 919
161 837
161 188
161 236
161 360
161 375
161 456
161 466
161 478
161 491
161 562
161 570
161 765
161 819
162 711
162 437
162 746
162 839
162 210
162 804
162 244
162 571
162 831
162 418
162 552
162 326
162 320
162 227
162 291
162 533
162 578
162 717
162 766
162 772
162 962
163 284
163 517
163 636
163 224
163 817
163 388
163 210
163 932
163 533
163 854
163 650
163 961
163 591
163 386
163 649
163 671
163 753
163 788
163 914
164 846
164 921
164 682
164 219
164 403
164 989
164 376
164 690
164 210
164 236
164 244
164 245
164 419
164 479
164 486
164 568
164 594
164 656
164 788
164 826
164 830
164 858
164 939
165 540
165 379
165 905
165 285
165 214
165 422
165 564
165 807
166 411
166 387
166 408
166 904
166 954
166 668
166 982
166 229
166 413
166 491
166 697
166 704
166 712
166 761
166 907
166 928
166 964
167 498
167 851
167 819
167 413
167 818
167 304
167 628
167 953
167 328
167 990
167 431
167 417
167 216
167 238
167 390
167 834
168 958
168 788
168 590
168 932
168 553
168 247
168 355
168 363
168 386
168 458
168 593
168 678
168 858
169 726
169 406
169 636
169 511
169 362
169 722
169 677
169 993
169 959
169 777
169 236
169 209
169 233
169 342
169 353
169 444
169 465
169 517
169 563
169 693
169 715
169 806
169 808
169 846
169 877
169 946
169 985
170 537
170 606
170 939
170 932
170 752
170 607
170 828
170 213
170 914
170 636
170 688
170 841
170 854
170 947
170 674
170 179
170 183
170 315
170 316
170 365
170 428
170 476
170 547
170 673
170 687
170 756
170 764
170 819
170 856
170 948
171 601
171 464
171 719
171 731
171 848
171 317
171 366
171 395
171 756
171 850
171 889
171 909
172 178
172 590
172 828
172 993
172 839
172 272
172 805
172 657
172 840
172 932
172 284
172 666
172 310
172 188
172 216
172 816
172 972
172 219
172 503
172 767
172 887
173 182
173 673
173 572
173 214
173 487
173 520
173 977
173 269
173 555
173 298
173 608
173 944
174 985
174 831
174 534
174 474
174 713
174 905
174 647
174 394
174 429
174 285
174 347
174 884
174 920
174 280
174 457
174 634
174 733
174 856
174 911
175 249
175 210
175 640
175 558
175 862
175 180
175 245
175 338
175 339
175 369
175 382
175 515
175 541
175 572
175 659
175 708
175 784
175 852
175 903
176 746
176 933
176 967
176 446
176 658
176 975
176 300
176 645
176 766
176 234
176 575
176 213
176 336
176 337
176 409
176 411
176 432
176 473
176 549
176 556
176 642
176 723
176 867
176 917
176 949
177 787
177 311
177 362
177 390
177 481
177 546
177 708
177 788
177 919
177 979
178 944
178 372
178 700
178 196
178 842
178 300
178 556
178 261
178 350
178 868
178 326
178 981
178 218
178 223
178 189
178 251
178 381
178 446
178 543
178 639
178 965
178 990
179 609
179 484
179 472
179 902
179 315
179 374
179 989
179 823
179 197
179 851
179 781
179 772
179 196
179 245
179 308
179 590
179 644
179 678
179 747
179 762
179 826
179 831
179 840
179 860
180 556
180 421
180 710
180 658
180 919
180 617
180 468
180 470
180 480
180 910
180 971
180 981
181 470
181 707
181 658
181 270
181 761
181 361
181 204
181 340
181 532
181 191
181 219
181 434
181 566
181 714
181 797
181 823
181 900
181 917
181 950
181 952
181 962
182 274
182 975
182 932
182 908
182 854
182 688
182 350
182 677
182 539
182 777
182 756
182 407
182 536
182 342
182 203
182 270
182 288
182 315
182 361
182 572
182 644
182 648
182 652
182 801
182 811
182 917
183 420
183 580
183 543
183 469
183 652
183 867
183 475
183 647
183 455
183 477
183 509
183 561
183 611
183 694
183 832
183 967
183 985
184 461
184 658
184 880
184 714
184 548
184 991
184 707
184 232
184 384
184 949
184 706
184 224
184 782
184 220
184 983
184 472
184 494
184 581
184 705
185 880
185 793
185 932
185 881
185 947
185 787
185 911
185 848
185 429
185 285
185 442
185 243
185 292
185 324
185 464
185 506
185 589
185 599
185 605
185 644
185 660
185 693
185 694
185 715
185 738
185 748
185 943
186 842
186 411
186 244
186 284
186 518
186 990
186 339
186 453
186 754
186 849
186 605
186 701
186 558
186 945
186 298
186 672
186 497
186 355
186 407
186 508
186 559
186 585
186 845
186 875
186 933
187 747
187 773
187 593
187 763
187 661
187 637
187 454
187 566
187 458
187 491
187 572
188 565
188 944
188 895
188 433
188 963
188 659
188 559
188 849
188 212
188 271
188 289
188 344
188 402
188 431
188 508
188 528
188 536
188 572
188 648
188 694
188 750
188 787
188 792
188 796
188 903
189 636
189 479
189 310
189 602
189 574
189 605
189 476
189 216
189 236
189 269
189 281
189 290
189 330
189 364
189 375
189 483
189 559
189 679
189 724
189 851
189 892
189 979
190 757
190 790
190 768
190 397
190 871
190 285
190 306
190 367
190 452
190 475
190 558
190 744
190 791
190 862
190 947
191 291
191 463
191 638
191 938
191 292
191 504
191 699
192 483
192 829
192 644
192 733
192 199
192 283
192 332
192 367
192 378
192 504
192 567
192 609
192 643
192 660
192 803
192 861
192 875
192 942
193 411
193 958
193 629
193 237
193 890
193 385
193 732
193 343
193 412
193 658
193 499
193 258
193 294
193 313
193 358
193 434
193 483
193 537
193 548
193 598
193 783
193 786
193 957
193 993
194 325
194 941
194 700
194 505
194 594
194 388
194 947
194 767
194 911
194 348
194 618
194 737
194 793
195 510
195 797
195 677
195 860
195 316
195 921
195 202
195 687
195 568
195 800
195 627
195 879
195 664
195 534
195 806
195 862
195 285
195 220
195 393
195 422
195 673
195 704
195 719
195 874
195 993
196 867
196 466
196 940
196 748
196 314
196 294
196 706
196 354
196 284
196 575
196 319
196 345
196 942
196 285
196 306
196 380
196 385
196 398
196 439
196 485
196 549
196 744
196 935
197 398
197 857
197 657
197 389
197 752
197 553
197 917
197 682
197 820
197 400
197 349
197 259
197 467
197 652
197 769
197 827
197 951
197 961
198 759
198 681
198 894
198 664
198 265
198 581
198 305
198 307
198 357
198 390
198 495
198 572
198 627
198 690
198 693
198 703
198 712
198 886
199 362
199 355
199 758
199 526
199 497
199 285
199 771
199 373
199 465
199 550
199 576
199 665
199 672
199 777
200 311
200 894
200 395
200 572
200 754
200 216
200 659
200 271
200 628
200 981
200 834
200 987
200 279
200 285
200 269
200 570
200 730
200 874
200 902
200 943
200 999
201 838
201 713
201 512
201 490
201 731
201 521
201 872
201 995
201 739
201 285
201 225
201 948
201 552
201 824
201 836
201 900
201 905
201 973
202 445
202 538
202 913
202 712
202 313
202 316
202 352
202 377
202 490
202 492
202 507
202 616
202 627
202 645
202 673
202 680
202 739
202 788
202 820
202 854
203 866
203 281
203 615
203 397
203 928
203 225
203 227
203 285
203 335
203 342
203 401
203 419
203 421
203 748
203 765
203 855
204 797
204 860
204 260
204 809
204 403
204 310
204 619
204 256
204 334
204 377
204 416
204 631
204 716
204 807
204 811
204 846
205 517
205 636
205 796
205 784
205 919
205 240
205 582
205 236
205 246
205 265
205 359
205 562
205 569
205 570
205 583
205 756
205 761
205 787
205 789
205 912
205 916
205 927
205 969
205 975
206 865
206 741
206 306
206 932
206 547
206 853
206 285
206 871
206 771
206 263
206 929
206 623
206 836
206 379
206 435
206 292
206 328
206 439
206 815
206 875
207 985
207 577
207 560
207 832
207 622
207 543
207 261
207 208
207 625
207 769
207 337
207 419
207 700
207 867
207 906
207 912
207 913
208 724
208 295
208 618
208 894
208 263
208 300
208 322
208 387
208 402
208 463
208 572
208 651
208 689
208 921
208 970
208 983
209 322
209 626
209 989
209 645
209 445
209 321
209 531
209 832
210 935
210 877
210 747
210 716
210 377
210 608
210 775
210 519
210 555
210 215
210 233
210 234
210 278
210 283
210 320
210 411
210 422
210 528
210 616
210 796
210 835
210 899
210 936
210 958
211 927
211 899
211 953
211 422
211 574
211 619
211 214
211 235
211 363
211 523
211 683
211 994
211 999
212 847
212 473
212 706
212 367
212 639
212 517
212 809
212 854
212 805
212 464
212 502
212 237
212 635
212 643
212 695
212 863
212 910
212 934
213 543
213 721
213 693
213 823
213 272
213 351
213 538
213 568
213 604
213 645
213 692
213 799
213 863
213 868
213 936
214 575
214 818
214 637
214 821
214 235
214 236
214 316
214 323
214 407
214 447
214 462
214 500
214 708
214 919
214 934
214 972
215 890
215 914
215 538
215 882
215 433
215 374
215 756
215 516
215 317
215 354
215 377
215 423
215 444
215 445
215 662
215 820
215 839
215 926
215 968
216 737
216 590
216 608
216 479
216 534
216 376
216 512
216 541
216 572
216 642
216 667
216 675
216 735
216 923
216 934
216 943
217 654
217 329
217 543
217 811
217 874
217 700
217 359
217 997
217 320
217 250
217 600
217 597
217 275
217 712
217 266
217 306
217 390
217 412
217 627
217 910
218 306
218 915
218 883
218 756
218 269
218 304
218 402
218 448
218 453
218 569
218 572
218 573
218 581
218 583
218 734
218 793
218 818
218 851
218 893
219 253
219 671
219 326
219 592
219 721
219 823
219 362
219 259
219 234
219 749
219 238
219 415
219 441
219 595
219 693
219 769
219 784
219 914
219 994
220 539
220 221
220 460
220 405
220 948
220 384
220 447
220 453
220 485
220 572
220 576
220 750
220 756
220 915
221 586
221 227
221 313
221 304
221 749
221 852
221 628
221 551
221 235
221 285
221 307
221 600
221 619
221 707
221 979
222 393
222 249
222 429
222 535
222 345
222 476
222 566
222 285
222 302
222 441
222 463
222 464
222 597
222 599
222 602
222 700
222 733
222 774
222 829
223 374
223 350
223 885
223 647
223 955
223 285
223 573
223 818
224 227
224 326
224 989
224 361
224 406
224 554
224 257
224 434
224 445
224 558
224 615
224 640
224 654
224 682
224 819
224 882
224 951
225 296
225 565
225 277
225 893
225 641
225 563
225 410
225 634
225 964
225 226
225 315
225 378
225 432
225 509
225 531
225 677
225 885
225 896
225 900
226 935
226 505
226 264
226 293
226 579
226 656
226 285
226 770
226 642
226 942
226 901
226 290
226 432
226 460
226 681
226 907
227 239
227 625
227 654
227 284
227 257
227 264
227 709
227 578
227 868
227 417
227 648
227 406
227 422
227 499
227 533
227 558
227 608
227 650
227 892
228 912
228 858
228 994
228 631
228 764
228 492
228 539
228 662
228 808
228 571
228 351
228 753
228 583
228 401
228 582
228 303
228 389
228 391
228 854
228 967
229 396
229 843
229 616
229 990
229 870
229 480
229 684
229 597
229 576
229 495
229 285
229 241
229 288
229 404
229 410
229 439
229 488
229 551
229 587
229 641
229 713
230 569
230 257
230 968
230 823
230 844
230 345
230 423
230 427
230 482
230 803
230 955
230 972
231 312
231 253
231 448
231 742
231 573
231 529
231 563
231 521
231 783
231 770
231 263
231 273
231 288
231 359
231 380
231 396
231 537
231 572
231 603
231 843
231 906
231 941
231 958
231 992
232 910
232 472
232 880
232 366
232 321
232 738
232 291
232 755
232 761
232 794
232 915
233 295
233 915
233 374
233 947
233 693
233 918
233 528
233 492
233 777
233 686
233 766
233 919
233 697
233 246
233 305
233 359
233 714
233 866
234 462
234 296
234 606
234 753
234 511
234 846
234 552
234 507
234 626
234 805
234 487
234 536
234 285
234 563
234 264
234 377
234 450
234 496
234 565
234 639
234 677
235 441
235 705
235 718
235 923
235 621
235 342
235 815
235 395
235 415
235 420
235 443
235 585
235 600
235 607
235 646
235 701
235 767
235 861
235 903
236 639
236 448
236 618
236 585
236 987
236 304
236 390
236 425
236 454
236 458
236 572
236 657
236 733
236 819
236 847
236 876
236 925
237 384
237 746
237 720
237 768
237 696
237 941
237 732
237 635
237 302
237 911
237 241
237 291
237 338
237 387
237 445
237 454
237 476
237 481
237 560
237 603
237 665
237 697
237 731
237 794
237 867
237 870
237 876
237 909
238 910
238 960
238 721
238 308
238 278
238 418
238 673
238 887
238 427
238 632
238 415
238 945
238 519
238 368
238 489
238 886
238 703
238 481
238 889
238 509
238 297
238 443
238 452
238 579
238 775
238 925
239 477
239 439
239 910
239 823
239 983
239 306
239 359
239 434
239 526
239 550
239 631
239 723
239 807
239 896
239 930
239 940
240 969
240 321
240 841
240 994
240 406
240 269
240 422
240 554
240 803
240 327
240 344
240 389
240 525
240 557
240 664
240 763
240 945
241 801
241 974
241 740
241 924
241 429
241 668
241 897
241 911
241 888
241 256
241 316
241 376
241 587
241 785
241 815
241 824
241 896
241 929
242 549
242 560
242 350
242 747
242 767
242 445
242 994
242 248
242 288
242 356
242 393
242 763
242 766
242 773
242 793
242 830
242 855
242 856
242 935
242 961
243 562
243 695
243 848
243 555
243 285
243 888
243 884
243 614
243 595
243 901
243 342
243 564
243 774
243 840
243 978
244 511
244 725
244 403
244 753
244 517
244 779
244 278
244 692
244 680
244 775
244 981
244 531
244 248
244 606
244 805
244 834
245 433
245 688
245 752
245 858
245 529
245 259
245 264
245 350
245 375
245 419
245 537
245 571
245 729
245 780
245 859
245 948
246 548
246 286
246 892
246 787
246 718
246 987
246 440
246 583
246 557
246 536
246 285
246 995
246 955
246 247
246 279
246 305
246 572
246 605
246 673
246 695
246 750
246 965
247 569
247 846
247 628
247 852
247 313
247 562
247 572
247 907
247 945
247 974
248 846
248 805
248 579
248 299
248 372
248 374
248 480
248 587
248 613
248 649
248 650
248 663
248 680
248 717
248 797
248 821
248 841
248 866
249 594
249 752
249 939
249 496
249 303
249 410
249 264
249 283
249 346
249 403
249 412
249 467
249 552
249 692
249 705
249 862
249 932
249 947
249 991
249 998
250 746
250 686
250 983
250 756
250 718
250 851
250 558
250 789
250 515
250 331
250 332
250 485
250 562
250 849
250 980
251 926
251 975
251 842
251 586
251 473
251 580
251 912
251 362
251 413
251 281
251 924
251 399
251 411
251 551
251 740
252 956
252 627
252 525
252 285
252 829
252 513
252 896
252 327
252 815
252 697
252 615
252 369
252 371
252 509
252 737
252 791
252 792
252 807
252 889
252 927
252 949
253 760
253 384
253 639
253 707
253 291
253 906
253 334
253 347
253 412
253 473
253 663
253 700
253 706
253 779
253 849
254 282
254 334
254 291
254 270
254 968
254 315
254 689
254 856
254 523
254 364
254 973
254 656
254 285
254 293
254 311
254 348
254 389
254 406
254 454
254 598
255 891
255 515
255 485
255 355
255 506
255 512
255 905
255 295
255 319
255 599
255 627
255 733
255 862
256 878
256 362
256 709
256 450
256 860
256 994
256 980
256 481
256 614
256 285
256 829
256 287
256 400
256 497
256 809
256 861
257 294
257 720
257 881
257 908
257 590
257 692
257 684
257 299
257 325
257 398
257 520
257 538
257 673
257 696
257 717
257 769
257 809
257 959
258 877
258 537
258 643
258 912
258 598
258 711
258 843
258 751
258 439
258 558
258 851
259 930
259 741
259 673
259 828
259 860
259 315
259 752
259 987
259 318
259 978
259 739
259 594
259 767
259 791
260 931
260 777
260 539
260 879
260 677
260 692
260 553
260 813
260 308
260 557
260 320
260 389
260 833
260 868
260 913
261 992
261 949
261 706
261 707
261 974
261 369
261 468
261 492
261 711
261 768
261 790
261 814
261 865
261 875
262 622
262 667
262 679
262 474
262 298
262 394
262 821
262 853
262 824
262 564
262 563
262 280
262 332
262 410
262 464
262 539
262 570
262 688
262 748
262 995
263 359
263 727
263 403
263 360
263 371
263 715
263 268
263 807
263 648
263 668
263 942
263 287
263 327
263 512
263 526
263 666
263 951
263 954
264 341
264 800
264 687
264 317
264 624
264 320
264 662
264 311
264 365
264 887
264 764
264 382
264 728
264 416
264 597
264 640
264 753
265 879
265 797
265 735
265 789
265 447
265 754
265 313
265 301
265 413
265 422
265 526
265 285
265 314
265 381
265 541
265 550
265 572
265 708
265 796
266 941
266 325
266 520
266 754
266 628
266 422
266 456
266 581
266 562
266 620
266 415
266 439
266 516
266 572
266 634
266 665
266 679
266 697
266 786
266 859
266 899
266 925
267 985
267 462
267 835
267 406
267 838
267 405
267 423
267 285
267 660
267 502
267 542
267 715
267 430
267 595
267 599
267 736
267 807
267 857
267 895
267 921
268 548
268 856
268 777
268 934
268 656
268 302
268 318
268 290
268 439
268 471
268 509
268 572
268 715
268 770
268 803
268 862
269 469
269 565
269 977
269 479
269 289
269 279
269 301
269 425
269 573
269 612
269 659
269 728
269 734
269 817
269 981
270 944
270 902
270 742
270 790
270 940
270 710
270 514
270 429
270 289
270 317
270 473
270 543
270 618
270 723
270 750
270 808
270 847
270 871
270 909
270 949
271 629
271 732
271 860
271 830
271 422
271 413
271 885
271 919
271 974
271 642
271 572
271 762
272 971
272 640
272 426
272 645
272 859
272 800
272 527
272 809
272 762
272 308
272 571
272 616
272 769
272 917
272 989
273 823
273 403
273 567
273 974
273 745
273 304
273 285
273 340
273 572
273 818
273 863
273 913
273 979
274 484
274 543
274 569
274 949
274 572
274 974
274 330
274 275
274 373
274 369
274 746
274 837
274 970
275 370
275 397
275 429
275 437
275 486
275 488
275 621
275 693
275 698
275 747
275 837
275 954
275 986
276 944
276 767
276 828
276 624
276 855
276 642
276 486
276 501
276 673
276 868
276 918
277 370
277 961
277 529
277 851
277 708
277 796
277 820
277 822
277 896
277 957
278 997
278 769
278 388
278 805
278 782
278 554
278 311
278 407
278 459
278 511
278 627
278 699
278 817
278 881
279 380
279 726
279 479
279 925
279 750
279 381
279 395
279 572
279 780
279 668
279 371
279 529
279 540
279 661
279 697
279 810
279 968
280 648
280 547
280 995
280 430
280 871
280 675
280 285
280 522
280 660
280 822
280 889
281 723
281 427
281 637
281 735
281 573
281 500
281 934
281 422
281 303
281 416
281 644
281 331
281 364
281 651
281 753
281 785
281 925
282 711
282 915
282 438
282 876
282 474
282 563
282 297
282 323
282 324
282 437
282 542
282 548
282 549
282 580
282 627
282 685
282 710
282 721
282 830
282 880
282 891
282 975
283 297
283 403
283 737
283 879
283 451
283 574
283 519
283 363
283 393
283 406
283 496
283 538
283 650
283 680
283 704
283 813
283 998
284 353
284 503
284 530
284 406
284 971
284 573
284 781
284 780
284 320
284 323
284 324
284 354
284 621
284 645
284 688
284 740
284 812
284 855
284 857
284 860
284 937
285 958
285 469
285 867
285 790
285 325
285 898
285 629
285 625
285 387
285 296
285 970
285 956
285 528
285 552
285 578
285 428
285 709
285 682
285 820
285 968
285 759
285 650
285 441
285 299
285 293
285 606
285 773
285 752
285 381
285 540
285 478
285 750
285 670
285 659
285 963
285 838
285 679
285 305
285 925
285 778
285 529
285 708
285 487
285 653
285 946
285 339
285 310
285 457
285 864
285 802
285 535
285 770
285 966
285 599
285 601
285 610
285 913
285 555
285 948
285 561
285 410
285 795
285 920
285 342
285 929
285 904
285 424
285 785
285 973
285 889
285 493
285 547
285 976
285 699
285 848
285 824
285 869
285 435
285 497
285 781
285 905
285 290
285 986
285 698
285 504
285 815
285 712
285 442
285 715
285 978
285 758
285 647
285 615
285 649
285 713
285 542
285 521
285 634
285 391
285 772
285 871
285 862
285 617
285 597
285 995
285 471
285 347
285 972
285 419
285 853
285 644
285 589
285 888
285 951
285 660
285 665
285 850
285 829
285 494
285 294
285 313
285 317
285 319
285 327
285 332
285 335
285 337
285 338
285 345
285 349
285 355
285 357
285 359
285 374
285 377
285 378
285 383
285 385
285 394
285 397
285 402
285 409
285 423
285 429
285 434
285 449
285 453
285 455
285 458
285 464
285 476
285 480
285 482
285 485
285 488
285 491
285 506
285 510
285 513
285 526
285 527
285 536
285 544
285 563
285 566
285 572
285 582
285 584
285 595
285 620
285 623
285 638
285 640
285 642
285 648
285 656
285 661
285 669
285 672
285 676
285 677
285 678
285 684
285 692
285 697
285 706
285 719
285 729
285 731
285 735
285 736
285 739
285 762
285 764
285 765
285 776
285 777
285 792
285 805
285 816
285 818
285 821
285 825
285 837
285 841
285 861
285 870
285 873
285 877
285 878
285 886
285 887
285 892
285 893
285 895
285 897
285 901
285 911
285 914
285 922
285 924
285 938
285 942
285 949
285 950
285 952
285 955
285 959
285 964
286 898
286 505
286 627
286 619
286 458
286 525
286 775
286 411
286 460
286 529
286 557
286 573
286 599
286 632
286 690
286 762
286 823
286 833
286 838
286 894
286 934
287 769
287 613
287 442
287 698
287 576
287 644
287 660
287 733
287 887
288 971
288 626
288 507
288 501
288 568
288 361
288 953
288 316
288 844
289 737
289 456
289 886
289 572
289 360
289 734
289 570
289 605
289 934
289 648
289 402
289 633
289 736
289 787
289 893
289 926
289 983
290 377
290 356
290 587
290 615
290 623
290 708
290 742
290 811
290 822
290 936
290 954
290 958
291 926
291 958
291 461
291 329
291 309
291 791
291 463
291 930
291 874
291 726
291 524
291 994
291 536
291 605
291 851
291 295
291 353
291 420
291 619
291 632
291 694
291 880
291 910
291 944
292 714
292 777
292 460
292 929
292 656
292 948
292 765
292 712
292 897
292 795
292 928
292 924
292 641
292 417
292 572
292 601
292 622
292 904
292 964
293 662
293 496
293 917
293 721
293 856
293 318
293 373
293 450
293 489
293 650
293 733
293 800
293 843
293 847
293 859
293 875
293 939
294 461
294 380
294 706
294 674
294 546
294 338
294 401
294 313
294 469
294 501
294 571
294 598
294 691
294 756
294 854
294 876
294 907
294 912
294 965
295 941
295 940
295 359
295 707
295 710
295 891
295 596
295 525
295 481
295 661
295 937
295 392
295 470
295 741
295 805
295 842
295 931
296 700
296 569
296 588
296 767
296 919
296 345
296 731
296 343
296 398
296 623
296 646
296 706
296 761
296 863
296 952
297 629
297 940
297 981
297 384
297 466
297 470
297 603
297 757
297 774
297 786
297 890
297 976
297 988
298 359
298 651
298 740
298 833
298 736
298 698
298 795
298 305
298 355
298 392
298 405
298 417
298 513
298 679
298 745
298 772
298 804
298 883
298 894
298 980
299 399
299 398
299 530
299 539
299 989
299 840
299 856
299 831
299 947
299 492
299 881
299 308
299 896
299 572
299 688
299 767
299 909
299 997
300 325
300 958
300 915
300 960
300 975
300 847
300 473
300 663
300 961
300 509
300 498
300 540
300 601
300 719
300 792
300 810
300 874
300 965
300 998
301 707
301 859
301 939
301 857
301 784
301 554
301 546
301 618
301 416
301 508
301 319
301 522
301 937
302 338
302 927
302 816
302 901
302 938
302 844
302 346
302 426
302 585
302 586
302 607
302 854
302 948
303 650
303 403
303 570
303 520
303 541
303 927
303 664
303 819
303 894
303 368
303 392
303 453
303 514
303 566
303 619
303 775
303 852
303 973
303 983
304 372
304 847
304 657
304 914
304 883
304 977
304 734
304 735
304 946
304 789
304 404
304 541
304 592
304 661
304 786
305 867
305 882
305 436
305 313
305 608
305 893
305 567
305 945
305 487
305 778
305 838
305 927
305 679
305 610
305 731
306 842
306 309
306 462
306 308
306 311
306 366
306 399
306 586
306 720
306 757
306 820
306 907
306 958
306 962
306 975
307 729
307 441
307 726
307 778
307 637
307 937
307 674
307 943
307 703
307 529
307 784
307 405
307 339
307 328
307 447
307 455
307 518
307 653
307 734
307 818
307 852
308 446
308 742
308 805
308 538
308 681
308 924
308 364
308 418
308 451
308 533
308 552
308 631
308 663
308 852
308 947
308 971
309 323
309 466
309 384
309 814
309 370
309 877
309 411
309 842
309 920
309 698
309 521
309 388
309 439
309 461
309 468
309 473
309 577
309 663
309 730
309 808
309 863
309 874
309 930
309 931
309 970
309 972
309 989
309 992
310 372
310 411
310 787
310 489
310 875
310 763
310 679
310 338
310 346
310 364
310 369
310 583
310 634
310 718
310 865
310 925
311 643
311 947
311 939
311 693
311 317
311 450
311 752
311 782
311 989
311 773
311 779
311 534
311 359
311 374
311 465
311 624
311 640
312 741
312 915
312 598
312 359
312 859
312 901
312 514
312 669
312 678
312 723
312 724
312 842
312 902
312 955
312 967
313 377
313 606
313 574
313 734
313 784
313 335
313 824
313 825
313 425
313 570
313 581
313 630
313 763
314 742
314 876
314 446
314 750
314 449
314 905
314 321
314 358
314 399
314 408
314 498
314 625
314 654
314 676
314 736
314 845
314 874
314 926
314 988
315 484
315 831
315 467
315 693
315 505
315 763
315 661
315 792
315 601
315 451
315 492
315 712
315 841
315 859
315 882
316 887
316 317
316 716
316 403
316 673
316 713
316 320
316 326
316 415
316 551
316 571
316 614
316 624
316 642
316 646
316 789
316 959
316 974
317 882
317 959
317 841
317 859
317 682
317 693
317 799
317 823
317 993
317 427
317 476
317 869
317 610
317 499
317 552
317 743
317 782
317 829
317 949
318 341
318 689
318 592
318 966
318 821
318 656
318 772
318 432
318 545
318 553
318 795
318 808
318 900
319 860
319 354
319 667
319 812
319 980
319 945
319 572
319 837
319 521
319 850
319 976
319 442
319 566
319 984
319 551
319 387
319 439
319 476
319 699
319 913
320 472
320 961
320 354
320 682
320 624
320 753
320 712
320 424
320 507
320 527
320 553
320 584
320 627
320 989
320 993
321 463
321 902
321 707
321 622
321 329
321 545
321 396
321 325
321 921
321 981
321 938
321 532
321 561
321 445
321 694
321 724
321 827
321 872
321 992
322 387
322 483
322 969
322 408
322 843
322 968
322 788
322 812
322 574
322 785
322 323
322 447
322 466
322 484
322 560
322 579
322 679
322 830
322 847
322 876
322 887
323 847
323 367
323 685
323 832
323 996
323 477
323 763
323 402
323 569
323 571
323 700
323 726
323 768
323 842
323 843
324 446
324 388
324 971
324 932
324 596
324 921
324 850
324 397
324 543
324 568
324 764
324 989
325 603
325 965
325 360
325 439
325 549
325 604
325 757
325 833
325 874
325 898
325 912
325 949
326 470
326 971
326 677
326 680
326 692
326 726
326 501
326 364
326 348
326 560
326 575
326 673
327 860
327 608
327 355
327 924
327 435
327 770
327 589
327 982
328 941
328 598
328 628
328 934
328 504
328 375
328 415
328 417
328 518
328 572
328 583
328 608
328 703
328 761
328 776
328 979
328 985
329 696
329 810
329 548
329 761
329 643
329 537
329 452
329 759
329 473
329 498
329 598
329 627
329 681
329 720
329 724
329 832
329 948
329 957
329 967
329 999
330 800
330 436
330 754
330 453
330 531
330 471
330 491
330 613
330 614
330 657
330 689
330 740
330 750
330 818
330 919
331 650
331 787
331 572
331 340
331 360
331 518
331 582
331 431
331 540
331 546
331 583
331 658
332 411
332 915
332 449
332 547
332 976
332 610
332 660
332 345
332 516
332 504
332 966
332 644
332 416
332 464
332 827
333 609
333 888
333 547
333 357
333 360
333 409
333 751
333 802
333 836
333 924
333 938
333 965
334 473
334 895
334 685
334 386
334 595
334 543
334 643
334 684
334 732
335 987
335 776
335 884
335 824
335 976
335 758
335 955
335 394
335 522
335 954
335 647
335 614
335 836
335 950
335 964
336 907
336 842
336 543
336 794
336 988
336 768
336 832
336 420
336 428
336 579
336 362
336 425
336 347
336 601
336 897
336 586
336 598
336 671
336 895
336 952
337 448
337 988
337 372
337 880
337 517
337 777
337 875
337 610
337 366
337 515
337 619
337 696
337 744
337 967
337 970
338 811
338 341
338 472
338 997
338 389
338 363
338 701
338 447
338 591
338 661
338 708
338 740
338 523
338 369
338 368
338 525
339 467
339 478
339 575
339 572
339 340
339 403
339 405
339 517
339 541
339 659
339 749
339 754
339 789
339 857
339 899
339 930
339 999
340 895
340 709
340 505
340 893
340 740
340 540
340 897
340 349
340 368
340 382
340 413
340 453
340 515
340 602
340 761
341 658
341 408
341 843
341 941
341 365
341 858
341 517
341 565
341 577
341 706
341 720
341 813
341 894
342 917
342 520
342 600
342 864
342 630
342 648
342 494
342 785
342 665
342 532
342 736
342 656
342 978
342 738
342 455
342 522
342 555
342 821
342 861
342 955
343 941
343 814
343 622
343 877
343 577
343 351
343 961
343 990
343 529
343 382
343 462
343 588
343 711
343 847
343 891
343 998
344 412
344 408
344 742
344 921
344 881
344 458
344 574
344 390
344 392
344 453
344 467
344 559
344 619
344 838
344 868
344 951
345 866
345 833
345 778
345 900
345 378
345 585
345 597
345 660
345 743
345 840
345 969
345 973
346 732
346 612
346 641
346 551
346 871
346 464
346 509
346 704
346 761
346 829
346 831
347 622
347 975
347 608
347 536
347 564
347 584
347 442
347 816
347 872
347 514
347 582
347 683
347 772
347 949
348 880
348 639
348 385
348 935
348 591
348 885
348 749
348 522
348 646
348 949
349 629
349 791
349 722
349 934
349 522
349 853
349 391
349 442
349 561
349 924
349 986
349 457
349 792
349 866
350 663
350 764
350 936
350 747
350 365
350 352
350 792
350 527
350 552
350 568
350 571
350 667
350 692
350 726
350 805
350 848
350 866
350 914
350 971
351 970
351 830
351 854
351 797
351 968
351 808
351 393
351 681
351 971
351 492
351 917
351 515
351 883
351 787
351 405
351 527
351 529
351 669
351 680
351 711
351 767
352 911
352 436
352 478
352 525
352 551
352 572
352 670
352 682
352 773
352 819
352 900
352 925
352 928
353 876
353 757
353 537
353 396
353 810
353 907
353 652
353 358
353 384
353 411
353 422
353 443
353 459
353 509
353 635
353 811
353 832
353 867
353 915
353 958
353 960
353 965
354 742
354 666
354 793
354 759
354 692
354 403
354 579
354 427
354 524
354 604
354 626
354 627
354 645
354 722
355 877
355 361
355 745
355 642
355 357
355 795
355 430
355 497
355 507
355 597
355 608
355 620
355 659
355 660
355 697
355 806
356 639
356 578
356 879
356 607
356 793
356 989
356 682
356 594
356 572
356 697
356 428
356 673
356 742
356 804
357 501
357 476
357 563
357 471
357 410
357 424
357 509
357 644
357 733
357 823
357 922
358 985
358 926
358 461
358 881
358 374
358 457
358 411
358 736
358 768
359 935
359 565
359 933
359 899
359 778
359 408
359 594
359 740
359 852
359 916
359 960
359 971
359 977
360 439
360 939
360 893
360 618
360 417
360 572
360 778
360 919
360 419
360 574
360 575
360 612
360 615
360 636
360 681
360 738
360 836
361 814
361 452
361 859
361 846
361 540
361 617
361 394
361 524
361 571
361 590
361 753
361 853
361 854
362 406
362 854
362 705
362 868
362 846
362 709
362 678
362 679
362 385
362 401
362 594
362 857
362 917
363 909
363 788
363 657
363 496
363 773
363 823
363 376
363 955
363 401
363 433
363 503
363 505
363 543
363 590
363 594
363 895
364 746
364 411
364 427
364 903
364 489
364 405
364 554
364 966
364 614
364 593
364 974
364 995
365 760
365 484
365 387
365 721
365 528
365 932
365 828
365 747
365 389
365 418
365 650
365 844
365 417
365 447
365 451
365 532
365 705
365 764
365 805
365 959
366 461
366 465
366 681
366 657
366 759
366 735
366 778
366 670
366 749
366 984
366 504
366 483
366 706
366 867
366 909
367 604
367 370
367 580
367 408
367 801
367 562
367 371
367 565
367 571
367 586
367 588
367 635
367 702
367 705
367 748
367 835
367 843
367 865
367 988
368 654
368 832
368 503
368 993
368 571
368 917
368 879
368 688
368 557
368 405
368 536
368 400
368 417
368 422
368 787
368 813
368 883
368 886
368 896
368 913
368 934
368 963
369 766
369 376
369 575
369 946
369 798
369 999
369 589
369 497
369 599
369 417
369 443
369 540
369 550
369 572
369 637
369 653
369 686
369 809
369 859
369 928
369 990
370 952
370 421
370 936
370 396
370 724
370 788
370 836
370 877
371 661
371 889
371 781
371 950
371 542
371 739
371 480
371 439
371 656
371 765
371 930
371 942
372 933
372 463
372 877
372 940
372 908
372 752
372 997
372 412
372 461
372 572
372 577
372 652
372 712
372 761
372 786
372 887
372 891
372 985
373 535
373 449
373 815
373 397
373 684
373 924
373 432
373 455
373 704
373 733
373 776
373 802
373 901
374 501
374 503
374 527
374 465
374 713
374 492
374 568
374 656
374 726
374 758
374 805
374 873
374 989
375 664
375 554
375 925
375 404
375 572
375 718
375 728
376 462
376 626
376 610
376 381
376 605
376 687
376 796
376 840
376 926
377 604
377 503
377 590
377 882
377 524
377 573
377 536
377 480
377 888
377 705
377 747
377 813
378 838
378 621
378 802
378 743
378 547
378 502
378 780
378 920
378 672
378 449
378 761
379 797
379 709
379 919
379 555
379 383
379 780
379 648
379 966
379 490
379 521
379 714
379 772
379 971
379 984
379 992
380 842
380 622
380 748
380 451
380 393
380 395
380 402
380 438
380 509
380 590
380 603
380 604
380 693
380 702
380 730
380 753
380 758
380 774
380 854
380 880
380 897
381 962
381 877
381 784
381 632
381 440
381 404
381 703
381 572
381 672
381 514
381 518
381 558
381 571
381 661
381 704
381 754
381 811
381 813
381 840
381 845
381 853
381 897
382 935
382 696
382 812
382 892
382 653
382 927
382 851
382 990
382 734
382 482
382 642
382 701
382 718
382 877
383 604
383 571
383 987
383 911
383 394
383 507
383 513
383 572
383 629
383 704
383 875
384 385
384 956
384 548
384 461
384 484
384 849
384 910
384 970
385 635
385 960
385 810
385 466
385 681
385 773
385 507
385 441
385 801
385 632
385 948
385 545
385 664
385 696
385 702
385 724
385 886
385 906
386 627
386 447
386 734
386 555
386 482
386 459
386 640
386 660
386 709
386 759
386 795
386 797
386 971
386 973
387 545
387 469
387 654
387 757
387 780
387 794
387 843
387 891
388 855
388 403
388 444
388 499
388 587
388 592
388 667
388 767
388 782
388 876
388 882
388 958
389 724
389 475
389 813
389 828
389 879
389 841
389 846
389 805
389 872
389 505
389 517
389 533
389 722
389 959
390 847
390 747
390 402
390 834
390 478
390 990
390 575
390 447
390 934
390 536
390 950
390 506
390 515
390 543
390 546
390 576
391 406
391 404
391 661
391 442
391 584
391 837
391 410
391 490
391 509
391 531
391 541
391 672
391 697
391 765
391 821
391 896
391 955
391 995
392 842
392 734
392 600
392 653
392 712
392 420
392 520
392 540
392 550
392 572
392 574
392 588
392 663
392 699
392 801
392 829
393 420
393 528
393 882
393 527
393 607
393 780
393 464
393 502
393 820
393 992
394 771
394 736
394 948
394 432
394 595
394 642
394 803
394 920
394 979
395 931
395 817
395 583
395 478
395 852
395 463
395 572
395 653
395 754
395 801
395 818
395 819
395 845
395 883
395 894
395 939
395 951
396 706
396 421
396 685
396 745
396 482
396 951
396 483
396 756
396 998
397 865
397 700
397 867
397 760
397 558
397 899
397 758
397 719
397 924
397 595
397 660
397 481
397 493
397 769
397 802
397 853
398 685
398 877
398 865
398 960
398 565
398 579
398 416
398 676
398 944
398 958
399 748
399 961
399 550
399 660
399 427
399 755
399 876
399 967
400 581
400 943
400 934
400 659
400 893
400 701
400 750
400 514
400 763
400 471
400 536
400 541
400 550
400 628
400 654
400 655
400 974
401 586
401 962
401 569
401 912
401 727
401 789
401 822
401 547
401 549
401 698
401 715
401 758
401 834
402 652
402 908
402 809
402 868
402 591
402 826
402 943
402 778
402 534
402 929
402 414
402 766
403 502
403 631
403 704
403 720
403 752
403 756
403 774
403 834
403 855
403 922
403 957
404 847
404 447
404 754
404 540
404 422
404 513
404 756
404 789
404 899
405 843
405 489
405 628
405 937
405 456
405 541
405 572
405 574
405 583
405 594
405 674
405 818
405 885
405 984
406 814
406 799
406 800
406 539
406 908
406 987
406 692
406 753
406 882
406 912
406 958
407 910
407 616
407 546
407 892
407 515
407 703
407 453
407 900
407 621
407 771
407 473
407 563
407 572
407 605
407 766
407 772
407 940
408 437
408 707
408 558
408 659
408 897
408 462
408 548
408 565
408 569
408 613
408 631
408 800
408 811
408 832
408 941
408 975
408 980
409 742
409 547
409 435
409 950
409 561
409 815
409 704
409 870
409 942
410 810
410 775
410 587
410 675
410 803
410 822
410 648
410 976
410 491
410 471
410 829
410 906
411 944
411 810
411 466
411 548
411 792
411 905
411 419
411 420
411 446
411 572
411 645
411 822
412 960
412 996
412 483
412 622
412 962
412 626
412 942
412 807
412 474
412 548
412 844
412 983
413 968
413 999
413 487
413 919
413 778
413 570
413 502
413 765
413 415
413 583
413 630
413 690
413 883
413 898
414 970
414 958
414 462
414 669
414 857
414 451
414 762
414 923
414 714
414 723
414 815
414 924
414 996
415 598
415 989
415 440
415 974
415 990
415 572
415 981
415 703
415 443
415 653
415 456
415 574
415 609
415 663
415 745
415 754
416 479
416 525
416 574
416 593
416 790
416 819
416 992
416 997
417 682
417 999
417 885
417 425
417 923
417 508
417 695
417 730
417 466
417 574
417 666
417 783
417 847
418 915
418 890
418 693
418 689
418 856
418 747
418 505
418 687
418 579
418 578
418 636
418 808
418 828
418 885
418 985
418 992
419 451
419 425
419 546
419 531
419 429
419 432
419 488
419 491
419 564
419 566
419 589
419 638
419 683
419 736
419 836
419 871
419 891
419 944
420 446
420 891
420 761
420 916
420 965
420 949
420 696
420 878
420 474
420 703
420 815
420 948
420 532
420 463
420 482
420 669
420 716
420 811
420 975
421 603
421 876
421 469
421 565
421 753
421 632
421 438
421 439
421 485
421 549
421 552
421 633
421 642
421 743
421 772
421 833
421 847
421 895
421 896
421 916
421 958
422 448
422 570
422 566
422 476
422 500
422 560
422 572
422 628
422 701
422 845
422 980
423 791
423 922
423 442
423 478
423 605
423 689
423 693
423 698
423 788
423 885
423 924
423 946
423 984
423 995
424 723
424 797
424 534
424 516
424 922
424 615
424 504
424 920
424 486
424 634
424 715
424 758
424 772
424 861
424 928
424 959
424 987
425 702
425 556
425 879
425 868
425 923
425 591
425 787
425 789
425 554
425 572
425 608
425 758
425 780
425 852
426 997
426 492
426 606
426 717
426 657
426 552
426 989
426 689
426 763
426 780
426 459
426 677
426 820
426 887
427 724
427 846
427 961
427 536
427 695
427 894
427 496
427 512
427 534
427 637
427 754
427 759
427 791
427 796
427 948
427 987
428 766
428 606
428 868
428 572
428 698
428 792
428 590
428 689
428 882
429 682
429 831
429 440
429 869
429 482
429 432
429 506
429 542
429 601
429 733
430 780
430 620
430 486
430 617
430 973
430 461
430 526
430 551
430 599
430 604
430 706
430 712
430 764
430 815
430 838
430 917
430 946
431 553
431 735
431 572
431 953
431 763
431 883
431 979
431 919
432 970
432 579
432 925
432 938
432 447
432 466
432 521
432 576
432 644
432 825
432 913
432 982
432 990
433 560
433 968
433 505
433 808
433 503
433 730
433 594
433 673
433 796
433 917
434 799
434 519
434 469
434 550
434 695
434 748
434 759
434 789
434 913
434 949
435 934
435 765
435 715
435 713
435 455
435 491
435 561
435 588
436 454
436 838
436 903
436 798
436 546
436 471
436 515
436 572
436 736
436 765
436 766
436 896
436 958
437 761
437 933
437 724
437 590
437 728
437 990
437 522
437 549
437 577
437 609
437 685
437 874
437 876
437 969
438 988
438 906
438 535
438 552
438 741
438 890
439 746
439 902
439 470
439 720
439 952
439 469
439 933
439 565
439 931
439 941
439 971
439 680
439 500
439 772
439 584
439 535
439 955
439 537
439 569
439 710
439 790
439 835
439 849
439 858
439 926
440 458
440 780
440 481
440 575
440 608
440 724
440 981
440 986
441 882
441 636
441 459
441 552
441 747
441 881
441 662
441 677
441 873
441 858
441 664
441 521
441 499
441 706
441 741
442 939
442 627
442 460
442 885
442 580
442 649
442 657
442 734
442 929
442 951
442 995
443 910
443 569
443 759
443 767
443 945
443 523
443 750
443 474
443 612
443 448
443 562
443 614
443 749
443 833
443 847
443 920
443 960
444 863
444 767
444 727
444 855
444 840
444 908
444 568
444 798
444 979
444 557
444 637
444 522
444 492
444 521
444 524
444 604
444 681
444 682
444 701
444 753
445 565
445 810
445 782
445 592
445 918
445 950
445 636
445 687
445 945
445 947
445 971
446 685
446 842
446 635
446 855
446 825
446 587
446 544
446 473
446 592
446 692
446 717
446 761
446 769
446 814
446 863
446 890
446 917
446 926
447 515
447 508
447 456
447 487
447 735
447 756
447 788
447 809
447 826
447 860
447 934
448 761
448 890
448 569
448 706
448 949
448 853
448 572
448 686
448 702
448 810
448 907
448 964
448 975
449 594
449 980
449 792
449 531
449 676
449 901
449 513
449 566
449 656
449 668
450 766
450 851
450 665
450 465
450 467
450 583
450 590
450 678
450 780
450 809
450 873
451 631
451 882
451 596
451 693
451 614
451 698
451 465
451 767
451 813
451 827
451 886
451 907
451 997
452 975
452 700
452 865
452 581
452 712
452 537
452 635
452 761
452 826
453 592
453 636
453 787
453 927
453 632
453 978
453 972
453 572
453 844
453 891
454 456
454 783
454 992
455 510
455 873
455 921
455 770
455 610
455 715
455 758
455 954
455 802
455 774
455 562
455 568
455 712
455 720
455 781
455 847
456 560
456 842
456 868
456 798
456 845
456 903
456 974
456 801
456 924
456 575
457 908
457 968
457 591
457 966
457 715
457 642
457 802
457 563
457 938
457 485
457 490
457 668
457 933
458 619
458 551
458 538
458 541
458 546
458 567
458 632
458 646
458 661
458 890
458 923
458 974
458 999
459 594
459 782
459 873
459 800
459 726
459 616
459 840
459 716
459 809
459 797
459 725
459 600
459 730
459 476
459 640
459 817
459 894
460 846
460 523
460 798
460 593
460 600
460 572
460 836
460 525
460 532
460 605
460 735
460 766
460 845
461 761
461 588
461 742
461 625
461 918
461 736
461 497
461 748
461 768
461 949
462 790
462 941
462 967
462 842
462 940
462 814
462 553
462 749
462 520
462 662
462 720
462 827
462 906
462 955
462 960
462 997
463 556
463 548
463 726
463 539
463 922
463 473
463 527
463 570
463 916
463 992
464 741
464 718
464 634
464 870
464 584
464 485
464 758
464 954
464 480
464 894
465 882
465 993
465 726
465 727
465 885
465 480
465 557
465 560
465 573
465 752
465 808
465 817
465 830
465 856
465 859
465 923
465 939
466 874
466 586
466 991
466 700
466 483
466 805
466 979
466 514
466 942
467 996
467 839
467 773
467 496
467 631
467 724
468 671
468 977
468 899
468 483
468 549
468 574
468 680
468 709
468 724
468 744
468 746
469 472
469 748
469 696
469 537
469 915
469 823
469 908
469 997
469 750
469 475
469 906
470 941
470 843
470 748
470 967
470 803
470 583
470 671
470 793
470 831
470 865
470 902
470 952
470 960
471 882
471 476
471 504
471 715
471 942
471 634
471 905
471 964
472 899
472 883
472 495
472 562
472 609
472 707
472 715
472 962
473 558
473 524
473 542
473 611
473 663
473 811
473 895
473 985
473 991
474 858
474 893
474 801
474 504
474 511
474 574
474 584
474 646
474 813
474 826
474 937
475 654
475 723
475 876
475 560
475 985
475 846
475 769
475 674
475 593
475 572
475 508
475 624
475 667
475 714
475 902
475 969
475 979
475 991
476 855
476 519
476 502
476 771
476 621
476 713
476 803
476 496
476 521
476 522
476 541
476 986
477 609
477 902
477 809
477 493
477 599
477 658
477 710
477 711
477 746
477 772
477 926
477 992
478 891
478 536
478 479
478 925
478 838
478 617
478 861
478 584
478 628
478 774
479 782
479 670
479 885
479 511
479 557
479 602
479 871
479 946
479 990
480 917
480 993
480 489
480 905
480 928
480 785
480 491
480 565
480 694
480 697
480 913
480 966
481 653
481 534
481 934
481 775
481 515
481 523
481 541
481 618
481 620
481 664
481 734
481 771
481 817
481 923
482 582
482 884
482 911
482 538
482 610
482 664
482 671
482 811
482 900
482 960
483 696
483 890
483 992
483 711
484 663
484 580
484 910
484 903
484 513
484 529
484 575
484 703
484 794
484 805
484 839
485 962
485 794
485 741
485 505
485 687
485 511
485 963
485 719
485 563
485 497
485 597
485 547
485 758
485 655
486 789
486 780
486 555
486 584
486 781
486 684
486 901
486 495
486 561
486 772
487 882
487 708
487 749
487 819
487 850
488 932
488 947
488 875
488 816
488 825
488 699
488 829
488 822
488 522
488 951
488 781
488 901
488 924
488 986
489 860
489 845
489 546
489 690
489 575
489 792
489 491
489 521
489 559
489 572
489 640
489 734
489 753
489 838
489 893
489 943
489 987
490 902
490 658
490 580
490 576
490 623
490 491
490 715
490 719
490 806
490 807
490 922
490 967
491 810
491 754
491 668
491 781
491 888
491 884
491 634
491 770
491 774
492 717
492 725
492 737
492 527
492 586
492 607
492 680
492 700
492 728
492 749
492 859
492 931
493 559
493 982
493 704
493 802
493 566
493 539
493 665
493 795
493 866
493 906
494 508
494 824
494 929
494 524
494 562
494 584
494 691
494 837
494 924
495 939
495 630
495 719
495 579
495 739
495 776
495 815
495 836
495 867
495 922
495 928
496 932
496 840
496 999
496 676
496 620
496 551
496 525
496 568
496 669
496 670
496 679
496 828
497 933
497 643
497 908
497 885
497 733
497 897
497 516
497 648
497 524
497 545
497 776
497 786
497 792
497 822
497 861
497 862
498 696
498 895
498 556
498 958
498 643
498 994
498 507
498 908
498 929
498 660
498 572
498 755
498 761
498 794
498 852
498 912
499 931
499 793
499 737
499 752
499 809
499 540
499 770
499 727
499 938
500 548
500 761
500 811
500 817
500 903
500 946
500 945
500 999
500 894
500 816
500 929
500 772
500 660
500 600
500 663
500 762
500 974
501 916
501 737
501 971
501 553
501 717
501 592
501 686
501 517
501 839
501 687
501 716
501 826
501 910
501 940
501 959
501 968
502 886
502 913
502 522
502 731
502 610
502 547
502 570
502 615
502 630
502 829
502 950
502 972
502 979
503 722
503 917
503 828
503 914
503 527
503 570
503 594
503 693
503 859
504 683
504 780
505 592
505 777
505 797
505 667
505 767
505 719
505 820
505 834
505 936
506 616
506 546
506 803
506 836
507 517
507 936
507 534
507 530
507 568
507 756
507 766
507 797
507 945
508 703
508 796
508 801
508 552
508 718
509 901
509 864
509 807
509 563
509 695
509 771
509 805
509 976
510 794
510 524
510 844
510 950
510 706
510 713
510 725
510 790
510 877
510 912
510 968
510 969
511 882
511 993
511 657
511 680
511 596
511 767
511 828
511 572
511 529
511 519
511 613
511 677
511 777
511 878
512 880
512 577
512 634
512 850
512 884
512 995
512 610
512 614
512 544
512 776
512 801
512 844
512 869
512 870
513 879
513 667
513 517
513 558
513 648
513 938
513 929
513 872
513 942
513 615
513 522
513 535
513 668
513 698
514 534
514 886
514 655
514 905
514 630
514 659
514 798
514 845
514 850
514 872
514 891
514 911
514 934
514 937
515 854
515 749
515 838
515 540
515 550
515 962
515 980
516 692
516 619
516 715
516 824
516 600
516 615
516 688
516 697
516 739
516 896
517 722
517 590
517 951
517 795
517 527
517 530
517 552
517 666
517 788
517 804
517 820
517 831
517 868
517 887
517 908
518 635
518 991
518 749
518 983
518 605
518 816
518 986
519 702
519 560
519 678
519 775
519 572
519 583
519 600
519 660
519 690
519 705
519 762
519 828
519 834
519 943
519 953
519 972
519 984
520 711
520 827
520 917
520 887
520 797
520 798
520 558
520 934
520 554
520 705
520 959
521 720
521 854
521 612
521 602
521 758
521 715
521 770
521 922
521 928
521 954
521 576
521 642
521 675
521 681
521 745
521 757
521 848
522 874
522 785
522 630
522 994
523 611
523 575
523 775
523 546
523 581
523 659
523 701
523 979
524 941
524 574
524 666
524 875
524 952
525 801
525 927
525 534
525 789
525 604
525 670
525 708
525 754
525 756
526 633
526 699
526 587
526 765
526 803
526 830
526 984
527 706
527 682
527 594
527 908
527 722
527 737
527 804
527 752
527 562
527 853
527 563
527 553
527 627
527 712
527 723
527 809
527 846
528 636
528 840
528 538
528 681
528 968
528 813
528 619
528 632
528 592
528 596
528 627
528 755
528 982
529 784
529 763
529 572
529 583
529 618
529 679
529 833
530 828
530 885
530 626
530 631
530 677
530 947
530 961
531 639
531 642
531 929
531 638
531 561
531 794
532 910
532 739
532 924
532 816
532 672
532 647
532 719
532 756
532 758
532 765
532 945
532 995
533 577
533 831
533 727
533 823
533 817
533 682
533 808
533 717
533 971
533 856
533 959
533 912
533 921
534 609
534 608
534 981
534 762
534 884
534 644
534 834
534 862
534 905
534 937
534 987
535 936
535 864
535 938
535 647
535 672
535 675
535 715
535 754
535 948
535 978
535 997
536 659
536 943
536 963
536 605
536 628
536 695
536 756
536 769
536 887
536 925
537 588
537 962
537 933
537 676
537 771
537 584
537 600
537 609
537 707
537 761
537 807
537 850
537 889
537 898
537 900
537 941
538 791
538 808
538 725
538 882
538 801
538 644
538 948
538 815
538 828
538 889
538 968
538 994
539 820
539 854
539 568
539 821
539 608
539 782
539 804
539 848
540 690
540 740
540 572
540 632
540 670
540 687
540 770
540 789
541 559
541 943
541 619
541 845
541 949
541 974
542 611
542 929
542 938
542 785
542 597
542 770
542 774
543 604
543 639
543 609
543 755
543 560
543 894
543 633
543 810
543 842
543 876
543 907
543 910
543 957
543 985
544 957
544 941
544 669
544 705
544 989
544 911
544 719
544 620
544 848
544 770
544 802
544 617
544 665
544 642
544 582
544 621
544 738
544 981
544 982
545 706
545 941
545 603
545 593
545 600
545 760
545 808
545 865
545 962
546 562
546 703
546 789
546 572
546 655
546 708
546 738
546 740
546 749
546 892
547 998
547 641
547 731
547 595
547 659
547 713
547 795
547 825
547 837
547 986
548 926
548 935
548 729
548 565
548 710
548 743
548 786
548 827
548 897
548 965
548 967
548 988
549 746
549 958
549 639
549 941
549 962
549 957
549 817
549 955
549 668
549 940
550 751
550 609
550 752
550 801
550 572
550 894
550 593
550 651
550 927
550 620
550 684
550 570
550 695
550 740
550 764
550 818
550 892
550 913
551 595
551 648
551 589
551 601
551 635
551 670
551 681
551 699
551 834
551 986
552 940
552 673
552 779
552 773
552 989
552 947
552 716
552 886
552 923
552 776
552 896
552 644
552 725
552 769
552 840
553 720
553 939
553 752
553 636
553 839
553 583
553 587
553 631
553 677
553 766
553 804
553 808
553 884
553 887
553 891
554 757
554 657
554 914
554 908
554 722
554 782
554 798
554 591
554 558
554 618
554 762
554 795
554 913
555 907
555 726
555 798
555 990
555 576
555 781
555 561
555 841
555 889
555 952
556 957
556 810
556 916
556 925
556 660
556 669
556 791
556 794
556 799
556 990
557 930
557 717
557 777
557 637
557 600
557 943
557 875
557 728
557 567
557 819
557 963
558 714
558 830
558 628
558 581
558 703
558 927
558 849
558 616
558 734
558 875
559 881
559 567
559 778
559 690
559 703
559 734
559 747
559 762
559 875
559 919
559 925
560 898
560 935
560 577
560 794
560 814
560 586
560 915
560 662
560 740
560 880
561 711
561 660
561 634
561 815
561 888
561 771
561 765
561 802
561 729
561 738
561 920
561 984
562 958
562 886
562 883
562 754
562 819
562 998
563 883
563 888
563 783
563 942
563 684
563 703
563 705
563 815
563 820
563 882
564 956
564 593
564 740
564 736
564 672
564 675
565 902
565 996
565 876
565 959
565 670
565 577
565 643
565 659
565 671
565 745
565 746
565 791
565 794
565 860
565 867
565 933
566 989
566 955
566 647
566 668
566 712
566 923
567 655
567 925
567 781
567 695
567 775
567 786
568 997
568 828
568 805
568 782
568 692
568 717
568 857
568 835
568 623
568 614
568 968
569 709
569 888
569 607
569 622
569 652
569 751
569 754
569 769
569 818
569 958
570 572
570 990
570 886
570 593
570 595
570 693
570 728
570 786
570 880
570 885
570 899
571 685
571 645
571 606
571 592
571 717
571 628
572 996
572 910
572 685
572 616
572 868
572 726
572 662
572 875
572 745
572 963
572 903
572 651
572 575
572 591
572 893
572 990
572 937
572 602
572 600
572 818
572 690
572 728
572 946
572 981
572 637
572 999
572 983
572 756
572 610
572 783
572 730
572 785
572 601
572 615
572 646
572 661
572 669
572 670
572 718
572 763
572 804
572 826
572 883
572 894
572 943
572 967
572 974
573 676
573 577
573 631
573 632
573 647
573 775
573 797
573 835
573 893
573 925
573 963
573 984
574 764
574 632
574 703
574 923
575 937
575 750
575 983
575 821
575 637
575 655
576 975
576 616
576 997
576 646
576 774
576 617
576 986
576 704
576 974
577 746
577 996
577 740
577 720
577 880
577 907
577 915
578 960
578 876
578 616
578 828
578 788
578 736
578 590
578 716
578 768
578 793
579 828
579 650
579 841
579 687
579 771
579 781
579 737
579 908
579 917
579 923
579 936
580 965
580 902
580 694
580 615
580 633
580 702
580 712
580 742
580 761
580 788
580 988
581 867
581 741
581 677
581 679
581 786
581 899
581 979
582 623
582 640
582 743
582 973
583 696
583 721
583 745
583 593
583 826
583 718
583 613
584 689
584 679
584 684
584 920
584 589
584 712
584 825
584 776
584 634
584 713
584 919
585 606
585 763
585 875
585 796
585 848
585 964
585 966
585 745
585 934
585 981
585 983
586 996
586 877
586 956
586 791
586 927
586 966
586 957
587 759
587 705
587 783
587 829
587 951
587 928
587 825
587 649
587 660
588 810
588 711
588 969
588 832
588 944
588 985
589 961
589 689
589 764
589 780
589 837
589 911
589 672
589 781
589 861
590 814
590 989
590 596
590 922
590 780
590 957
591 918
591 937
591 703
591 612
591 664
591 728
591 762
591 778
591 985
592 947
592 753
592 839
592 713
592 615
592 721
592 868
592 888
592 968
593 669
593 662
593 953
593 919
593 983
593 778
593 775
593 690
593 703
593 798
593 974
594 832
594 657
594 961
594 726
594 662
594 682
594 636
594 602
594 616
594 693
594 856
594 858
595 930
595 855
595 739
595 888
595 648
595 795
595 634
595 596
595 731
595 776
595 897
595 942
595 951
596 705
596 997
596 917
596 752
596 928
596 606
596 636
596 657
596 673
596 681
596 683
596 722
596 767
596 788
596 808
596 856
596 969
596 971
597 898
597 908
597 647
597 859
597 879
597 894
597 924
598 723
598 604
598 958
598 906
598 956
598 707
598 997
598 815
598 694
598 828
598 855
598 864
598 957
599 752
599 942
599 795
599 938
599 995
599 802
599 821
599 825
600 740
600 762
600 756
600 670
600 946
600 745
600 895
600 983
600 999
601 761
601 756
601 822
601 853
601 803
601 843
601 994
602 811
602 918
602 632
602 852
602 615
602 674
602 705
602 720
602 786
602 789
602 845
602 846
602 849
602 927
602 934
602 981
603 890
603 724
603 963
603 723
603 737
603 744
603 887
604 931
604 629
604 700
604 832
604 810
604 867
604 762
604 861
604 696
604 697
604 751
604 886
604 898
604 925
605 652
605 846
605 670
605 852
605 893
605 758
605 819
605 859
605 883
606 847
606 887
606 650
606 808
606 610
606 928
606 673
606 692
606 718
606 788
606 823
606 857
607 878
607 935
607 726
607 839
607 682
607 650
607 770
607 626
607 677
607 722
607 766
607 804
607 948
607 971
608 988
608 788
608 778
608 679
608 694
608 796
608 913
608 979
609 960
609 700
609 680
609 726
609 815
609 910
609 934
609 965
610 671
610 726
610 733
610 738
610 660
610 704
610 731
610 757
610 821
611 988
611 933
611 935
611 652
611 714
611 968
611 662
611 643
611 751
611 898
612 981
612 822
612 646
612 768
612 801
612 812
612 825
612 992
613 716
613 657
613 709
613 616
613 640
613 626
613 829
613 665
613 793
613 856
614 984
614 621
614 853
614 645
614 736
614 771
614 926
614 969
615 707
615 727
615 908
615 719
615 620
615 913
615 869
615 668
615 804
615 845
615 924
615 982
616 880
616 918
616 682
616 624
616 627
616 640
616 661
616 828
616 897
617 789
617 792
618 943
618 899
618 798
618 778
618 661
618 715
618 946
619 680
619 885
619 670
619 833
619 858
619 903
620 666
620 995
620 888
620 822
620 660
620 693
620 711
620 719
620 733
620 754
620 776
620 884
621 931
621 972
621 829
621 928
621 973
621 705
621 712
621 862
621 904
622 902
622 761
622 644
622 804
622 825
623 874
623 781
623 738
623 676
623 973
623 795
623 815
624 939
624 673
624 631
624 722
624 640
624 799
624 857
624 905
624 994
625 671
625 811
625 991
625 874
625 927
625 736
625 639
625 663
625 696
625 793
625 865
625 967
626 767
626 716
626 959
626 855
626 682
626 766
626 859
627 859
627 782
627 709
627 737
627 690
627 673
627 705
627 906
627 979
628 990
628 903
628 818
628 942
628 676
628 674
628 744
628 796
628 841
629 720
629 778
629 744
629 784
629 810
629 992
630 841
630 787
630 634
630 869
630 904
630 888
630 733
630 862
630 896
630 905
630 920
630 951
631 726
631 921
631 677
631 716
631 908
631 981
631 851
631 922
631 888
631 687
631 697
631 817
631 868
631 959
631 993
631 997
632 903
632 892
632 927
632 821
633 755
633 757
633 768
633 763
633 772
633 993
633 998
634 944
634 803
634 730
634 672
634 713
634 687
634 709
634 913
634 986
634 995
635 761
635 647
635 723
635 897
635 944
636 645
636 714
636 805
636 907
636 921
636 981
637 885
637 670
637 925
638 839
638 815
638 829
638 904
638 966
638 665
639 763
639 736
639 652
639 720
639 802
639 859
639 967
639 992
640 694
640 881
640 894
640 954
640 676
640 645
640 709
640 733
640 766
640 772
640 879
640 968
641 912
641 904
641 758
641 872
641 672
641 806
641 696
641 724
641 766
641 795
641 901
642 761
642 723
642 759
642 939
642 923
642 649
642 862
642 792
642 788
642 928
643 962
643 940
643 707
643 956
643 992
643 817
643 659
643 811
643 902
644 688
644 809
644 964
644 691
644 699
644 792
645 773
645 835
645 825
645 795
645 767
645 788
645 813
645 943
646 961
646 892
646 927
646 986
646 675
646 919
647 842
647 915
647 830
647 772
647 699
647 829
647 712
647 731
647 870
648 938
648 702
648 758
648 816
648 822
648 886
648 979
648 984
649 910
649 870
650 686
650 841
650 678
650 759
650 766
650 784
650 823
650 939
650 959
651 767
651 979
651 802
651 698
651 756
651 819
651 849
651 967
651 990
652 935
652 761
652 990
652 869
652 732
652 786
652 890
652 931
653 790
653 854
653 955
653 659
653 701
653 786
653 893
653 945
654 707
654 882
654 996
655 744
655 843
655 927
655 745
655 928
655 951
656 977
656 783
656 730
656 806
656 731
656 822
656 995
656 780
656 672
656 719
656 785
657 908
657 881
657 687
657 753
657 885
657 705
658 930
658 877
658 827
658 907
658 997
658 990
658 905
658 678
658 859
658 865
658 973
659 768
659 918
659 987
659 976
660 699
660 683
660 672
660 712
660 765
660 788
660 826
660 978
661 854
661 857
661 708
661 786
661 886
661 789
661 785
661 988
661 996
662 992
662 907
662 677
662 726
662 929
662 936
663 998
663 926
663 867
663 727
663 749
663 707
663 856
663 949
663 951
664 860
664 740
664 771
664 787
664 897
664 977
665 794
665 923
665 946
665 862
665 739
665 951
665 698
665 922
665 733
665 792
665 796
665 806
666 811
666 793
666 686
666 773
666 899
666 667
666 705
666 749
666 828
666 859
666 908
666 979
667 752
667 817
667 831
667 917
667 778
667 694
667 873
667 879
667 896
667 956
667 974
668 917
668 942
668 951
668 698
668 758
668 807
668 859
668 933
669 996
669 702
669 757
669 827
669 803
669 781
670 761
670 963
670 987
670 838
670 703
670 984
671 700
671 915
671 760
671 742
671 839
671 680
671 709
671 892
671 964
671 810
671 902
671 912
672 675
672 731
672 872
672 896
672 676
672 869
672 811
672 822
672 961
673 865
673 935
673 766
673 722
673 913
673 743
673 779
673 804
673 805
673 860
673 908
674 827
674 959
674 796
674 731
674 689
674 703
675 736
675 966
675 942
675 900
675 938
676 846
676 743
676 774
676 871
676 950
677 873
677 682
677 984
677 930
677 951
678 687
678 722
678 989
678 767
678 788
678 872
678 921
678 936
679 754
679 756
679 934
679 824
679 718
679 775
680 969
680 828
680 977
680 889
680 682
680 729
681 947
681 753
681 887
681 789
681 840
681 918
681 974
682 799
682 873
682 993
683 807
683 815
683 781
684 748
684 825
684 929
684 995
684 950
684 765
684 911
684 922
684 688
684 744
684 759
684 783
684 792
684 822
684 906
684 920
685 755
685 863
685 711
685 811
685 875
685 909
685 949
686 689
686 766
686 969
687 887
687 908
687 811
687 859
688 863
688 752
688 761
689 873
689 722
689 799
689 961
689 860
689 754
689 849
689 893
689 950
689 822
689 790
689 813
689 817
689 833
689 888
689 913
689 947
690 786
690 819
691 807
691 976
691 802
691 958
692 729
692 918
692 830
692 879
692 990
692 797
692 833
692 866
693 813
693 866
693 950
693 724
693 947
694 748
694 791
694 874
694 878
694 962
694 988
694 992
695 892
695 789
695 987
696 996
696 941
696 760
696 879
696 823
696 704
696 706
696 768
696 866
697 743
697 929
697 966
698 775
698 795
698 951
698 761
698 782
698 879
699 960
699 902
699 706
699 921
699 824
699 770
699 968
700 842
700 751
700 791
700 824
700 962
701 718
701 787
701 754
701 963
701 923
701 990
701 851
701 913
701 719
701 786
701 891
701 953
702 746
702 761
702 757
702 860
703 981
703 710
703 735
703 754
703 820
704 922
704 715
704 802
705 810
705 832
705 777
705 994
705 932
705 936
705 806
705 788
705 857
705 882
705 894
705 968
706 891
706 991
706 707
706 755
706 732
706 767
706 769
706 714
706 751
706 900
706 909
706 910
707 965
707 732
707 933
707 801
707 799
707 993
708 834
708 927
708 979
708 963
708 783
708 887
708 977
709 726
709 873
709 957
709 982
710 794
710 957
710 956
710 959
710 977
710 885
710 780
710 995
710 996
711 991
711 742
711 825
711 874
711 908
711 915
711 930
711 967
711 974
711 992
712 733
712 807
712 822
712 932
713 750
713 803
713 924
713 730
713 761
713 844
713 878
713 941
713 948
713 986
714 941
714 902
714 984
714 748
714 810
714 811
714 933
715 967
715 718
715 836
715 889
716 771
716 777
716 779
716 788
716 813
716 869
717 939
718 890
718 746
718 784
718 974
718 862
718 873
718 970
718 981
719 899
719 798
719 822
719 901
719 724
719 784
719 871
719 900
719 963
720 800
720 751
720 811
720 876
720 909
720 993
721 881
721 879
721 963
721 974
721 938
721 844
721 980
722 968
722 734
722 843
722 882
722 997
723 746
723 810
723 867
723 975
723 761
724 967
724 985
724 812
724 822
724 862
724 944
724 998
725 729
725 854
725 837
725 757
725 762
725 792
725 971
725 982
726 797
726 971
726 805
726 802
726 908
726 926
726 996
727 968
727 855
727 908
727 918
727 779
727 823
727 830
727 961
728 746
728 768
728 818
728 838
728 951
728 815
728 735
728 787
728 943
729 865
729 856
729 767
729 857
729 974
729 822
729 820
729 840
730 863
730 741
730 922
730 815
730 825
730 864
730 896
731 954
731 733
731 821
731 822
731 893
731 938
731 947
731 984
732 941
732 933
732 823
732 866
732 880
732 912
732 965
732 975
733 774
733 798
733 850
733 879
734 793
734 963
734 980
734 901
734 927
735 828
735 789
735 838
735 977
736 862
736 757
736 875
737 985
737 777
737 928
737 838
738 955
738 765
738 780
738 827
738 852
738 948
738 976
739 885
739 984
740 894
740 919
740 883
740 771
740 917
741 941
741 993
741 947
741 976
742 749
742 757
742 761
742 768
742 814
742 832
742 962
743 870
743 771
743 776
743 816
743 910
743 978
744 810
744 814
744 790
744 878
744 880
744 875
744 806
744 949
745 992
745 885
745 748
745 792
746 880
746 944
746 956
746 779
746 843
746 863
746 949
746 965
747 843
747 777
747 854
747 822
748 926
748 880
748 760
748 804
748 783
748 954
749 866
749 963
749 834
749 851
750 842
750 944
750 764
750 903
750 904
750 838
750 893
751 957
751 902
751 768
751 860
751 944
751 967
752 959
752 799
752 800
752 804
752 835
752 860
753 854
753 797
753 839
753 766
753 799
753 835
753 851
753 873
753 896
753 941
754 915
754 935
754 812
755 907
755 972
755 930
755 951
755 985
756 904
756 845
756 930
757 996
757 958
757 761
757 791
757 985
757 765
758 907
758 807
759 779
759 769
759 914
759 918
759 805
759 841
759 981
759 764
759 825
759 858
759 866
760 878
761 902
761 898
761 894
761 875
761 927
761 765
761 792
761 791
761 823
761 832
761 867
761 905
762 944
762 819
762 844
762 796
762 871
762 885
762 986
763 981
763 948
763 943
764 773
764 858
764 917
764 835
765 827
765 913
765 929
766 769
766 835
766 778
766 816
766 828
766 900
767 947
767 775
767 800
767 891
768 840
768 788
768 820
768 890
768 912
768 958
769 882
769 831
769 846
769 793
769 874
769 947
769 998
770 885
770 783
770 829
770 901
770 973
771 779
771 861
771 806
771 910
772 989
772 808
772 972
772 829
772 911
773 912
773 858
773 928
773 846
773 855
773 868
773 873
773 947
774 906
774 986
774 844
775 789
775 790
775 796
775 819
775 845
776 902
776 844
776 792
777 936
777 786
777 943
777 839
777 846
777 884
777 917
778 979
778 784
778 819
778 853
778 927
779 904
779 820
779 917
780 881
780 806
780 891
781 804
781 837
781 944
782 797
782 894
782 886
782 969
783 973
783 922
783 972
784 919
784 833
784 893
784 955
785 795
785 816
785 841
785 873
785 884
785 896
785 922
785 929
786 962
786 980
786 883
786 956
786 974
787 894
787 861
787 811
787 910
787 983
788 958
788 994
789 857
789 919
789 990
789 833
789 932
790 832
790 930
790 835
790 821
790 956
790 958
791 843
791 988
791 991
791 909
791 912
791 919
791 977
792 882
792 990
792 889
793 858
793 882
793 804
793 924
793 908
794 847
794 912
794 918
794 868
795 976
795 802
795 888
796 797
796 812
796 977
796 953
796 976
796 910
796 913
796 943
797 914
797 856
797 819
797 846
797 866
797 879
798 925
799 960
799 944
799 881
799 830
799 841
799 828
799 860
800 828
800 947
800 834
800 830
800 859
800 932
801 943
801 987
801 833
801 925
801 996
801 999
802 973
802 904
802 815
802 850
802 981
803 865
803 833
803 888
804 998
804 828
804 939
804 968
804 805
804 978
805 847
805 959
805 989
805 811
806 984
807 912
807 858
808 902
808 968
808 997
808 846
808 840
808 928
809 932
809 974
810 863
810 996
810 916
810 912
810 956
811 935
811 814
811 991
811 849
811 948
812 875
813 887
813 839
813 855
813 927
813 888
813 958
813 993
814 863
814 837
814 895
815 884
815 870
815 882
815 954
816 938
816 825
816 870
816 873
816 995
817 965
817 918
818 914
818 838
818 862
818 963
819 842
819 946
819 890
819 963
820 859
820 914
820 846
820 968
821 889
821 848
821 984
822 889
822 861
822 844
823 968
823 828
823 860
823 898
823 910
823 971
824 848
824 861
824 907
825 921
825 900
825 867
825 884
825 967
826 878
826 849
826 873
827 832
827 915
827 921
827 993
827 982
827 888
827 907
828 831
828 839
829 848
829 888
829 972
829 982
830 993
831 863
831 879
831 904
831 959
831 992
832 876
832 898
832 978
832 897
832 902
832 945
832 967
833 845
833 886
834 941
834 851
834 900
834 894
835 992
835 879
835 904
835 921
836 938
836 972
836 928
836 955
837 968
837 976
837 920
837 982
838 980
839 868
839 882
839 887
839 914
839 943
839 971
840 841
841 856
841 866
841 946
841 997
842 891
842 847
842 895
842 964
843 969
843 891
843 941
843 908
843 963
843 847
844 900
844 984
845 919
845 852
845 883
846 847
846 940
846 860
846 858
846 857
846 914
846 959
846 966
847 886
847 870
847 912
848 861
848 911
848 950
848 862
848 924
848 988
850 897
851 920
851 937
852 903
852 937
852 953
852 967
852 999
853 976
853 938
853 941
854 879
854 881
854 917
854 954
854 973
855 917
855 860
855 939
855 950
856 858
856 860
857 882
857 859
857 947
857 961
857 968
858 873
858 956
858 985
858 994
859 971
859 993
860 959
860 968
860 984
861 960
861 952
861 924
861 986
861 870
862 904
862 871
863 985
863 878
863 943
864 886
864 900
864 897
864 905
864 893
864 936
865 902
865 944
865 880
865 878
867 920
868 952
868 895
868 901
869 950
869 913
869 955
870 997
871 986
872 897
872 982
872 998
873 961
873 899
873 959
874 883
874 922
874 988
875 902
875 964
876 931
876 890
876 880
876 906
876 910
876 997
877 931
877 878
877 898
877 949
878 952
879 931
879 947
880 925
880 901
880 890
881 882
882 975
882 994
883 945
883 958
883 988
884 888
884 948
885 923
885 893
885 924
886 953
888 985
888 904
888 903
888 937
889 959
889 911
889 948
890 965
890 895
890 922
890 949
890 967
891 912
891 952
892 943
892 945
892 981
893 949
893 981
893 937
895 941
895 939
896 977
897 938
897 969
898 940
898 902
898 930
898 958
899 995
900 984
903 927
904 951
905 948
906 958
906 988
906 956
906 928
906 949
907 953
908 936
909 926
909 921
909 985
910 962
910 965
911 973
911 948
911 962
912 988
912 956
912 977
912 944
914 918
914 932
915 985
915 933
916 926
917 945
917 980
918 932
918 925
918 978
919 959
920 991
920 983
920 942
920 976
920 950
920 952
920 965
921 989
921 937
922 925
924 989
924 964
924 930
924 948
926 998
926 958
926 963
926 946
927 977
927 934
927 999
928 959
929 975
929 966
929 990
930 931
931 962
932 989
933 967
935 958
935 949
935 985
937 953
938 985
938 982
938 989
939 940
939 944
940 982
941 952
941 992
943 950
944 958
947 994
948 949
949 957
949 955
949 960
950 990
950 978
951 989
951 982
952 988
952 966
953 999
953 963
954 980
954 995
958 981
958 969
958 985
960 962
960 983
962 969
963 987
965 992
967 996
967 970
968 980
969 997
971 994
975 985
977 991
977 981
980 989
980 983
982 985
982 999
985 991
991 992
