0 936
0 443
0 230
0 281
0 739
0 863
0 511
0 192
0 907
0 270
0 20
0 70
0 151
0 199
0 208
0 253
0 351
0 362
0 532
0 617
0 628
0 740
0 764
0 794
0 838
0 880
0 895
1 290
1 762
1 44
1 31
1 236
1 523
1 170
1 206
1 24
1 78
1 101
1 104
1 193
1 238
1 240
1 389
1 586
1 634
1 639
1 648
1 751
1 934
1 974
2 901
2 631
2 415
2 378
2 353
2 30
2 297
2 92
2 498
2 487
2 740
2 184
2 633
2 5
2 154
2 171
2 221
2 237
2 288
2 484
2 497
3 484
3 522
3 464
3 292
3 667
3 898
3 96
3 651
3 439
3 531
3 146
3 919
3 555
3 712
3 472
3 136
3 144
3 333
3 370
3 379
3 466
3 540
3 575
3 635
3 682
3 706
4 227
4 202
4 315
4 254
4 320
4 916
4 812
4 131
4 982
4 482
4 735
4 768
4 834
4 773
4 181
4 213
4 259
4 295
4 318
4 421
4 514
4 601
4 622
4 683
4 791
4 805
4 810
4 860
4 979
5 215
5 392
5 153
5 650
5 856
5 618
5 64
5 73
5 83
5 483
5 498
5 533
5 596
5 603
5 609
5 835
5 888
5 991
6 367
6 695
6 724
6 819
6 490
6 998
6 930
6 317
6 863
6 319
6 356
6 414
6 455
6 456
6 535
6 545
6 588
6 778
6 899
6 947
7 650
7 418
7 431
7 620
7 211
7 797
7 268
7 58
7 929
7 73
7 16
7 124
7 162
7 288
7 483
7 499
7 648
7 691
7 696
7 814
7 931
7 946
8 38
8 833
8 756
8 205
8 936
8 370
8 229
8 766
8 898
8 180
8 931
8 608
8 707
8 492
8 401
8 519
8 718
8 101
8 161
8 286
8 368
8 379
8 523
8 598
8 635
9 126
9 129
9 51
9 45
9 22
9 101
9 240
9 325
9 389
9 487
9 523
9 879
9 885
10 582
10 131
10 753
10 505
10 511
10 192
10 326
10 599
10 870
11 640
11 296
11 991
11 257
11 558
11 194
11 423
11 706
11 932
11 60
11 337
11 343
11 415
11 427
11 453
11 476
11 530
11 618
11 691
11 693
11 806
12 522
12 874
12 990
12 665
12 593
12 637
12 471
12 305
12 634
12 101
12 161
12 208
12 214
12 321
12 395
12 484
12 709
12 802
12 866
12 868
13 64
13 690
13 676
13 309
13 595
13 797
13 253
13 424
13 504
13 912
13 810
13 601
13 951
13 470
13 413
13 811
13 449
13 52
13 77
13 79
13 261
13 303
13 516
13 602
13 729
13 740
13 870
13 880
13 998
14 865
14 618
14 649
14 429
14 983
14 603
14 437
14 215
14 958
14 710
14 43
14 946
14 596
14 890
14 345
14 784
14 288
14 191
14 237
14 260
14 334
14 400
14 726
14 809
14 839
14 846
14 851
14 942
15 257
15 620
15 418
15 242
15 92
15 202
15 429
15 114
15 237
15 196
15 544
15 403
15 193
15 297
15 385
15 546
15 596
15 611
15 705
15 767
15 839
15 865
15 946
15 983
16 244
16 242
16 941
16 227
16 423
16 631
16 485
16 99
16 382
16 394
16 284
16 991
16 904
16 954
16 370
16 796
16 721
16 219
16 279
16 521
16 670
16 747
16 766
16 840
16 946
16 983
17 640
17 487
17 932
17 380
17 609
17 308
17 230
17 142
17 741
17 747
17 443
17 613
17 546
17 118
17 91
17 208
17 989
17 470
17 792
17 34
17 158
17 366
17 59
17 82
17 145
17 172
17 203
17 247
17 348
17 351
17 357
17 733
17 774
17 778
17 834
17 916
17 960
17 971
18 545
18 97
18 73
18 319
18 388
18 504
18 561
18 579
18 636
18 773
19 951
19 74
19 168
19 167
19 892
19 196
19 231
19 20
19 90
19 105
19 163
19 184
19 198
19 259
19 285
19 385
19 486
19 599
19 784
19 908
19 936
19 985
20 774
20 456
20 971
20 694
20 557
20 805
20 613
20 486
20 428
20 196
20 870
20 895
20 683
20 73
20 82
20 105
20 199
20 258
20 491
20 517
20 527
20 692
20 735
20 739
20 828
20 939
20 960
21 917
21 475
21 34
21 371
21 331
21 282
21 355
21 56
21 73
21 101
21 157
21 216
21 251
21 268
21 280
21 348
21 366
21 386
21 543
21 552
21 636
21 742
21 806
21 913
21 955
22 620
22 267
22 646
22 675
22 749
22 460
22 751
22 321
22 264
22 707
22 129
22 826
22 519
22 41
22 867
22 452
22 556
22 263
22 528
22 621
22 764
22 860
22 866
22 927
22 986
23 760
23 895
23 643
23 928
23 795
23 380
23 819
23 784
23 704
23 422
23 681
23 55
23 76
23 131
23 479
23 544
23 562
23 588
23 687
23 714
23 894
24 829
24 500
24 856
24 194
24 257
24 437
24 407
24 748
24 954
24 951
24 280
24 29
24 92
24 99
24 154
24 162
24 215
24 221
24 223
24 296
24 297
24 438
24 533
24 596
24 759
24 836
24 969
25 539
25 559
25 98
25 335
25 381
25 393
25 416
25 449
25 493
25 524
25 580
25 622
25 722
25 835
26 603
26 552
26 350
26 666
26 177
26 487
26 339
26 276
26 529
26 896
26 144
26 557
26 951
26 140
26 171
26 213
26 273
26 490
26 713
27 135
27 120
27 325
27 864
27 73
27 475
27 759
27 323
27 532
27 653
27 788
27 964
28 497
28 896
28 367
28 289
28 631
28 903
28 43
28 153
28 438
28 485
28 489
28 577
28 889
29 319
29 173
29 335
29 793
29 796
29 719
29 627
29 917
29 614
29 727
29 73
29 359
29 633
29 580
29 576
29 239
29 364
29 390
29 406
29 412
29 420
29 689
30 901
30 190
30 501
30 770
30 572
30 171
30 513
30 392
30 825
30 705
30 367
30 587
30 510
30 347
30 822
30 409
30 35
30 68
30 107
30 185
30 205
30 257
30 508
30 631
30 889
31 846
31 104
31 96
31 697
31 712
31 48
31 761
31 41
31 125
31 164
31 240
31 315
31 373
31 389
31 435
31 457
31 469
31 621
31 682
31 706
31 922
32 631
32 38
32 362
32 424
32 443
32 300
32 982
32 446
32 76
32 212
32 224
32 405
32 505
32 828
33 706
33 50
33 167
33 73
33 148
33 149
33 245
33 523
33 535
33 593
33 604
33 639
33 648
33 675
33 716
33 728
33 756
33 762
33 802
34 483
34 905
34 910
34 686
34 112
34 383
34 169
34 219
34 388
34 431
34 446
34 507
34 573
34 660
34 790
34 793
34 807
34 913
35 841
35 476
35 981
35 502
35 431
35 234
35 748
35 337
35 567
35 36
35 694
35 561
35 53
35 194
35 494
35 553
35 638
35 656
35 726
35 745
35 946
35 987
36 382
36 353
36 946
36 506
36 37
36 106
36 234
36 296
36 354
36 361
36 431
36 437
36 463
36 552
36 696
36 808
36 836
36 873
36 876
36 879
36 976
36 983
37 946
37 889
37 845
37 99
37 568
37 584
37 175
37 73
37 138
37 251
37 338
37 382
37 525
37 553
37 653
37 772
37 861
37 903
37 938
37 953
38 705
38 246
38 840
38 210
38 237
38 163
38 211
38 217
38 314
38 367
38 462
38 498
38 552
38 670
38 680
38 732
38 754
38 809
38 814
38 865
38 946
38 954
38 958
39 287
39 150
39 837
39 711
39 330
39 303
39 213
39 225
39 362
39 414
39 440
39 545
39 641
39 647
39 815
39 838
39 947
40 666
40 729
40 559
40 597
40 134
40 399
40 51
40 73
40 100
40 411
40 426
40 534
40 545
40 580
40 629
40 669
40 746
40 759
40 771
40 873
40 918
40 966
40 999
41 101
41 656
41 695
41 481
41 657
41 119
41 542
41 484
41 252
41 496
41 592
41 957
41 644
41 144
41 125
41 977
41 867
41 801
41 924
41 104
41 117
41 279
41 619
41 658
41 709
41 905
41 931
41 933
42 215
42 531
42 895
42 677
42 239
42 173
42 554
42 858
42 100
42 97
42 110
42 119
42 232
42 426
42 520
42 655
42 662
42 864
43 177
43 358
43 772
43 153
43 483
43 138
43 221
43 234
43 273
43 276
43 289
43 638
43 668
43 717
43 809
43 944
44 164
44 762
44 321
44 718
44 621
44 615
44 697
44 421
44 403
44 124
44 226
44 602
44 690
44 731
44 749
44 936
44 961
45 950
45 890
45 542
45 593
45 481
45 122
45 749
45 313
45 109
45 172
45 249
45 275
45 370
45 512
45 528
45 531
45 540
45 578
45 728
45 789
45 885
45 986
46 148
46 484
46 919
46 82
46 279
46 471
46 560
46 674
46 756
46 777
46 997
47 460
47 514
47 724
47 277
47 470
47 281
47 557
47 94
47 311
47 711
47 468
47 136
47 154
47 299
47 301
47 375
47 622
47 692
47 963
48 237
48 368
48 871
48 73
48 744
48 434
48 239
48 541
48 677
48 909
48 369
48 108
48 179
48 248
48 319
48 363
48 451
48 480
48 493
48 507
48 570
48 583
48 610
48 857
48 902
49 243
49 488
49 336
49 204
49 322
49 907
49 935
49 92
49 114
49 180
49 307
49 353
49 360
49 547
49 597
49 632
49 640
49 691
49 815
50 608
50 695
50 731
50 332
50 279
50 600
50 586
50 881
50 81
50 281
50 136
50 205
50 345
50 621
50 763
50 843
50 952
51 581
51 848
51 659
51 695
51 148
51 862
51 768
51 103
51 126
51 332
51 473
51 674
51 716
51 818
52 603
52 473
52 195
52 403
52 98
52 480
52 783
52 744
52 145
52 642
52 955
52 73
52 135
52 232
52 360
52 425
52 448
52 607
52 681
52 799
52 830
52 844
53 903
53 64
53 591
53 431
53 99
53 745
53 839
53 251
53 361
53 578
53 892
53 83
53 262
53 527
53 701
53 802
53 946
54 946
54 506
54 269
54 663
54 741
54 988
54 168
54 916
54 574
54 208
54 82
54 218
54 258
54 270
54 421
54 440
54 474
54 520
54 599
54 631
54 643
54 711
54 914
54 937
55 825
55 787
55 613
55 362
55 225
55 208
55 729
55 87
55 259
55 311
55 461
55 698
55 737
55 911
56 990
56 570
56 271
56 198
56 782
56 465
56 73
56 187
56 249
56 263
56 315
56 390
56 457
56 472
56 935
56 994
57 651
57 374
57 907
57 124
57 916
57 167
57 628
57 94
57 91
57 795
57 511
57 295
57 713
57 224
57 280
57 298
57 733
57 743
57 755
57 771
57 963
57 973
58 128
58 364
58 534
58 693
58 145
58 857
58 698
58 551
58 73
58 721
58 241
58 120
58 219
58 312
58 319
58 341
58 412
58 520
58 681
58 684
58 689
58 751
58 827
59 600
59 119
59 101
59 292
59 129
59 287
59 866
59 430
59 724
59 897
59 155
59 72
59 143
59 400
59 531
59 620
59 659
59 936
60 392
60 127
60 553
60 453
60 533
60 832
60 987
60 904
60 613
60 107
60 301
60 343
60 423
60 671
60 702
61 233
61 562
61 440
61 643
61 747
61 73
61 74
61 84
61 251
61 269
61 324
61 555
61 676
61 768
61 797
61 908
61 931
61 989
62 243
62 453
62 632
62 946
62 444
62 678
62 378
62 339
62 623
62 368
62 458
62 127
62 415
62 466
62 510
62 739
62 754
62 983
63 593
63 400
63 205
63 644
63 615
63 808
63 396
63 263
63 81
63 110
63 125
63 172
63 356
63 373
63 484
63 621
63 690
63 707
63 801
63 843
63 848
63 944
63 976
64 946
64 185
64 515
64 743
64 235
64 941
64 567
64 901
64 385
64 140
64 343
64 452
64 680
65 696
65 718
65 951
65 280
65 940
65 799
65 554
65 157
65 294
65 425
65 561
65 684
65 761
65 807
65 991
66 361
66 564
66 74
66 551
66 73
66 363
66 325
66 75
66 86
66 93
66 110
66 251
66 323
66 364
66 457
66 580
66 686
66 793
66 980
67 292
67 389
67 325
67 157
67 681
67 943
67 73
67 375
67 509
67 126
67 187
67 398
67 434
67 448
67 642
67 677
67 720
67 773
67 780
67 853
67 966
68 138
68 920
68 221
68 438
68 710
68 901
68 846
68 772
68 354
68 168
68 171
68 183
68 431
68 591
68 632
68 809
68 833
68 885
68 942
68 946
69 454
69 395
69 803
69 389
69 238
69 85
69 116
69 148
69 164
69 333
69 401
69 433
69 481
69 573
69 766
69 860
69 923
70 914
70 322
70 575
70 471
70 543
70 875
70 263
70 781
70 152
70 598
70 917
70 193
70 321
70 412
70 708
71 987
71 846
71 615
71 924
71 73
71 769
71 462
71 744
71 859
71 955
71 335
71 507
71 589
71 713
71 909
72 306
72 883
72 735
72 327
72 996
72 136
72 595
72 452
72 795
72 925
73 176
73 732
73 620
73 946
73 717
73 876
73 888
73 193
73 333
73 718
73 651
73 528
73 332
73 949
73 675
73 867
73 961
73 756
73 306
73 230
73 311
73 724
73 118
73 301
73 167
73 768
73 786
73 330
73 142
73 181
73 271
73 935
73 793
73 776
73 434
73 636
73 141
73 386
73 915
73 120
73 462
73 783
73 216
73 627
73 610
73 792
73 366
73 550
73 864
73 419
73 134
73 576
73 331
73 664
73 201
73 796
73 155
73 560
73 614
73 187
73 959
73 964
73 742
73 844
73 359
73 655
73 115
73 687
73 304
73 112
73 432
73 349
73 475
73 398
73 589
73 624
73 719
73 607
73 288
73 811
73 108
73 955
73 109
73 570
73 157
73 790
73 326
73 360
73 97
73 559
73 827
73 371
73 922
73 403
73 681
73 534
73 761
73 364
73 536
73 853
73 698
73 135
73 265
73 391
73 139
73 256
73 703
73 905
73 442
73 239
73 821
73 561
73 375
73 369
73 554
73 232
73 323
73 206
73 923
73 404
73 669
73 412
73 585
73 966
73 642
73 179
73 158
73 282
73 902
73 541
73 133
73 785
73 413
73 580
73 913
73 77
73 78
73 96
73 106
73 116
73 130
73 137
73 182
73 195
73 200
73 222
73 241
73 245
73 266
73 287
73 291
73 294
73 319
73 325
73 329
73 335
73 355
73 363
73 381
73 383
73 388
73 390
73 393
73 399
73 405
73 422
73 426
73 441
73 446
73 451
73 456
73 460
73 467
73 478
73 493
73 509
73 517
73 535
73 556
73 565
73 569
73 583
73 588
73 594
73 609
73 619
73 622
73 629
73 653
73 670
73 684
73 686
73 689
73 709
73 720
73 721
73 723
73 727
73 738
73 755
73 769
73 770
73 773
73 774
73 779
73 788
73 801
73 806
73 817
73 818
73 831
73 835
73 847
73 857
73 869
73 897
73 906
73 909
73 910
73 917
73 918
73 927
73 940
73 945
73 977
73 992
73 994
74 620
74 635
74 997
74 351
74 963
74 747
74 725
74 420
74 692
74 804
74 584
74 94
74 142
74 154
74 169
74 213
74 295
74 327
74 417
74 421
74 428
74 624
74 683
74 813
74 827
75 961
75 165
75 971
75 441
75 565
75 391
75 312
75 326
75 811
75 830
75 842
75 698
75 673
75 111
75 137
75 521
75 529
75 580
75 746
75 799
75 929
76 499
76 227
76 529
76 874
76 711
76 760
76 582
76 440
76 218
76 233
76 251
76 300
76 302
76 412
76 421
76 423
76 505
76 675
76 784
76 850
77 758
77 895
77 374
77 452
77 222
77 96
77 115
77 258
77 295
77 308
77 459
77 613
77 753
77 794
77 985
78 651
78 802
78 396
78 657
78 867
78 401
78 848
78 117
78 261
78 332
78 697
78 791
78 900
79 515
79 397
79 163
79 973
79 147
79 408
79 374
79 268
79 828
79 655
79 91
79 230
79 250
79 259
79 870
79 896
80 499
80 407
80 522
80 240
80 316
80 588
80 380
80 994
80 713
80 917
80 434
80 187
80 541
80 115
80 133
80 141
80 256
80 451
80 653
80 842
81 772
81 890
81 661
81 125
81 166
81 256
81 272
81 433
81 495
81 540
81 635
81 644
81 688
81 690
81 759
81 848
81 867
81 877
81 927
81 936
81 986
82 378
82 726
82 517
82 299
82 196
82 456
82 951
82 113
82 907
82 894
82 301
82 778
82 247
82 330
82 815
82 893
82 989
83 438
83 631
83 515
83 620
83 243
83 938
83 235
83 832
83 983
83 502
83 115
83 497
83 577
83 678
83 701
83 823
83 836
83 946
84 379
84 522
84 283
84 778
84 224
84 184
84 985
84 414
84 150
84 774
84 421
84 324
84 511
84 583
84 294
84 811
84 175
84 311
84 451
84 479
84 582
84 590
84 741
84 782
84 893
84 912
85 285
85 522
85 240
85 389
85 712
85 496
85 272
85 322
85 808
85 860
85 637
85 634
85 313
85 116
85 575
85 229
85 236
85 356
85 469
85 707
85 777
85 884
85 890
86 887
86 914
86 890
86 201
86 569
86 721
86 864
86 467
86 198
86 541
86 404
86 475
86 465
86 158
86 206
86 319
86 349
86 664
86 740
86 953
87 839
87 567
87 826
87 519
87 639
87 259
87 167
87 880
87 192
87 532
87 915
87 633
87 282
87 286
87 595
87 734
87 947
88 128
88 298
88 299
88 758
88 925
88 737
88 714
88 768
88 733
88 566
88 951
88 459
88 259
88 798
88 113
88 151
88 214
88 261
88 277
88 449
88 609
88 612
88 775
88 810
88 894
88 998
89 148
89 791
89 308
89 838
89 301
89 218
89 209
89 163
89 928
89 905
89 169
89 213
89 303
89 532
89 546
89 711
89 729
89 960
89 992
90 714
90 295
90 91
90 514
90 118
90 209
90 897
90 574
90 422
90 124
90 168
90 214
90 218
90 225
90 256
90 277
90 308
90 544
90 599
90 645
90 725
90 778
90 785
90 797
90 888
90 892
90 916
91 300
91 733
91 601
91 113
91 317
91 196
91 131
91 169
91 193
91 247
91 334
91 374
91 408
91 443
91 482
91 517
91 579
91 770
91 908
92 431
92 499
92 483
92 577
92 149
92 649
92 969
92 409
92 251
92 547
92 676
92 691
92 702
93 435
93 145
93 847
93 630
93 673
93 594
93 534
93 265
93 793
93 323
93 139
93 238
93 335
93 364
93 416
93 478
93 480
93 516
93 561
93 693
93 727
93 773
93 835
93 994
94 163
94 452
94 450
94 330
94 972
94 699
94 138
94 447
94 622
94 641
94 662
94 711
94 737
94 747
94 837
94 947
94 960
94 998
95 851
95 854
95 644
95 155
95 135
95 406
95 198
95 551
95 929
95 112
95 117
95 249
95 331
95 346
95 416
95 509
95 677
95 795
95 824
95 829
95 859
95 940
96 581
96 712
96 389
96 803
96 716
96 890
96 379
96 763
96 695
96 848
96 664
96 141
96 125
96 287
96 340
96 555
96 802
96 818
96 862
96 881
96 891
96 919
96 936
96 990
97 473
97 821
97 573
97 462
97 955
97 331
97 404
97 158
97 257
97 312
97 349
97 499
97 601
97 642
97 749
97 776
98 409
98 807
98 441
98 636
98 923
98 360
98 371
98 399
98 465
98 468
98 527
98 723
98 796
98 873
98 994
99 220
99 833
99 839
99 876
99 251
99 183
99 186
99 243
99 260
99 508
99 631
99 660
99 736
99 767
99 845
99 946
99 991
100 389
100 742
100 630
100 325
100 565
100 388
100 113
100 115
100 159
100 187
100 219
100 465
100 698
101 453
101 967
101 146
101 777
101 818
101 933
101 430
101 786
101 294
101 164
101 333
101 439
101 496
101 503
101 512
101 667
101 682
101 709
101 802
101 978
101 995
102 746
102 799
102 539
102 331
102 120
102 924
102 779
102 451
102 413
102 576
102 425
102 537
102 773
103 578
103 122
103 818
103 252
103 657
103 144
103 621
103 891
103 659
103 272
103 264
103 395
103 749
103 310
103 377
103 275
103 985
103 935
103 117
103 185
103 344
103 635
103 656
103 990
104 287
104 471
104 581
104 718
104 531
104 644
104 992
104 293
104 469
104 508
104 540
104 546
104 832
104 854
104 860
104 933
104 949
104 961
105 521
105 110
105 985
105 166
105 170
105 281
105 317
105 327
105 492
105 532
105 679
105 733
105 787
105 813
105 945
105 971
105 989
106 660
106 217
106 736
106 950
106 846
106 832
106 983
106 943
106 190
106 273
106 876
106 946
107 453
107 477
107 487
107 344
107 865
107 177
107 700
107 501
107 913
107 636
107 234
107 427
107 640
107 767
107 908
108 629
108 462
108 664
108 256
108 614
108 173
108 179
108 182
108 232
108 301
108 359
108 365
108 466
108 628
108 630
108 669
108 742
109 530
109 712
109 637
109 784
109 406
109 655
109 746
109 216
109 425
109 182
109 959
109 340
109 115
109 206
109 257
109 448
109 610
109 616
109 636
109 684
109 686
109 847
109 906
110 336
110 730
110 934
110 826
110 313
110 122
110 898
110 578
110 592
110 503
110 665
110 762
110 977
110 860
110 689
110 116
110 161
110 348
110 542
110 604
110 706
110 803
110 818
110 867
110 961
111 702
111 945
111 585
111 563
111 371
111 265
111 462
111 738
111 811
111 364
111 475
111 319
111 360
111 383
111 411
111 472
111 480
111 594
111 835
111 847
111 857
111 858
111 929
112 125
112 455
112 807
112 722
112 629
112 265
112 785
112 966
112 198
112 232
112 245
112 390
112 432
112 474
112 550
112 573
112 667
112 738
112 848
112 918
112 959
113 531
113 258
113 758
113 175
113 286
113 133
113 224
113 300
113 320
113 405
113 455
113 545
113 584
113 726
113 741
113 829
113 838
113 893
113 899
113 928
114 347
114 275
114 446
114 319
114 138
114 143
114 191
114 210
114 297
114 336
114 339
114 354
114 367
114 378
114 500
114 506
114 691
115 246
115 661
115 135
115 133
115 842
115 721
115 727
115 451
115 853
115 831
115 551
115 386
115 139
115 141
115 280
115 459
115 556
115 621
115 655
115 847
116 497
116 885
116 866
116 872
116 310
116 657
116 675
116 122
116 193
116 304
116 322
116 332
116 380
116 439
116 718
116 997
117 875
117 877
117 396
117 730
117 180
117 262
117 272
117 356
117 402
117 709
117 731
117 751
117 752
117 933
118 613
118 912
118 532
118 324
118 259
118 786
118 147
118 192
118 196
118 207
118 214
118 316
118 362
118 408
118 420
118 447
118 566
118 609
118 628
118 636
118 647
118 775
118 870
118 899
118 955
119 874
119 548
119 152
119 891
119 801
119 445
119 625
119 578
119 634
119 875
119 963
119 196
119 282
119 502
119 523
119 818
119 826
120 946
120 890
120 835
120 917
120 607
120 655
120 478
120 576
120 157
120 340
120 398
120 411
120 559
120 616
120 823
121 154
121 189
121 499
121 194
121 485
121 476
121 754
121 594
121 827
121 127
121 140
121 296
121 336
121 453
121 760
121 770
121 823
121 825
121 938
122 227
122 207
122 875
122 688
122 540
122 709
122 600
122 891
122 161
122 376
122 751
122 373
122 559
122 177
122 205
122 292
122 481
122 635
122 867
122 879
123 662
123 213
123 491
123 628
123 302
123 384
123 741
123 372
123 964
123 168
123 328
123 363
123 599
123 622
123 641
123 690
123 765
123 996
123 998
124 582
124 566
124 212
124 973
124 181
124 150
124 837
124 231
124 260
124 300
124 588
124 724
124 925
125 851
125 763
125 252
125 592
125 986
125 540
125 548
125 949
125 523
125 578
125 667
125 635
125 469
125 144
125 531
125 800
125 129
125 808
125 651
125 432
125 811
125 542
125 777
125 881
125 921
125 950
126 957
126 688
126 661
126 322
126 651
126 365
126 990
126 345
126 581
126 265
126 164
126 275
126 287
126 427
126 481
126 886
127 840
127 670
127 770
127 128
127 865
127 772
127 361
127 153
127 431
127 920
127 832
127 718
127 617
127 746
127 618
127 764
127 985
128 521
128 436
128 223
128 296
128 188
128 143
128 409
128 631
128 839
128 496
128 880
128 532
128 256
128 161
128 171
128 215
128 244
128 251
128 463
128 483
128 690
128 975
128 981
129 306
129 848
129 800
129 365
129 512
129 545
129 140
129 348
129 356
129 401
129 439
129 526
129 706
129 707
129 802
129 867
130 246
130 343
130 680
130 337
130 215
130 201
130 759
130 713
130 681
130 448
130 383
130 245
130 742
130 684
130 467
130 304
130 393
131 822
131 841
131 279
131 813
131 505
131 613
131 724
131 317
131 908
131 491
131 397
131 793
131 782
131 139
131 450
131 737
131 739
131 798
131 880
132 176
132 542
132 519
132 956
132 308
132 181
132 601
132 384
132 916
132 951
132 516
132 241
132 169
132 221
132 254
132 375
132 433
132 459
132 464
132 729
132 741
132 893
133 771
133 187
133 155
133 182
133 200
133 404
133 425
133 457
133 465
133 569
133 576
133 583
133 601
133 689
133 711
133 776
133 782
133 816
133 923
133 940
133 980
134 290
134 699
134 883
134 222
134 355
134 673
134 206
134 219
134 319
134 333
134 364
134 441
134 509
134 514
134 630
134 831
134 869
134 906
135 426
135 629
135 782
135 722
135 537
135 232
135 909
135 179
135 323
135 654
135 779
135 906
136 754
136 662
136 699
136 150
136 261
136 768
136 517
136 250
136 850
136 628
136 773
136 222
136 642
136 247
136 543
136 743
137 889
137 722
137 630
137 842
137 359
137 565
137 910
137 249
137 294
137 326
137 399
137 548
137 559
137 597
137 677
137 698
137 783
137 790
137 806
137 917
138 244
138 678
138 975
138 671
138 767
138 814
138 202
138 902
138 806
138 162
138 197
138 204
138 429
138 488
138 521
138 596
138 680
138 822
138 967
139 332
139 720
139 924
139 769
139 451
139 432
139 817
139 280
139 831
139 355
139 388
139 412
139 416
139 597
139 599
139 776
139 790
139 814
139 842
139 860
139 907
139 915
140 244
140 840
140 941
140 477
140 763
140 268
140 149
140 177
140 183
140 188
140 191
140 251
140 260
140 276
140 385
140 414
140 506
140 591
140 623
140 638
140 722
141 770
141 881
141 144
141 683
141 170
141 253
141 178
141 403
141 827
141 534
141 720
141 940
141 318
141 377
141 457
141 462
141 790
142 494
142 971
142 897
142 828
142 293
142 900
142 309
142 778
142 504
142 196
142 928
142 165
142 175
142 213
142 254
142 422
142 544
142 711
142 947
142 963
142 972
143 307
143 237
143 423
143 177
143 477
143 261
143 262
143 421
143 530
143 705
143 841
143 851
143 855
143 856
143 933
143 941
144 745
144 716
144 986
144 879
144 919
144 306
144 310
144 396
144 373
144 370
144 146
144 993
144 290
144 659
144 352
144 201
144 292
144 315
144 531
144 575
144 658
144 868
144 921
144 934
145 865
145 351
145 406
145 677
145 616
145 554
145 158
145 162
145 179
145 346
145 468
145 619
145 702
145 703
145 995
146 460
146 997
146 731
146 454
146 161
146 252
146 284
146 338
146 372
146 445
146 453
146 456
146 578
146 581
146 583
146 646
146 682
146 862
146 891
146 931
147 892
147 165
147 450
147 725
147 504
147 511
147 302
147 532
147 672
147 389
147 545
147 838
147 893
147 899
148 578
148 439
148 496
148 180
148 843
148 728
148 890
148 661
148 182
148 205
148 236
148 238
148 247
148 278
148 363
148 365
148 445
148 454
148 481
148 606
148 635
148 648
148 802
148 848
148 860
148 934
148 949
148 974
149 533
149 186
149 382
149 678
149 488
149 207
149 211
149 495
149 338
149 380
149 385
149 494
149 668
149 669
149 671
149 772
149 938
149 983
150 435
150 316
150 820
150 302
150 412
150 417
150 546
150 606
150 732
150 774
150 907
150 944
151 890
151 606
151 175
151 595
151 318
151 196
151 479
151 495
151 582
151 685
151 786
151 787
151 797
151 885
151 916
152 290
152 756
152 957
152 838
152 183
152 313
152 389
152 433
152 548
152 656
152 716
152 801
152 990
153 572
153 882
153 344
153 429
153 948
153 385
153 547
153 518
153 905
153 255
153 260
153 407
153 514
153 595
153 663
153 743
154 244
154 354
154 889
154 339
154 549
154 198
154 237
154 267
154 409
154 516
154 579
154 612
154 976
155 568
155 636
155 847
155 214
155 216
155 352
155 404
155 475
155 507
155 943
156 720
156 366
156 788
156 589
156 796
156 157
156 239
156 367
156 410
156 412
156 432
156 509
156 525
156 673
156 677
156 686
156 769
156 821
156 905
156 929
156 952
157 674
157 959
157 478
157 200
157 329
157 630
157 782
157 364
157 869
157 355
157 446
157 319
157 323
157 334
157 556
157 669
157 722
157 952
158 731
158 908
158 900
158 785
158 918
158 266
158 169
158 245
158 388
158 451
158 524
158 721
158 909
159 569
159 245
159 783
159 782
159 959
159 235
160 823
160 882
160 415
160 549
160 455
160 722
160 197
160 297
160 339
160 345
160 552
160 577
160 632
160 701
160 814
160 889
160 991
161 339
161 749
161 174
161 166
161 718
161 481
161 575
161 731
161 199
161 240
161 401
161 439
161 678
161 707
161 725
161 921
162 334
162 953
162 437
162 501
162 506
162 631
162 987
162 650
162 914
162 618
162 976
162 975
162 811
162 207
162 444
162 488
162 767
162 981
163 544
163 760
163 916
163 647
163 456
163 850
163 302
163 797
163 956
163 985
163 165
163 218
163 283
163 330
163 384
163 417
163 428
163 440
163 455
163 550
163 662
163 946
164 862
164 730
164 469
164 803
164 675
164 751
164 505
164 609
164 290
164 315
164 354
164 376
164 435
164 568
164 665
164 763
164 877
164 995
165 672
165 574
165 988
165 584
165 212
165 214
165 286
165 459
165 562
165 970
166 826
166 756
166 657
166 957
166 586
166 675
166 932
166 695
166 600
166 253
166 478
166 183
166 503
166 854
167 567
167 592
167 424
167 725
167 985
167 574
167 233
167 330
167 387
167 450
167 495
167 698
167 724
167 735
167 737
167 813
167 850
167 925
168 476
168 804
168 753
168 351
168 258
168 820
168 319
168 225
168 228
168 470
168 663
168 710
168 715
169 502
169 377
169 735
169 893
169 609
169 538
169 774
169 985
169 175
169 372
169 486
169 787
169 870
170 356
170 490
170 574
170 286
170 795
170 794
170 330
170 363
170 683
170 737
170 760
170 805
170 915
170 973
170 989
171 946
171 423
171 743
171 896
171 285
171 638
171 338
171 394
171 273
171 430
171 564
171 324
171 175
171 197
171 221
171 267
171 304
171 463
171 780
171 825
172 523
172 555
172 934
172 854
172 608
172 986
172 275
172 496
172 682
172 345
172 886
172 174
172 936
172 193
172 598
172 604
172 709
172 921
173 194
173 727
173 917
173 536
173 383
173 905
173 853
173 669
173 468
173 935
174 611
174 598
174 275
174 379
174 854
174 808
174 933
174 310
174 639
174 872
174 634
174 278
174 283
174 333
174 439
174 581
174 706
174 731
174 890
174 919
174 927
175 458
175 838
175 199
175 758
175 900
175 504
175 538
175 956
175 580
175 214
175 230
175 253
175 308
175 384
175 455
175 590
175 628
175 784
175 908
175 978
175 979
176 823
176 361
176 529
176 591
176 593
176 718
176 208
176 378
176 500
176 518
176 586
176 643
176 666
176 668
176 732
176 743
176 901
176 953
177 237
177 185
177 748
177 407
177 809
177 285
177 754
177 235
177 603
177 535
177 190
177 210
177 337
177 508
177 531
177 889
177 914
178 180
178 441
178 222
178 945
178 301
178 432
178 444
178 520
178 554
178 669
178 980
179 713
179 924
179 391
179 537
179 771
179 627
179 413
179 200
179 769
179 909
179 319
179 594
180 338
180 252
180 264
180 292
180 295
180 377
180 396
180 600
180 701
180 709
180 751
180 867
180 879
180 933
181 947
181 584
181 982
181 951
181 380
181 196
181 544
181 286
181 250
181 268
181 491
181 805
181 819
181 893
181 894
182 904
182 646
182 574
182 228
182 737
182 787
182 617
182 554
182 219
182 655
182 270
182 565
182 349
182 573
182 216
182 319
182 331
182 433
182 442
182 576
182 703
182 719
182 799
183 903
183 236
183 648
183 368
183 936
183 568
183 229
183 815
183 374
183 287
183 800
183 990
184 975
184 916
184 584
184 461
184 201
184 302
184 308
184 316
184 505
184 532
184 720
184 758
184 795
184 798
184 807
184 900
184 979
185 946
185 596
185 991
185 638
185 969
185 611
185 840
185 884
185 317
185 506
185 510
185 587
185 804
185 937
185 987
186 618
186 255
186 754
186 946
186 547
186 337
186 865
186 382
186 809
186 436
186 498
186 910
186 234
186 242
186 419
186 425
186 439
186 444
186 515
186 619
186 642
186 660
186 680
186 696
186 745
186 845
186 882
186 904
186 941
187 536
187 451
187 391
187 940
187 245
187 468
187 859
187 669
187 249
187 363
187 364
187 399
187 554
187 595
187 720
187 738
187 742
187 761
188 839
188 392
188 757
188 620
188 770
188 435
188 837
188 913
188 380
188 498
188 748
188 761
188 876
188 903
188 992
189 344
189 453
189 660
189 243
189 463
189 552
189 577
189 579
189 620
189 767
190 423
190 361
190 436
190 558
190 336
190 204
190 547
190 508
190 344
190 326
190 341
190 325
190 234
190 246
190 350
190 566
190 691
190 833
190 946
191 946
191 889
191 958
191 438
191 242
191 499
191 981
191 872
191 959
191 256
191 314
191 444
191 587
191 808
191 876
191 901
192 511
192 316
192 893
192 892
192 965
192 247
192 424
192 442
192 212
192 253
192 300
192 606
192 813
192 870
193 884
193 578
193 789
193 433
193 430
193 379
193 656
193 389
193 999
193 321
193 377
193 665
193 718
193 886
193 961
193 977
194 276
194 632
194 235
194 211
194 553
194 552
194 453
194 697
194 715
194 557
194 617
194 686
194 429
194 555
194 572
194 780
194 839
194 987
195 390
195 346
195 859
195 924
195 746
195 331
195 610
195 541
195 769
195 790
195 326
195 216
195 288
195 713
196 217
196 483
196 417
196 951
196 317
196 482
196 897
196 849
196 247
196 348
196 470
196 532
196 566
196 588
196 677
196 797
197 297
197 770
197 246
197 477
197 638
197 572
197 337
197 780
197 948
197 339
197 258
197 744
197 924
197 243
197 423
197 530
197 635
197 671
197 750
197 888
197 889
197 927
197 946
198 324
198 302
198 849
198 419
198 239
198 687
198 398
198 776
198 352
198 633
198 684
198 721
198 761
198 842
199 351
199 892
199 387
199 574
199 971
199 853
199 250
199 300
199 450
199 524
199 582
199 584
199 595
199 715
199 735
199 797
199 812
199 828
199 894
199 899
199 928
199 970
199 972
200 552
200 389
200 280
200 478
200 744
200 442
200 551
200 441
200 325
200 906
200 291
200 406
200 446
200 610
200 723
200 871
200 980
200 994
201 405
201 271
201 744
201 565
201 341
201 475
201 857
201 222
201 909
201 771
201 325
201 677
201 720
201 722
201 783
202 244
202 981
202 605
202 497
202 508
202 527
202 678
202 702
202 710
202 748
202 750
203 252
203 970
203 916
203 965
203 474
203 213
203 269
203 309
203 715
203 725
203 834
203 989
204 334
204 671
204 431
204 772
204 483
204 508
204 631
204 530
204 228
204 290
204 498
204 501
204 845
204 920
205 278
205 661
205 279
205 932
205 528
205 789
205 439
205 348
205 604
205 879
205 290
205 413
205 352
205 236
205 380
205 464
205 905
206 946
206 858
206 434
206 653
206 559
206 689
206 652
206 413
206 245
206 323
206 569
206 595
206 755
206 916
207 385
207 888
207 983
207 453
207 502
207 701
207 476
207 623
207 570
207 329
207 358
207 427
207 456
207 696
207 822
208 843
208 695
208 564
208 794
208 609
208 505
208 984
208 225
208 274
208 422
208 424
208 704
208 787
208 797
208 908
208 939
208 947
209 494
209 733
209 228
209 268
209 319
209 595
209 612
209 647
209 692
209 784
209 850
209 900
209 978
209 979
210 887
210 489
210 418
210 235
210 502
210 429
210 650
210 901
210 706
210 435
210 970
210 666
210 767
210 839
210 882
210 904
210 953
211 500
211 427
211 631
211 296
211 961
211 471
211 255
211 281
211 476
211 489
211 498
211 577
211 750
211 836
211 887
211 950
212 768
212 837
212 930
212 985
212 226
212 245
212 261
212 455
212 590
212 692
212 714
212 741
212 820
212 960
212 965
213 986
213 728
213 595
213 218
213 815
213 422
213 978
213 574
213 268
213 404
213 532
213 650
214 696
214 298
214 455
214 870
214 557
214 908
214 408
214 724
214 532
214 973
214 935
214 493
214 218
214 308
214 318
214 482
214 488
214 491
214 566
214 897
214 960
215 485
215 227
215 700
215 620
215 954
215 354
215 382
215 427
215 499
215 510
215 525
215 545
215 552
215 696
215 745
215 953
216 543
216 711
216 299
216 664
216 955
216 386
216 617
216 398
216 782
216 703
216 349
216 929
216 404
216 359
216 570
217 489
217 832
217 650
217 887
217 770
217 836
217 427
217 946
217 632
217 737
217 223
217 267
217 292
217 385
217 423
217 638
217 938
217 941
218 737
218 511
218 318
218 327
218 514
218 421
218 787
218 786
218 247
218 408
218 543
218 584
218 662
219 725
219 779
219 442
219 493
219 341
219 346
219 796
219 959
219 425
219 468
219 478
219 642
219 687
219 746
220 508
220 888
220 567
220 717
220 438
220 521
220 696
220 870
220 938
220 942
220 953
221 618
221 668
221 620
221 931
221 255
221 392
221 394
221 485
221 640
221 650
221 678
221 899
221 914
221 946
222 875
222 293
222 636
222 792
222 952
222 493
222 842
222 821
222 771
222 391
222 369
222 386
222 472
222 537
222 554
223 273
223 865
223 271
223 343
223 353
223 476
223 498
223 510
223 754
224 482
224 609
224 863
224 428
224 768
224 834
224 605
224 672
224 286
224 320
224 791
224 797
224 820
224 836
224 883
224 912
224 916
224 946
225 485
225 975
225 989
225 562
225 303
225 892
225 774
225 269
225 261
225 908
225 912
225 504
225 352
225 302
225 318
225 379
225 486
225 897
225 936
226 231
226 900
226 971
226 850
226 308
226 482
226 253
226 303
226 336
226 410
226 455
226 960
226 988
227 680
227 840
227 921
227 625
227 560
227 242
227 409
227 489
227 604
227 691
227 726
227 757
227 896
227 920
227 946
228 825
228 593
228 837
228 414
228 819
228 387
228 897
228 641
228 899
228 812
228 258
228 233
228 247
228 261
228 316
228 428
228 676
228 679
228 912
229 986
229 891
229 944
229 430
229 866
229 379
229 389
229 709
229 279
229 936
229 540
229 619
229 280
229 252
229 272
229 313
229 376
229 481
229 604
229 752
229 802
229 878
230 697
230 316
230 520
230 928
230 834
230 984
230 330
230 384
230 584
230 651
230 812
230 877
230 883
230 963
231 272
231 387
231 440
231 259
231 883
231 699
231 795
231 565
231 316
231 327
231 417
231 425
231 612
231 622
231 636
231 643
231 653
231 784
231 804
231 826
232 669
232 597
232 827
232 633
232 256
232 280
232 312
232 337
232 366
232 507
232 571
232 764
232 773
233 626
233 320
233 894
233 281
233 283
233 309
233 372
233 397
233 514
233 544
233 590
233 599
233 768
233 923
233 925
233 951
233 960
233 970
233 979
234 558
234 429
234 515
234 754
234 631
234 876
234 750
234 593
234 778
234 328
234 346
234 682
234 832
234 946
235 547
235 975
235 527
235 533
235 298
235 423
235 680
235 852
235 888
235 939
236 453
236 382
236 637
236 376
236 396
236 389
236 400
236 919
236 275
236 581
236 342
236 379
236 433
236 962
237 754
237 436
237 547
237 941
237 477
237 284
237 339
237 815
237 817
237 285
237 423
237 494
237 497
237 710
237 876
238 646
238 342
238 716
238 728
238 568
238 712
238 635
238 575
238 634
238 345
238 348
238 542
238 671
238 706
238 997
239 975
239 812
239 834
239 505
239 534
239 617
239 943
239 341
239 759
239 721
239 266
239 352
239 484
239 536
239 571
239 614
239 788
239 855
239 942
240 533
240 290
240 535
240 332
240 967
240 697
240 607
240 365
240 484
240 875
241 457
241 917
241 536
241 652
241 291
241 328
241 363
241 406
241 461
241 493
241 559
241 594
241 723
241 821
241 831
241 841
241 844
241 873
241 994
242 736
242 861
242 463
242 841
242 622
242 284
242 378
242 487
242 488
242 489
242 551
242 552
242 611
242 724
242 743
242 748
242 889
242 920
242 969
243 476
243 494
243 825
243 354
243 497
243 772
243 596
243 889
243 792
243 334
243 987
244 904
244 953
244 591
244 488
244 262
244 402
244 438
244 515
244 574
244 754
244 839
244 882
244 887
244 914
244 938
244 946
244 950
245 591
245 679
245 576
245 994
245 363
245 627
245 858
245 673
245 341
245 425
245 652
245 693
245 761
245 783
245 824
245 923
246 958
246 530
246 501
246 758
246 265
246 328
246 342
246 354
246 358
246 438
246 638
246 666
246 993
247 409
247 757
247 679
247 281
247 459
247 963
247 973
247 786
247 641
247 574
247 505
247 765
247 369
247 298
247 628
247 811
248 518
248 872
248 936
248 306
248 874
248 637
248 706
248 481
248 697
248 292
248 359
248 698
249 489
249 632
249 829
249 424
249 326
249 929
249 265
249 959
249 782
249 835
249 571
249 563
249 855
249 399
249 412
249 449
249 909
249 952
250 987
250 450
250 514
250 737
250 268
250 286
250 398
250 447
250 549
250 596
250 647
250 692
250 724
250 911
250 930
251 620
251 409
251 941
251 743
251 865
251 696
251 680
251 754
251 533
251 814
251 521
251 946
251 361
251 618
251 902
251 273
251 339
251 638
251 786
251 999
252 743
252 469
252 310
252 697
252 648
252 512
252 962
252 403
252 457
252 523
252 535
252 642
252 657
252 867
252 868
252 898
252 927
253 603
253 567
253 762
253 794
253 733
253 787
253 850
253 786
253 828
253 813
253 714
253 360
253 425
253 546
253 628
253 804
254 995
254 916
254 837
254 309
254 455
254 538
254 595
254 711
254 768
254 870
255 976
255 579
255 696
255 328
255 358
255 650
255 634
255 285
255 295
255 349
255 591
255 700
255 717
255 942
256 840
256 543
256 266
256 633
256 537
256 759
256 359
256 371
256 388
256 398
256 507
256 796
256 830
257 671
257 527
257 339
257 463
257 444
257 326
257 437
257 438
257 650
257 700
257 976
258 601
258 925
258 764
258 715
258 643
258 778
258 516
258 384
258 645
258 758
258 912
259 512
259 424
259 455
259 443
259 978
259 584
259 420
259 672
259 641
259 277
259 417
259 516
259 517
259 613
259 628
259 685
259 715
259 758
259 767
259 951
259 996
260 726
260 953
260 770
260 809
260 620
260 461
260 295
260 314
260 328
260 367
260 415
260 476
260 624
260 691
260 745
260 950
261 763
261 593
261 621
261 883
261 320
261 421
261 517
261 663
261 311
261 474
261 849
261 327
261 830
261 443
261 548
261 615
261 735
262 553
262 502
262 987
262 748
262 705
262 823
262 770
262 418
262 472
262 344
262 410
262 427
262 489
262 570
262 798
262 948
263 581
263 752
263 368
263 756
263 867
263 843
263 648
263 376
263 627
263 290
263 466
263 514
263 518
263 555
263 586
263 602
263 604
263 635
263 707
263 957
263 977
264 463
264 376
264 368
264 568
264 742
264 454
264 503
264 635
264 688
264 706
264 708
264 731
264 789
264 818
265 946
265 403
265 312
265 277
265 323
265 329
265 383
265 467
265 509
265 607
265 913
265 923
266 291
266 943
266 319
266 451
266 403
266 559
266 755
267 502
267 273
267 833
267 367
267 522
267 397
267 464
267 552
267 572
267 611
267 776
267 861
267 946
267 953
268 786
268 456
268 397
268 989
268 982
268 810
268 725
268 795
268 308
268 318
268 491
268 979
269 867
269 870
269 734
269 562
269 694
269 812
269 795
269 303
269 324
269 417
269 482
269 545
269 628
269 636
269 763
269 907
269 992
270 604
270 518
270 918
270 355
270 371
270 561
270 630
270 723
270 288
270 323
270 363
270 381
270 594
270 597
270 669
270 994
271 321
271 439
271 578
271 698
271 681
271 580
271 359
271 326
271 746
271 364
271 411
271 457
271 472
271 475
271 504
271 630
271 642
271 727
271 824
272 279
272 646
272 749
272 321
272 697
272 355
272 345
272 604
272 716
272 760
272 867
272 921
272 936
273 343
273 334
273 882
273 981
273 355
273 336
273 415
273 485
273 515
273 549
273 591
273 622
273 727
274 659
274 713
274 364
274 524
274 561
274 383
274 873
274 594
274 922
274 782
274 633
274 413
274 399
274 539
274 369
274 551
274 693
274 817
274 909
275 697
275 555
275 368
275 466
275 730
275 592
275 936
275 968
275 401
275 540
275 598
275 818
275 986
276 948
276 343
276 500
276 888
276 328
276 337
276 946
276 660
276 668
276 666
276 567
276 339
276 598
276 672
276 467
276 527
276 968
276 974
277 957
277 545
277 482
277 989
277 725
277 410
277 461
277 516
277 486
277 327
277 298
277 794
277 951
277 541
277 551
277 440
278 321
278 548
278 968
278 322
278 466
278 473
278 604
278 688
278 874
279 321
279 342
279 389
279 752
279 586
279 713
279 305
279 398
279 555
279 604
279 621
279 648
279 854
279 866
279 878
279 879
280 522
280 776
280 441
280 570
280 434
280 806
280 340
280 345
280 417
280 449
280 571
280 616
280 640
280 654
280 681
280 792
280 842
280 844
280 910
281 602
281 765
281 293
281 812
281 758
281 490
281 478
281 380
281 509
281 520
282 512
282 597
282 478
282 355
282 419
282 534
282 629
282 703
282 793
283 429
283 839
283 400
283 542
283 934
283 313
283 535
283 357
283 854
283 338
283 345
283 356
283 464
283 512
283 523
283 602
283 621
283 648
283 658
283 752
283 872
283 944
284 549
284 358
284 429
284 508
284 513
284 530
284 638
284 726
284 780
284 883
284 969
285 876
285 296
285 618
285 942
285 415
285 500
285 533
285 832
285 699
285 378
285 418
285 494
285 577
285 620
285 702
285 726
285 822
285 824
285 882
285 901
285 933
286 298
286 384
286 293
286 566
286 747
286 873
286 582
286 740
286 760
286 805
287 463
287 708
287 695
287 389
287 604
287 368
287 651
287 384
287 795
287 398
287 400
287 407
287 425
287 749
287 789
287 818
288 576
288 796
288 560
288 583
288 366
288 610
288 561
288 687
288 940
288 595
288 844
289 680
289 836
289 839
289 946
289 579
289 530
289 402
289 470
289 726
289 976
290 665
290 305
290 310
290 343
290 373
290 389
290 445
290 551
290 635
290 801
290 986
291 927
291 449
291 551
291 905
291 633
291 335
291 796
291 583
291 536
291 769
291 509
291 606
291 664
291 821
291 824
291 943
292 709
292 697
292 396
292 634
292 401
292 464
292 698
292 331
292 542
292 563
292 688
292 784
292 872
292 996
293 724
293 588
293 911
293 359
293 719
293 662
293 679
293 715
293 812
293 899
293 926
294 904
294 461
294 738
294 462
294 341
294 432
294 852
294 326
294 673
294 909
294 807
294 335
294 366
294 376
294 412
294 565
294 655
294 689
294 793
294 918
295 447
295 739
295 850
295 815
295 820
295 491
295 301
295 590
295 450
295 734
295 819
296 453
296 603
296 567
296 336
296 339
296 361
296 437
296 498
296 529
297 770
297 666
297 431
297 772
297 435
297 821
297 576
297 825
297 865
297 897
297 914
298 430
298 520
298 970
298 588
298 794
298 474
298 606
298 384
298 456
298 559
298 714
298 810
298 908
299 988
299 746
299 318
299 366
299 376
299 405
299 470
299 481
299 622
299 663
299 755
299 897
299 899
299 947
300 306
300 737
300 405
300 692
300 724
300 544
300 960
300 734
300 388
300 417
300 443
300 479
300 672
300 784
300 820
300 834
300 908
301 314
301 543
301 739
301 729
301 410
301 417
301 420
301 893
301 492
301 544
301 613
301 655
301 805
301 951
301 970
302 344
302 350
302 641
302 733
302 645
302 765
302 972
302 486
302 482
302 907
302 456
302 495
302 725
302 740
303 696
303 699
303 798
303 989
303 420
303 820
303 520
303 526
303 574
303 826
304 378
304 722
304 524
304 478
304 719
304 307
304 323
304 375
304 408
304 432
304 457
304 619
304 654
304 703
304 742
304 759
304 771
304 909
304 917
305 503
305 526
305 688
305 600
305 484
305 586
305 332
305 356
305 413
305 788
305 321
305 433
305 531
305 543
305 602
305 651
305 854
305 877
305 921
305 944
305 967
306 756
306 471
306 706
306 340
306 655
306 395
306 433
306 531
306 656
306 808
306 854
306 963
307 650
307 572
307 513
307 358
307 567
307 591
307 635
307 654
307 745
307 757
307 833
307 845
307 906
307 942
308 941
308 862
308 317
308 863
308 479
308 491
308 490
308 970
308 892
308 537
308 516
308 609
308 617
308 880
309 867
309 758
309 405
309 461
309 895
309 960
309 765
309 520
309 672
309 687
309 704
309 733
309 939
309 972
309 979
310 854
310 977
310 706
310 471
310 749
310 667
310 690
310 944
310 718
310 949
310 365
310 890
310 370
310 897
310 461
310 320
310 789
310 802
311 504
311 490
311 768
311 330
311 805
311 797
311 883
311 478
311 312
311 423
311 532
311 566
311 595
311 679
311 685
311 692
311 694
311 696
311 707
311 726
311 737
311 774
311 897
311 928
311 938
311 963
312 876
312 556
312 906
312 413
312 319
312 404
312 871
312 816
312 325
312 366
312 585
312 727
312 754
312 859
312 923
312 924
313 527
313 862
313 400
313 321
313 884
313 902
313 345
313 365
313 379
313 593
313 600
313 675
313 688
313 693
313 848
313 868
313 881
313 995
314 488
314 497
314 937
314 407
314 649
315 608
315 898
315 648
315 433
315 379
315 542
315 718
315 581
315 709
315 821
315 481
315 625
315 659
315 706
315 766
315 919
316 338
316 590
316 595
316 939
316 900
316 704
316 805
316 557
316 544
316 545
316 645
316 786
317 562
317 828
317 810
317 724
317 320
317 383
317 397
317 420
317 450
317 739
317 863
317 899
317 900
317 951
317 960
317 988
318 981
318 688
318 908
318 514
318 892
318 704
318 628
318 584
318 973
318 741
318 573
318 443
318 613
318 631
318 692
318 868
319 832
319 549
319 513
319 917
319 923
319 719
319 924
319 556
319 633
319 363
319 722
319 905
319 636
319 451
319 331
319 918
319 857
319 366
319 824
319 943
319 425
319 703
319 383
319 391
319 398
319 413
319 479
319 515
319 616
319 630
319 686
319 785
319 966
319 994
320 460
320 911
320 514
320 486
320 426
320 455
320 481
320 562
320 895
320 947
320 960
320 970
320 972
321 621
321 862
321 921
321 519
321 644
321 968
321 342
321 356
321 410
321 460
321 474
321 518
321 653
321 667
321 752
321 784
321 809
322 466
322 578
322 763
322 708
322 756
322 454
322 539
322 484
322 518
322 635
322 777
323 534
323 761
323 561
323 537
323 853
323 406
323 759
323 871
323 627
323 959
323 331
323 653
323 924
324 609
324 989
324 704
324 815
324 443
324 330
324 585
324 838
324 897
324 930
324 947
324 984
325 329
325 871
325 475
325 363
325 441
325 524
325 594
325 722
325 744
325 783
325 830
325 913
326 613
326 686
326 349
326 365
326 388
326 434
326 465
326 529
326 610
326 653
326 811
326 847
326 906
326 935
327 707
327 711
327 450
327 768
327 870
327 440
327 670
327 729
327 764
327 795
328 823
328 903
328 767
328 987
328 353
328 620
328 780
328 494
328 914
328 962
328 528
328 784
328 336
328 344
328 558
328 596
328 732
328 745
328 757
329 832
329 697
329 890
329 636
329 721
329 909
329 341
329 585
329 918
329 999
329 698
329 664
329 806
330 379
330 843
330 944
330 813
330 775
330 925
330 734
330 877
331 793
331 468
331 871
331 434
331 404
331 771
331 480
331 583
331 731
331 779
331 859
331 864
332 409
332 707
332 709
332 659
332 933
332 342
332 862
332 944
332 408
332 656
332 777
332 779
333 709
333 682
333 877
333 718
333 898
333 377
333 389
333 433
333 477
333 484
333 535
333 625
333 708
333 766
333 867
333 891
333 921
334 772
334 948
334 558
334 701
334 896
334 502
334 631
334 485
334 695
334 479
334 498
334 533
334 547
334 671
334 932
334 946
335 527
335 551
335 524
335 842
335 560
335 569
335 639
335 677
335 687
335 742
335 790
335 864
335 909
336 510
336 596
336 427
336 659
336 461
336 343
336 367
336 385
336 476
336 486
336 499
336 525
336 529
336 754
336 757
337 382
337 702
337 361
337 463
337 494
337 527
337 549
337 690
337 726
337 846
337 882
337 920
337 933
337 953
337 958
338 743
338 901
338 865
338 767
338 953
338 851
338 814
338 946
338 354
338 508
338 477
338 991
338 567
338 833
338 956
338 987
339 701
339 611
339 431
339 351
339 353
339 361
339 402
339 417
339 418
339 530
339 685
339 833
339 912
339 941
339 946
339 951
340 719
340 434
340 629
340 761
341 444
341 625
341 406
341 720
341 410
341 413
341 416
341 472
341 493
341 594
341 653
341 698
341 699
341 714
341 807
341 816
341 852
341 859
341 986
342 957
342 519
342 826
342 389
342 854
342 370
342 433
342 518
342 592
342 709
342 718
342 752
342 860
342 879
343 567
343 814
343 385
343 705
343 558
343 670
343 876
343 770
343 822
343 430
343 675
343 730
343 915
343 438
343 515
343 521
343 577
343 808
343 829
343 857
343 901
343 946
344 981
344 680
344 914
344 937
344 700
344 638
344 587
344 770
344 987
344 665
344 397
344 418
344 691
344 743
345 611
345 494
345 522
345 473
345 697
345 734
345 831
345 469
345 509
345 648
345 752
345 990
346 731
346 989
346 929
346 853
346 902
346 457
346 664
346 831
346 847
347 515
347 705
347 691
347 840
347 412
347 437
347 668
347 769
347 846
347 952
347 958
348 415
348 598
348 401
348 877
348 932
348 708
348 921
348 422
348 451
348 361
348 429
348 657
348 787
348 958
348 971
349 385
349 982
349 352
349 869
349 929
349 468
349 507
349 614
349 616
349 636
349 961
350 772
350 623
350 750
351 724
351 985
351 892
351 380
351 490
351 517
351 711
351 778
351 880
351 882
351 956
351 989
352 502
352 491
352 597
352 859
352 782
352 561
352 738
352 655
352 416
352 480
352 673
352 865
352 910
352 929
353 660
353 423
353 572
353 750
353 937
353 407
353 857
353 451
353 494
353 497
353 510
353 596
353 726
353 856
353 861
353 905
353 946
354 953
354 851
354 431
354 497
354 591
354 969
354 942
354 498
354 696
354 678
354 443
354 502
354 631
354 655
354 901
354 946
355 738
355 853
355 913
355 773
355 366
355 493
355 556
355 570
355 571
355 782
355 799
356 661
356 469
356 648
356 522
356 484
356 790
356 403
356 402
356 674
356 752
356 766
356 800
356 968
357 990
357 934
357 891
357 492
357 379
357 875
357 719
357 644
357 866
357 928
358 825
358 832
358 987
358 429
358 513
358 684
358 732
358 882
358 929
358 946
359 813
359 792
359 915
359 434
359 713
359 583
359 642
359 945
359 651
359 669
359 677
359 698
359 720
360 904
360 522
360 804
360 922
360 561
360 779
360 902
360 554
360 462
360 457
360 364
360 429
360 449
360 723
360 788
361 809
361 950
361 437
361 577
361 846
361 882
361 953
361 954
362 705
362 760
362 747
362 930
362 491
362 971
362 422
362 440
362 459
362 372
362 676
362 715
362 863
362 897
362 908
363 542
363 785
363 847
363 446
363 629
363 910
363 507
363 597
363 769
363 816
363 924
364 946
364 423
364 462
364 722
364 835
364 929
364 475
364 610
364 779
364 964
365 522
365 466
365 555
365 762
365 714
365 416
365 496
365 529
365 535
365 568
365 656
365 802
365 826
365 896
365 962
366 871
366 824
366 383
366 570
366 573
366 742
366 817
366 821
366 903
366 922
367 732
367 726
367 497
367 430
367 392
367 405
367 427
367 494
367 549
367 552
367 595
367 618
367 666
367 748
367 840
367 851
367 921
367 946
367 948
368 701
368 730
368 593
368 400
368 460
368 803
368 683
368 610
368 454
368 644
368 661
368 665
368 682
368 706
368 731
368 789
369 937
369 696
369 708
369 627
369 419
369 583
369 703
369 761
370 439
370 756
370 659
370 433
370 665
370 503
370 510
370 608
370 635
370 688
371 425
371 467
371 404
371 738
371 935
371 386
371 507
371 516
371 540
371 555
371 653
371 799
371 821
371 924
371 926
371 955
372 765
372 758
372 422
372 612
372 447
372 417
372 595
372 654
372 715
372 735
372 753
372 804
373 843
373 862
373 874
373 659
373 471
373 723
373 445
373 481
373 535
373 625
373 777
373 944
373 961
373 995
374 828
374 925
374 380
374 461
374 420
374 505
374 613
374 622
374 692
374 741
374 786
374 862
374 951
374 964
374 971
374 992
375 462
375 537
375 381
375 559
375 654
375 935
375 478
375 902
375 594
375 709
376 542
376 646
376 932
376 391
376 811
376 481
376 523
376 543
376 586
376 625
376 675
376 695
376 696
376 868
376 934
376 949
377 993
377 995
377 644
377 548
377 555
377 967
377 496
377 523
377 604
377 446
377 518
377 540
377 640
377 675
377 808
377 850
377 852
377 868
378 896
378 887
378 453
378 521
378 928
378 385
378 423
378 437
378 481
378 670
378 836
378 889
379 766
379 496
379 728
379 658
379 919
379 719
379 824
379 966
379 388
379 466
379 826
379 885
379 921
379 924
380 893
380 786
380 595
380 424
380 722
380 405
380 486
380 517
380 764
381 457
381 673
381 534
381 776
381 909
381 573
381 493
381 525
381 583
381 791
381 864
381 918
382 903
382 611
382 882
382 757
382 991
382 632
382 958
382 701
382 872
382 485
382 503
382 506
382 670
382 966
382 987
383 799
383 776
383 534
383 580
383 610
383 673
383 702
383 952
383 972
383 980
383 994
384 813
384 971
384 517
384 775
384 930
384 414
384 478
384 408
384 409
384 486
384 490
384 582
384 739
384 778
385 937
385 501
385 483
385 953
385 512
385 429
385 670
385 691
385 767
385 833
386 660
386 568
386 854
386 443
386 420
386 677
386 796
386 388
386 478
386 576
386 652
386 536
386 541
386 621
386 633
386 853
386 858
386 905
387 484
387 557
387 532
387 662
387 794
387 482
387 563
387 422
387 566
387 605
387 753
387 758
387 768
387 798
387 939
387 960
387 963
388 471
388 594
388 475
388 507
388 844
388 559
388 560
388 589
388 457
388 403
388 449
388 451
388 722
388 761
388 769
389 396
389 661
389 843
389 496
389 695
389 395
389 687
389 824
389 558
389 646
389 656
389 709
390 642
390 783
390 472
390 413
390 404
390 859
390 429
390 432
390 462
390 727
391 864
391 746
391 642
391 744
391 441
391 859
391 720
391 673
391 935
391 416
391 531
391 539
391 565
391 750
391 940
391 964
391 999
392 530
392 498
392 981
392 851
392 523
392 732
392 901
393 436
393 727
393 432
393 580
393 698
393 918
393 627
393 539
393 446
393 536
393 703
393 746
393 755
393 799
394 423
394 477
394 530
394 548
394 551
394 577
394 634
394 660
394 829
394 834
394 882
394 888
394 889
394 920
394 953
395 743
395 825
395 706
395 518
395 867
395 708
395 974
395 921
395 682
395 803
395 543
395 625
395 646
395 657
395 789
395 860
395 875
396 444
396 961
396 592
396 993
396 931
396 454
396 581
396 682
396 815
397 711
397 734
397 930
397 820
397 428
397 414
397 663
397 774
398 432
398 617
398 917
398 583
398 462
398 416
398 673
398 684
398 783
399 499
399 502
399 457
399 442
399 782
399 761
399 467
399 403
399 426
399 610
399 678
399 824
399 888
400 700
400 615
400 803
400 435
400 651
400 718
400 454
400 830
400 584
400 626
400 641
400 749
400 808
401 697
401 706
401 455
401 992
401 512
401 682
401 802
401 854
402 409
402 946
402 638
402 553
402 529
402 813
402 451
402 510
402 525
403 905
403 945
403 738
403 441
403 923
403 842
403 406
403 457
403 524
403 585
403 689
403 744
403 844
403 852
403 906
403 930
404 675
404 821
404 722
404 434
404 799
404 507
404 524
404 571
404 663
404 669
404 911
404 929
405 794
405 647
405 538
405 421
405 810
405 414
405 752
406 537
406 561
406 679
406 844
407 660
407 497
407 823
407 436
407 840
407 533
407 896
407 971
407 427
407 521
407 572
407 748
407 809
407 946
407 948
408 695
408 532
408 739
408 704
408 590
408 984
408 951
408 850
408 916
408 895
408 883
408 420
408 892
408 588
408 421
408 456
408 491
408 740
409 499
409 717
409 814
409 488
409 513
409 603
409 754
409 767
409 946
409 991
410 695
410 608
410 978
410 810
410 982
410 928
410 672
410 704
410 440
410 892
410 774
410 740
410 894
411 550
411 755
411 779
411 556
411 636
411 639
411 703
411 929
412 590
412 614
412 864
412 493
412 642
412 636
412 952
412 550
412 691
412 980
413 913
413 859
413 442
413 448
413 478
413 507
413 589
413 610
413 630
413 827
413 845
413 909
414 885
414 967
414 562
414 729
414 956
414 516
414 959
414 422
414 517
414 603
414 694
414 740
414 916
414 978
414 998
415 497
415 937
415 650
415 987
415 567
415 656
415 943
415 611
415 708
415 865
415 946
415 991
416 825
416 915
416 576
416 873
416 610
416 627
416 659
416 831
416 910
416 955
417 843
417 424
417 947
417 758
417 791
417 742
417 643
418 840
418 983
418 696
418 444
418 453
418 498
418 526
418 757
419 537
419 811
419 727
419 669
419 722
419 746
419 824
419 943
419 946
419 999
420 641
420 520
420 880
420 725
420 739
420 775
421 843
421 605
421 911
421 663
421 739
421 747
421 495
421 622
421 849
422 676
422 645
422 643
422 488
422 509
422 544
422 619
422 662
422 725
422 784
422 810
422 870
422 925
422 984
423 489
423 680
423 499
423 845
423 969
423 521
423 991
423 977
423 820
423 840
424 772
424 645
424 704
424 960
424 538
424 514
424 517
424 555
424 582
424 584
424 731
424 820
424 895
425 654
425 426
425 910
425 905
425 571
425 467
425 524
425 573
425 643
425 673
425 788
425 827
425 853
425 943
425 955
425 980
426 799
426 580
426 783
426 906
426 630
426 664
426 790
426 827
426 873
426 946
426 994
427 529
427 904
427 732
427 591
427 962
427 923
427 689
427 655
427 453
427 508
427 678
427 890
428 522
428 740
428 778
428 951
428 704
428 939
428 679
428 479
428 605
428 734
429 946
429 829
429 856
429 501
429 904
429 680
429 489
429 552
429 584
429 664
429 823
429 936
429 953
429 991
430 731
430 936
430 542
430 751
430 927
430 535
430 602
430 632
430 756
430 777
430 974
430 986
430 990
431 436
431 946
431 954
431 992
431 465
431 473
431 521
431 529
431 533
431 809
431 952
432 793
432 915
432 607
432 442
432 434
432 480
432 539
432 788
432 961
433 531
433 464
433 762
433 818
433 802
433 690
433 897
433 457
433 475
433 528
433 580
433 706
433 749
433 974
434 770
434 524
434 811
434 686
434 945
434 441
434 446
434 489
434 507
434 617
434 633
434 964
435 651
435 690
435 919
435 484
435 884
435 665
435 542
435 641
435 654
435 531
435 600
435 646
435 656
435 682
435 701
435 730
435 763
435 862
435 881
435 986
436 453
436 577
436 620
436 780
436 694
436 446
436 497
436 498
436 502
436 527
436 529
436 611
436 650
436 771
436 901
437 983
437 981
437 665
437 532
437 459
437 721
437 569
437 463
437 485
437 501
437 513
437 515
437 717
437 750
438 839
438 530
438 696
438 660
438 513
438 717
438 809
438 865
438 887
439 932
439 957
439 751
439 874
439 522
439 469
439 977
439 619
439 567
439 621
439 622
440 603
440 760
440 982
440 863
440 447
440 545
440 584
440 588
440 590
440 732
440 758
440 914
440 989
441 578
441 929
441 744
441 468
441 585
441 624
441 733
441 807
441 966
442 892
442 585
442 624
442 495
442 507
442 654
442 664
442 693
442 722
442 821
442 940
443 574
443 734
443 804
443 828
443 450
443 470
443 519
443 544
443 616
443 715
443 759
443 834
444 950
444 631
444 635
444 670
444 710
444 717
444 721
444 772
444 822
445 552
445 829
445 993
445 990
445 781
445 648
445 984
445 526
445 688
445 816
445 867
446 509
446 924
446 597
446 652
446 480
446 525
446 569
446 633
446 796
446 852
446 859
447 900
447 758
447 490
447 765
447 622
447 643
447 647
447 813
447 978
447 989
448 627
448 864
449 552
449 953
449 727
449 536
449 583
449 472
449 493
449 550
449 964
450 933
450 707
450 458
450 546
450 557
450 612
450 606
450 692
450 566
450 628
450 735
450 791
450 815
450 820
451 901
451 521
451 813
451 614
451 721
451 940
451 550
451 758
451 779
451 788
451 869
451 918
452 623
452 621
452 711
452 850
452 945
452 526
452 595
452 679
452 794
452 845
453 754
453 981
453 476
453 457
453 549
453 640
453 680
453 702
453 767
454 568
454 803
454 665
454 891
454 763
454 535
454 575
454 653
454 657
454 921
454 933
455 531
455 514
455 911
455 960
455 983
456 499
456 926
456 979
456 739
456 916
456 566
456 971
456 834
456 520
456 669
456 729
456 747
456 790
456 963
457 730
457 926
457 980
457 952
457 940
457 847
457 467
457 534
457 659
457 755
457 962
458 794
458 672
458 741
458 775
458 778
458 828
458 829
459 883
459 699
459 729
459 820
459 544
459 474
459 538
459 606
459 622
459 662
459 692
460 691
460 944
460 867
460 716
460 581
460 540
460 519
460 532
460 718
460 868
461 527
461 486
461 520
461 900
461 741
461 838
461 786
461 470
461 606
461 753
461 699
461 491
461 546
461 562
461 613
461 729
461 804
461 897
461 907
461 916
461 951
462 846
462 980
462 509
462 550
462 552
462 589
462 677
462 719
462 746
462 858
462 873
462 935
462 999
463 572
463 822
463 950
463 736
463 665
463 792
463 498
463 733
463 835
464 646
464 621
464 496
464 604
464 658
464 709
464 634
464 811
464 682
464 731
464 868
464 944
465 767
465 687
465 923
465 585
465 610
465 761
466 682
466 619
466 977
466 931
466 962
466 613
466 819
466 922
466 640
466 648
466 728
466 772
467 769
467 788
467 648
467 664
467 684
467 793
467 844
467 966
467 980
468 944
468 816
468 713
468 759
468 852
468 824
468 539
468 550
469 731
469 949
469 931
469 522
469 548
469 600
469 722
469 749
469 763
469 944
469 957
470 649
470 566
470 740
470 545
470 828
470 490
470 978
470 810
470 985
470 475
470 612
470 894
470 900
471 889
471 803
471 934
471 496
471 651
471 789
471 933
471 936
472 790
472 610
472 738
472 614
472 570
472 779
472 697
472 746
472 785
472 853
473 802
473 756
473 728
473 682
473 749
473 773
473 783
473 879
473 942
474 609
474 982
474 495
474 900
474 737
474 532
474 605
474 893
474 972
475 484
475 830
475 723
475 721
475 834
475 913
475 959
475 960
476 670
476 487
476 743
476 650
476 660
476 846
476 594
476 698
476 744
476 809
476 901
476 953
476 955
476 958
477 865
477 700
477 627
477 491
477 498
477 548
477 747
477 823
477 829
477 954
478 843
478 672
478 912
478 923
478 565
478 653
478 576
478 830
478 559
478 744
478 630
478 542
478 556
478 633
478 924
478 949
479 985
479 612
479 735
479 734
479 566
479 815
479 505
479 557
479 893
479 926
479 516
479 622
479 702
479 894
480 541
480 570
480 556
480 589
480 905
480 966
480 618
480 719
481 638
481 896
481 697
481 766
481 526
481 657
481 659
481 971
481 543
481 803
482 503
482 714
482 985
482 549
482 595
482 681
482 725
482 769
482 797
482 894
483 552
483 991
483 954
483 549
483 499
483 654
483 521
483 591
483 736
483 818
483 946
484 949
484 789
484 884
484 854
484 957
484 625
484 597
484 658
484 751
484 766
484 788
484 986
485 525
485 666
485 775
485 829
485 832
485 833
485 946
485 975
486 876
486 494
486 895
486 609
486 965
486 925
486 672
486 897
486 628
486 546
486 582
486 596
486 702
486 774
487 754
487 631
487 938
487 904
487 780
487 814
487 596
487 854
487 628
487 748
487 825
487 941
487 946
488 680
488 901
488 904
488 841
488 948
488 946
488 801
488 645
488 696
489 780
489 946
489 638
489 938
489 549
489 912
489 498
489 572
489 668
489 671
489 702
489 743
489 754
490 767
490 834
490 612
490 505
490 809
490 960
490 998
491 532
491 907
491 663
491 676
491 504
491 606
491 609
491 699
491 711
491 736
491 765
491 774
491 804
491 952
492 728
492 535
492 688
492 651
492 621
492 682
492 762
492 777
492 881
492 934
492 968
493 701
493 623
493 662
493 858
493 563
493 771
494 920
494 983
494 904
494 901
494 946
494 551
494 799
494 498
494 527
494 702
494 829
494 847
495 555
495 862
495 588
495 595
495 812
495 564
495 520
495 676
495 711
495 756
495 767
495 782
495 784
495 893
495 933
496 667
496 868
496 762
496 927
496 545
496 531
496 540
496 593
496 634
496 657
496 751
496 848
496 961
497 889
497 527
497 668
497 833
497 591
497 736
498 638
498 846
498 914
498 975
498 861
498 904
498 521
498 549
498 563
498 954
499 754
499 845
499 702
499 954
499 991
499 833
499 567
499 587
499 596
499 602
499 650
499 832
500 555
500 935
500 513
500 603
500 701
500 861
500 886
500 944
501 666
501 882
501 914
501 527
501 594
501 618
501 631
501 680
501 767
501 802
501 809
501 845
501 857
501 980
501 991
502 865
502 954
502 702
502 948
502 608
502 527
502 534
502 547
502 569
502 579
502 660
502 938
502 946
502 981
502 987
503 851
503 861
503 675
503 990
503 756
503 874
503 711
503 607
503 600
503 625
503 712
503 854
503 885
503 936
503 957
504 916
504 988
504 925
504 628
504 599
504 747
504 774
504 778
504 849
505 986
505 972
505 747
505 605
505 828
505 545
505 704
505 729
505 880
505 895
505 741
505 690
505 760
506 631
506 838
506 625
506 847
506 889
507 641
507 785
507 719
507 869
507 597
507 847
507 569
507 537
507 636
507 721
507 799
507 873
508 710
508 732
508 950
508 696
508 822
508 904
508 638
508 962
508 752
508 547
508 623
508 841
509 595
509 642
509 617
509 952
510 736
510 840
510 757
510 865
510 743
510 901
510 914
510 946
510 958
511 683
511 564
511 979
511 704
511 971
511 663
511 677
511 679
511 694
511 734
511 988
512 890
512 990
512 595
512 525
512 528
512 569
512 621
512 658
512 690
512 706
512 766
512 804
512 808
512 866
512 885
512 927
512 993
513 567
513 678
513 946
513 649
513 865
513 981
513 938
513 530
513 620
513 774
513 896
513 958
514 675
514 984
514 679
514 926
514 992
514 538
514 557
514 694
514 696
514 838
514 897
515 591
515 950
515 603
515 530
515 640
515 696
515 717
515 840
515 920
515 946
516 622
516 895
516 791
516 916
516 544
516 711
516 734
516 867
516 878
516 930
517 970
517 982
517 778
517 584
517 599
517 676
517 692
517 729
517 741
517 765
518 644
518 695
518 866
518 879
518 528
518 540
518 608
518 682
518 708
518 814
518 925
518 933
518 961
519 659
519 990
519 523
519 712
519 571
519 625
519 707
519 762
519 766
519 993
520 896
520 927
520 982
520 928
520 951
520 734
520 939
520 765
520 641
520 852
520 902
520 627
520 643
520 753
520 835
520 890
520 904
521 888
521 846
521 670
521 954
521 680
521 825
521 579
521 997
521 961
521 572
521 745
521 780
521 934
522 543
522 568
522 619
522 646
522 648
522 658
522 665
522 688
522 766
522 875
522 891
522 919
523 986
523 877
523 874
523 933
523 592
523 860
523 602
523 646
523 995
523 530
523 593
523 657
523 690
523 866
524 710
524 935
524 687
524 537
524 589
524 596
524 686
524 703
524 776
524 974
525 946
525 618
525 841
525 530
525 696
525 615
525 991
526 736
526 661
526 990
526 884
526 817
526 598
526 621
526 635
526 697
526 749
526 781
526 815
526 883
526 931
527 904
527 552
527 839
527 819
527 952
527 719
527 549
527 591
527 649
527 696
528 646
528 949
528 933
528 712
528 720
528 656
528 674
528 690
528 731
528 781
528 921
528 995
529 772
529 757
529 736
529 946
529 914
529 670
529 563
529 743
530 770
530 660
530 840
530 632
530 552
530 666
530 593
530 921
530 988
531 675
531 931
531 542
531 535
531 590
531 592
531 615
531 659
531 867
531 986
532 564
532 704
532 734
532 805
532 850
532 910
532 582
532 638
532 641
532 711
532 733
532 797
533 983
533 726
533 547
533 946
533 649
533 612
533 770
533 920
534 547
534 572
534 943
534 652
534 811
534 723
534 759
534 830
534 922
535 867
535 886
535 568
535 716
535 644
535 604
535 600
535 540
535 542
535 637
535 695
535 749
535 826
536 648
536 600
536 610
536 955
536 742
536 821
536 636
536 677
536 835
536 885
537 679
537 964
537 859
537 869
537 771
537 783
538 880
538 679
538 794
538 662
538 737
538 928
538 599
538 795
538 843
539 807
539 551
539 573
539 744
539 793
539 824
539 835
540 962
540 944
540 548
540 826
540 667
540 885
540 626
540 749
540 542
540 968
540 697
540 575
540 560
540 875
541 731
541 985
541 565
541 580
541 746
541 793
541 943
542 832
542 968
542 697
542 762
542 884
542 916
542 568
542 600
542 639
542 927
542 990
543 618
543 843
543 728
543 749
543 919
543 733
543 771
543 637
543 644
543 646
543 808
544 846
544 609
544 557
544 619
544 735
544 912
544 922
544 946
544 960
544 969
544 998
545 928
545 734
545 672
545 584
545 970
545 565
545 609
545 662
545 715
545 724
545 784
545 797
545 849
546 988
546 996
546 972
546 971
546 609
546 760
546 932
546 982
547 772
547 757
547 726
547 946
547 558
547 579
547 609
547 631
547 678
547 691
547 841
547 958
547 991
548 991
548 646
548 936
548 962
548 712
548 716
548 697
548 661
548 586
548 651
548 730
548 752
548 818
548 932
549 832
549 572
549 737
549 688
549 986
550 819
550 971
550 727
550 573
550 585
550 980
550 669
550 742
550 753
550 761
550 776
550 790
550 844
551 617
551 686
551 652
551 769
551 953
552 650
552 833
552 671
552 823
552 846
553 572
553 743
553 771
553 816
553 841
553 914
553 955
554 570
554 580
554 653
554 684
554 721
554 857
554 923
555 586
555 667
555 949
555 637
555 646
555 756
555 648
555 665
555 961
556 890
556 712
556 719
556 614
556 852
556 785
556 788
556 727
556 844
556 806
556 939
556 966
557 794
557 998
557 584
557 595
557 733
557 821
557 984
558 736
558 946
558 750
558 889
558 591
558 577
558 701
558 914
558 953
558 954
558 961
559 721
559 713
559 569
559 663
559 761
559 827
560 645
560 744
560 746
560 966
560 835
560 677
560 994
560 576
560 633
560 742
560 940
561 630
561 617
561 807
561 779
561 589
561 597
561 698
561 799
561 964
561 972
562 903
562 758
562 765
562 775
562 787
562 800
562 813
562 972
563 677
563 959
563 636
563 641
563 642
563 682
563 689
563 726
563 869
563 994
564 908
564 676
564 951
564 775
564 870
564 994
565 812
565 785
565 713
565 698
565 703
565 862
566 968
566 787
566 972
566 834
567 948
567 710
567 591
567 668
567 671
567 717
567 745
567 829
567 923
567 941
568 766
568 688
568 718
568 848
568 922
568 802
568 879
569 825
569 617
569 636
569 722
569 687
569 614
569 581
569 693
569 814
569 818
569 860
570 890
570 721
570 610
570 742
570 744
570 811
570 873
571 969
571 942
571 788
571 980
571 610
571 807
571 776
571 783
571 589
571 654
571 703
571 769
571 847
571 910
572 596
572 577
572 591
572 623
572 631
572 680
572 976
573 686
573 773
573 835
573 864
573 913
574 628
574 849
574 729
574 834
574 724
574 795
574 798
574 812
574 815
574 900
574 992
575 651
575 890
575 866
575 931
575 658
575 696
575 716
575 718
575 993
576 759
576 796
576 703
576 785
576 922
576 642
576 746
576 966
576 980
577 618
577 856
577 981
577 772
577 695
577 857
577 746
577 596
577 840
577 909
577 942
578 833
578 766
578 707
578 866
578 843
578 800
578 714
578 581
578 598
578 802
578 818
578 946
579 861
579 823
579 825
579 950
579 829
579 991
579 806
579 845
579 920
579 935
580 853
580 761
580 722
580 652
580 759
580 835
580 915
581 621
581 634
581 803
581 686
581 718
581 862
581 874
581 921
581 956
581 974
582 772
582 626
582 977
582 933
582 778
582 805
582 819
582 798
582 785
582 662
583 680
583 713
583 782
583 792
583 913
583 999
584 995
584 837
584 704
584 972
585 935
585 779
585 673
585 873
585 746
585 607
585 622
585 687
585 852
585 894
585 910
586 874
586 604
586 866
586 927
586 674
586 854
586 877
586 995
587 829
587 748
587 757
587 946
587 745
587 620
587 603
587 749
587 641
587 638
587 650
587 706
587 841
587 888
587 991
588 735
588 900
588 786
588 615
588 685
588 764
588 795
588 797
588 932
589 994
589 617
589 642
589 727
589 931
590 970
590 595
590 768
590 758
590 711
590 662
590 863
591 950
591 946
591 660
591 833
591 711
591 596
591 700
591 702
591 717
591 732
591 889
592 675
592 728
592 919
592 756
592 635
592 657
592 762
592 784
592 802
593 990
593 690
593 866
593 729
593 656
593 708
593 801
593 802
593 886
593 891
593 907
594 690
594 964
594 869
594 929
594 703
595 865
595 885
595 683
595 662
595 613
595 895
595 956
595 965
595 672
595 676
595 724
595 937
596 839
596 953
596 901
596 896
596 827
596 710
596 733
596 846
596 889
596 904
596 942
596 987
597 730
597 935
597 658
597 776
597 852
597 858
598 602
598 898
598 749
598 891
598 604
598 641
598 659
598 946
599 933
599 821
599 641
599 676
599 692
599 736
599 774
599 976
599 982
600 695
600 808
600 867
600 713
600 862
600 962
601 970
601 676
601 775
601 735
601 694
601 628
601 963
601 911
601 627
601 724
601 988
602 751
602 635
602 665
602 927
602 890
602 944
602 737
602 608
602 648
602 873
602 930
602 934
603 710
603 678
603 736
603 861
604 944
604 658
604 801
604 890
604 885
604 689
604 706
604 763
604 800
604 819
604 881
604 919
605 758
605 947
605 635
605 643
605 733
605 760
605 815
605 906
605 926
605 951
606 894
606 795
606 965
606 815
606 618
606 711
606 849
606 947
606 979
607 759
607 773
608 728
608 661
608 891
608 718
608 730
608 932
608 615
608 777
608 792
608 802
608 878
608 898
608 974
609 777
609 821
609 828
609 850
609 893
609 912
609 914
610 946
610 816
610 935
610 651
610 669
610 685
610 782
610 807
610 942
610 959
611 757
611 700
611 946
611 948
611 856
611 887
611 958
611 670
611 680
611 784
612 800
612 774
612 798
613 676
613 819
613 930
613 641
613 880
613 996
614 825
614 703
614 847
614 721
614 771
614 806
614 940
615 932
615 728
615 962
615 675
615 927
615 657
615 635
615 990
616 673
616 742
617 694
618 839
618 745
618 851
618 865
619 889
619 712
619 651
619 656
619 891
619 916
619 747
619 860
619 993
620 668
620 903
620 702
620 734
620 745
620 800
620 840
621 927
621 731
621 674
621 706
621 862
622 992
622 734
622 947
622 926
622 662
622 963
622 970
622 769
622 787
622 916
623 950
623 861
623 671
623 885
623 916
623 649
623 676
623 732
623 836
623 882
624 843
624 627
624 719
625 932
625 826
625 656
625 921
625 675
625 997
625 968
625 798
625 870
626 946
626 933
626 766
626 995
626 658
626 818
626 886
626 951
626 968
627 703
627 722
627 761
627 773
627 807
627 821
627 824
627 879
627 906
628 971
628 804
628 641
628 982
628 935
628 724
628 727
628 794
628 850
628 930
629 958
629 692
629 734
629 793
629 929
629 723
629 783
629 918
630 945
630 806
630 812
630 831
630 869
630 909
630 910
631 942
631 991
631 832
631 901
631 823
631 640
631 691
631 989
632 846
632 953
632 690
632 770
632 809
632 882
632 941
633 742
633 952
633 871
633 999
634 931
634 827
634 703
634 848
634 891
634 936
635 644
635 781
635 751
635 712
635 667
635 675
635 752
635 695
635 749
635 931
636 746
636 713
636 855
636 929
636 769
637 933
637 874
637 676
637 645
637 731
637 766
637 826
637 936
637 995
638 640
638 887
638 896
638 725
638 732
638 991
639 674
639 872
639 921
639 931
639 949
639 995
640 814
640 680
640 839
640 770
640 745
640 701
640 710
640 743
640 973
641 743
641 819
641 926
641 663
641 984
641 694
641 798
641 805
641 838
642 677
642 755
642 835
642 847
642 915
643 944
643 805
643 679
643 715
643 733
643 794
643 891
644 856
644 766
644 944
644 659
644 688
644 665
644 961
644 801
644 933
644 675
644 752
644 789
644 967
645 979
645 729
645 880
645 925
645 926
646 708
646 647
646 664
646 772
646 921
646 934
647 907
647 998
647 679
647 693
647 704
647 724
647 794
648 867
648 990
648 891
648 749
648 659
648 695
648 709
648 899
648 977
649 914
649 841
649 695
649 981
650 937
650 882
650 683
650 861
650 907
651 875
651 665
651 860
652 874
652 742
652 722
652 790
652 871
652 897
653 862
653 738
653 693
653 698
653 701
654 762
654 811
654 713
654 785
654 858
654 861
655 996
655 923
655 693
655 807
655 842
656 886
656 716
656 891
656 867
656 758
656 781
657 933
657 697
657 875
658 884
658 665
658 875
658 868
658 688
658 706
658 721
658 802
658 931
658 965
659 942
659 751
659 886
659 707
659 706
659 728
659 749
659 766
660 946
660 811
660 832
660 889
660 983
661 777
661 860
661 927
661 781
661 665
661 730
661 866
662 760
662 947
662 870
662 739
662 740
662 851
662 930
662 984
663 886
663 683
663 765
663 992
663 970
663 947
663 699
663 774
663 916
663 925
663 979
664 841
664 967
664 790
664 831
664 966
664 909
664 788
664 723
664 824
665 990
666 710
666 946
666 705
666 937
666 991
666 691
666 767
666 846
666 958
666 969
666 976
667 843
667 751
667 997
667 890
667 874
667 917
667 783
667 730
667 943
668 776
669 878
669 751
669 756
669 673
669 785
669 831
670 767
670 801
670 843
670 816
670 680
670 687
670 701
670 821
671 861
671 845
671 925
671 930
671 871
671 819
671 851
671 946
672 946
672 798
672 897
672 676
672 753
672 992
673 769
673 790
674 936
674 844
674 993
675 877
675 961
675 934
675 802
675 967
676 893
676 787
676 863
676 947
677 940
677 862
678 700
678 825
678 946
678 889
678 904
678 921
679 735
679 797
679 908
680 701
680 757
680 938
680 702
680 807
680 991
681 940
681 738
681 807
682 944
682 885
682 875
682 886
682 866
682 843
682 962
682 718
682 813
682 706
682 707
682 726
682 931
683 911
683 996
683 880
683 960
684 837
684 943
684 910
684 902
684 831
685 772
685 737
685 916
685 815
685 725
685 915
685 902
685 699
685 947
685 951
685 998
686 705
686 703
686 776
686 847
686 873
686 887
686 935
687 818
687 935
687 902
687 746
687 827
688 867
688 731
688 973
688 885
689 951
689 811
689 783
689 847
690 712
690 716
690 944
690 738
690 905
690 854
690 904
690 986
691 969
691 938
691 948
691 823
691 770
691 881
691 903
691 988
692 734
692 985
692 963
692 810
692 818
692 939
692 983
693 926
693 858
693 769
693 785
693 793
693 959
693 852
693 955
694 956
694 972
694 778
694 804
694 947
695 972
695 897
695 706
695 748
695 797
695 932
695 933
695 957
695 998
696 745
696 790
696 699
696 948
697 949
697 934
697 751
697 708
697 801
697 818
698 769
698 785
698 722
698 999
698 966
698 759
698 760
699 850
699 758
699 786
699 894
699 748
699 774
699 849
699 978
699 979
700 748
700 825
700 888
701 754
701 920
701 732
701 839
701 991
701 818
701 898
701 726
702 840
702 814
702 982
702 856
703 790
703 915
703 755
703 959
704 925
704 797
704 970
704 930
704 863
704 722
704 753
704 908
705 836
705 832
705 783
705 726
705 768
705 808
705 946
705 968
706 891
706 927
706 886
706 712
706 731
706 751
706 789
706 956
706 962
707 826
707 801
707 921
707 718
707 934
708 868
708 862
708 730
708 835
708 886
708 944
708 961
708 974
709 912
709 918
709 961
709 995
710 733
711 956
711 908
711 812
711 900
712 946
712 891
712 834
712 989
712 973
712 751
712 802
712 894
712 936
712 949
713 719
713 790
713 905
713 720
713 817
714 716
714 765
714 851
714 880
714 912
714 992
715 900
715 747
715 820
715 804
715 859
715 885
715 930
715 934
716 874
716 867
716 958
716 986
717 832
717 732
717 756
717 810
717 836
718 728
718 977
718 848
718 919
718 933
718 791
718 789
718 808
718 898
718 934
719 727
719 994
719 750
719 783
719 857
719 935
719 952
720 952
721 943
721 792
721 864
721 723
721 755
721 886
721 913
721 934
721 958
721 980
722 812
722 761
722 807
722 811
722 769
723 819
723 992
723 782
723 788
723 952
723 852
724 850
724 831
724 787
724 968
724 970
725 946
725 837
725 897
725 735
725 786
725 908
726 841
726 976
726 823
726 743
726 876
726 940
727 734
727 792
727 857
727 865
728 872
728 777
728 808
728 874
728 898
728 914
729 810
729 758
729 883
729 893
729 903
729 930
730 967
730 944
730 995
730 762
730 820
730 879
730 881
730 921
730 990
731 801
731 751
731 997
731 879
731 890
731 987
731 999
732 865
732 809
732 946
732 998
733 916
733 786
733 747
733 760
734 930
734 883
734 893
734 870
734 973
734 978
735 901
735 997
735 850
735 815
735 894
735 912
736 843
737 795
737 926
737 834
737 939
737 947
737 960
738 895
738 742
738 773
738 790
738 811
738 821
738 830
738 870
738 905
738 918
739 813
739 758
739 781
739 797
739 895
739 916
740 883
740 895
741 886
741 797
741 897
741 749
741 804
741 863
742 959
742 761
743 954
743 914
743 991
743 895
743 970
743 750
743 822
743 856
743 861
744 822
744 835
744 917
744 933
744 979
745 975
745 981
745 946
745 937
745 983
746 793
746 940
746 852
747 775
747 956
747 972
747 784
747 901
747 984
748 836
748 752
748 851
748 865
748 991
749 884
749 944
749 766
749 775
749 970
749 990
750 991
750 780
750 840
750 882
751 921
751 802
751 878
751 885
752 934
752 777
752 854
752 872
752 884
752 919
752 962
752 974
753 970
753 988
753 794
753 849
753 998
754 941
754 975
754 772
754 780
754 889
754 920
754 946
754 983
755 781
755 945
755 955
755 764
755 771
756 762
756 848
756 875
756 933
756 936
757 991
757 937
757 888
757 887
757 909
758 883
758 960
759 771
759 830
760 795
760 908
760 924
760 778
760 791
760 875
760 899
760 939
760 963
761 836
761 978
761 857
761 906
762 903
762 931
762 942
762 962
763 885
763 872
763 878
763 900
763 868
763 934
764 939
764 978
764 966
764 849
764 899
765 816
765 911
765 917
766 967
766 891
766 826
766 798
766 881
766 974
767 946
767 823
767 937
768 791
768 965
768 795
768 930
769 852
769 782
769 857
769 811
769 806
770 968
770 775
770 813
770 817
770 838
770 851
770 946
771 876
771 994
771 782
771 966
771 831
771 906
771 824
771 857
771 905
771 980
772 814
772 875
773 854
773 852
773 945
773 873
774 863
774 965
774 970
774 808
774 849
774 907
774 908
775 903
775 875
775 895
775 828
775 925
775 899
776 931
776 816
776 831
777 866
777 973
777 934
778 828
778 870
778 947
779 815
779 978
779 913
779 821
779 806
779 955
779 997
780 941
780 851
780 913
780 829
780 832
781 954
781 884
781 933
781 789
781 808
781 843
781 919
781 949
781 986
782 858
783 844
783 811
783 796
783 873
784 979
784 849
784 896
784 960
785 813
785 909
785 792
785 823
785 847
785 852
786 880
786 895
786 790
786 956
786 982
787 925
787 988
788 843
788 945
789 949
789 877
789 973
789 867
789 912
791 985
791 815
791 893
791 894
791 960
791 982
792 822
793 795
793 923
793 799
793 913
794 823
794 863
794 812
794 942
794 960
794 988
795 837
795 939
795 972
795 960
795 998
796 952
796 835
796 873
797 979
797 972
797 842
797 868
798 951
798 834
798 892
799 887
799 882
799 841
799 857
799 864
799 923
799 955
799 994
800 919
800 961
800 801
800 816
801 933
801 803
801 874
801 968
802 843
802 828
803 927
803 877
803 881
803 954
803 984
804 805
804 951
804 871
804 828
805 810
805 970
805 900
805 923
805 892
806 823
806 827
806 858
806 945
806 847
806 967
807 972
808 968
808 995
808 866
808 879
808 890
809 937
809 911
809 946
810 951
810 985
810 979
810 971
811 942
811 831
811 994
812 819
812 834
812 931
812 965
812 989
813 938
813 988
813 926
813 961
813 965
814 840
814 841
814 845
814 903
814 932
814 943
814 946
815 908
815 894
815 989
815 817
815 819
815 849
815 880
815 998
816 943
816 817
816 923
816 864
817 994
817 924
817 869
817 929
818 903
818 886
818 957
818 854
819 863
819 979
820 903
820 925
821 945
821 873
821 943
822 969
822 851
822 833
822 950
823 998
823 833
823 836
823 861
823 904
823 988
824 923
824 831
824 835
824 955
824 994
825 938
825 946
825 958
826 928
826 867
826 961
826 962
827 858
827 864
828 938
828 985
829 840
829 832
829 946
829 836
829 920
830 889
830 913
830 999
831 960
832 938
832 946
832 999
833 882
834 992
834 894
834 962
835 840
835 839
835 983
836 946
836 991
836 870
836 908
837 926
837 974
838 895
838 930
838 907
839 937
839 946
839 879
839 901
839 954
839 978
840 981
840 846
840 936
841 954
841 946
841 974
842 940
843 912
843 866
843 917
844 873
845 889
845 851
846 888
847 861
847 906
847 871
847 888
848 968
848 897
848 971
848 860
849 897
849 912
849 916
849 947
850 926
850 915
850 972
850 989
851 914
851 946
851 888
851 987
852 938
852 982
852 915
852 906
853 875
853 999
854 881
855 905
855 895
855 959
856 898
856 861
856 946
857 963
857 913
857 858
858 959
858 869
858 889
858 906
859 979
859 909
860 891
860 886
860 967
860 877
860 956
860 990
861 887
861 896
861 938
861 969
862 982
862 986
864 906
864 924
864 980
865 904
865 946
866 891
866 926
866 878
866 886
866 932
867 886
867 933
867 967
868 898
869 974
870 996
870 939
870 930
870 963
871 999
872 995
873 935
873 906
874 944
875 949
875 921
875 931
876 903
876 887
876 950
876 911
876 889
876 920
876 967
877 967
877 919
877 878
877 895
877 927
877 986
878 967
878 931
878 884
878 894
878 993
879 995
879 967
879 927
879 934
880 989
880 928
882 938
883 973
885 890
885 995
885 977
885 993
886 993
887 937
887 946
887 950
888 963
889 901
889 896
889 941
890 946
890 949
890 931
890 927
890 961
890 986
890 995
891 944
891 933
891 993
892 893
893 989
893 899
893 916
894 998
894 996
894 984
894 900
894 979
894 930
894 946
894 962
895 979
895 996
895 985
895 978
895 911
895 970
896 903
896 904
897 978
897 996
898 995
898 949
898 993
899 931
899 951
899 900
899 928
900 979
900 963
900 945
901 948
901 956
902 946
902 940
902 964
903 991
903 983
903 986
903 904
904 951
905 917
906 918
906 966
907 916
909 925
909 999
910 955
910 933
911 996
911 912
911 974
911 998
912 963
912 982
915 918
915 952
915 966
916 973
916 982
916 998
917 999
918 929
918 934
919 992
919 962
920 938
920 946
921 936
921 977
921 962
922 945
923 992
923 989
925 948
925 930
925 939
926 978
927 944
928 996
928 956
928 973
929 940
929 943
930 978
931 977
931 957
932 934
932 986
933 957
933 962
933 968
934 990
934 993
936 942
936 995
937 969
937 961
937 946
938 940
938 942
938 946
939 982
939 951
939 964
941 952
943 994
943 999
944 968
944 949
946 981
946 976
946 955
947 988
947 970
947 965
948 995
949 995
949 968
949 993
951 992
952 994
956 985
956 960
956 965
957 993
960 989
963 978
963 970
963 972
963 977
963 996
965 982
965 998
965 971
967 977
968 977
968 982
970 989
970 993
971 979
971 982
974 987
976 983
977 995
978 988
980 994
982 988
985 996
