0 91
0 555
0 744
0 826
0 317
0 406
0 298
0 169
0 242
0 661
0 926
0 876
0 459
0 112
0 33
0 170
0 188
0 206
0 372
0 426
0 545
0 594
0 609
0 686
1 54
1 460
1 372
1 184
1 962
1 201
1 725
1 994
1 121
1 253
1 255
1 304
1 366
1 423
1 646
1 649
1 679
1 735
1 812
2 584
2 988
2 301
2 798
2 980
2 749
2 437
2 130
2 163
2 39
2 267
2 395
2 313
2 481
2 150
2 168
2 253
2 294
2 377
2 397
2 467
2 645
2 654
2 822
2 848
2 878
2 905
2 974
2 984
2 999
3 196
3 213
3 644
3 709
3 139
3 813
3 972
3 88
3 905
3 496
3 102
3 120
3 151
3 303
3 426
3 476
3 661
3 717
3 802
3 809
3 820
4 48
4 496
4 701
4 46
4 257
4 74
4 598
4 70
4 637
4 274
4 513
4 162
4 275
4 729
4 866
4 937
5 127
5 826
5 403
5 359
5 661
5 164
5 509
5 193
5 292
5 238
5 489
5 541
5 613
5 740
5 750
6 515
6 717
6 329
6 715
6 816
6 144
6 142
6 814
6 76
6 180
6 318
6 351
6 429
6 448
6 470
6 563
6 641
6 762
6 783
7 191
7 395
7 269
7 803
7 987
7 823
7 211
7 131
7 53
7 26
7 250
7 544
7 190
7 203
7 339
7 371
7 432
7 455
7 557
7 563
7 661
7 692
7 907
7 951
7 973
8 163
8 128
8 692
8 491
8 823
8 263
8 517
8 53
8 695
8 875
8 668
8 519
8 328
8 37
8 307
8 354
8 458
8 676
8 694
8 738
8 982
9 282
9 557
9 530
9 138
9 583
9 93
9 27
9 818
9 643
9 34
9 942
9 853
9 957
9 41
9 96
9 113
9 124
9 212
9 220
9 286
9 563
9 569
9 642
9 934
9 979
10 699
10 196
10 318
10 47
10 299
10 739
10 206
10 969
10 925
10 72
10 179
10 787
10 863
10 972
10 367
10 599
10 839
10 499
10 305
10 181
10 229
10 276
10 476
10 509
10 531
10 634
10 661
10 848
11 863
11 661
11 406
11 926
11 461
11 196
11 182
11 77
11 607
11 270
11 296
11 45
11 329
11 860
12 20
12 650
12 309
12 399
12 148
12 289
12 321
12 364
12 790
12 869
12 917
13 306
13 135
13 645
13 243
13 93
13 34
13 83
13 87
13 195
13 422
13 482
13 610
13 627
13 644
13 661
13 703
13 719
13 798
14 426
14 754
14 694
14 407
14 212
14 280
14 399
14 824
14 30
14 328
14 141
14 850
14 483
14 75
14 159
14 263
14 526
14 544
14 600
15 541
15 720
15 711
15 902
15 596
15 714
15 520
15 67
15 922
15 612
15 827
15 987
15 250
15 38
15 96
15 313
15 681
15 480
15 57
15 245
15 462
15 891
16 204
16 277
16 383
16 479
16 184
16 970
16 601
16 868
16 936
16 554
16 726
16 229
16 256
16 342
16 380
16 495
16 661
17 905
17 387
17 600
17 407
17 741
17 514
17 557
17 118
17 29
17 76
17 332
17 485
17 530
17 563
17 750
18 995
18 33
18 419
18 661
18 653
18 116
18 260
18 464
18 735
18 790
18 797
18 825
18 919
19 599
19 456
19 574
19 435
19 840
19 215
19 577
19 752
19 272
19 154
19 312
19 991
19 475
19 462
19 525
19 602
19 721
19 890
19 915
20 183
20 468
20 626
20 357
20 871
20 156
20 33
20 55
20 77
20 108
20 140
20 273
20 370
20 427
20 661
20 680
20 763
20 787
20 913
20 947
20 948
20 996
20 999
21 599
21 344
21 278
21 153
21 223
21 24
21 356
21 66
21 125
21 542
21 605
21 740
21 753
21 937
21 958
21 994
22 774
22 404
22 93
22 371
22 190
22 885
22 26
22 883
22 827
22 34
22 485
22 27
22 53
22 58
22 115
22 324
22 328
22 387
22 414
22 460
22 474
22 481
22 500
22 887
22 963
23 503
23 68
23 182
23 762
23 611
23 406
23 432
23 953
23 119
23 169
23 179
23 299
23 470
23 552
23 556
23 569
23 680
23 813
23 821
23 830
23 987
23 997
24 839
24 849
24 218
24 380
24 248
24 342
24 175
24 850
24 573
24 585
24 402
24 80
24 118
24 121
24 147
24 214
24 296
24 363
24 370
24 430
24 433
24 523
24 631
24 691
24 696
24 698
24 736
24 856
24 936
24 976
25 170
25 503
25 595
25 741
25 224
25 477
25 354
25 27
25 802
25 676
25 197
25 517
25 728
25 827
25 643
25 951
25 171
25 230
25 279
25 500
25 603
25 615
25 702
25 842
25 875
25 902
25 982
25 988
26 581
26 228
26 280
26 875
26 785
26 244
26 793
26 557
26 34
26 59
26 78
26 113
26 224
26 588
26 839
26 883
26 898
26 929
26 940
27 925
27 911
27 302
27 793
27 770
27 190
27 307
27 321
27 352
27 460
27 527
27 692
27 756
27 803
28 713
28 438
28 798
28 195
28 861
28 800
28 550
28 984
28 603
28 280
28 807
28 155
28 333
28 386
28 392
28 693
29 715
29 351
29 490
29 422
29 146
29 59
29 432
29 78
29 416
29 811
29 499
29 951
29 45
29 61
29 154
29 328
29 444
29 604
29 676
29 741
29 824
29 870
30 661
30 473
30 615
30 131
30 190
30 375
30 415
30 449
30 560
30 569
30 754
30 824
30 842
30 885
30 889
30 921
30 930
30 934
30 951
30 961
30 968
30 982
31 130
31 693
31 835
31 761
31 564
31 48
31 56
31 135
31 163
31 246
31 308
31 322
31 346
31 388
31 422
31 652
31 678
31 722
31 727
31 909
32 549
32 204
32 670
32 909
32 221
32 111
32 152
32 185
32 233
32 289
32 344
32 361
32 380
32 389
32 404
32 427
32 465
32 502
32 581
32 690
32 735
32 812
32 822
32 905
32 950
32 974
33 405
33 763
33 216
33 926
33 139
33 86
33 119
33 746
33 532
33 53
33 890
33 831
33 151
33 471
33 594
33 661
33 665
33 821
33 950
34 311
34 993
34 416
34 965
34 328
34 45
34 159
34 714
34 519
34 920
34 573
34 250
34 332
34 357
34 451
34 547
34 585
34 693
34 734
35 567
35 667
35 432
35 415
35 277
35 687
35 561
35 887
35 691
35 672
35 280
35 807
35 81
35 159
35 279
35 473
35 474
35 499
35 500
35 511
35 618
35 642
35 681
35 811
35 927
35 940
35 961
36 618
36 542
36 270
36 472
36 525
36 287
36 356
36 294
36 218
36 80
36 195
36 265
36 421
36 577
36 882
36 902
36 910
37 709
37 799
37 357
37 303
37 662
37 609
37 106
37 177
37 206
37 233
37 298
37 398
37 500
37 548
37 661
37 714
37 796
37 971
38 106
38 519
38 547
38 817
38 595
38 714
38 69
38 57
38 200
38 231
38 361
38 391
38 414
38 450
38 481
38 600
38 702
38 887
38 893
38 979
39 42
39 281
39 155
39 678
39 992
39 945
39 87
39 134
39 123
39 427
39 549
39 939
39 113
39 283
39 288
39 375
39 497
39 543
39 573
39 697
39 884
39 892
39 919
40 466
40 215
40 962
40 65
40 342
40 630
40 199
40 46
40 147
40 162
40 340
40 433
40 577
40 830
40 853
40 873
40 958
41 511
41 263
41 96
41 691
41 230
41 883
41 520
41 280
41 287
41 335
41 339
41 458
41 624
41 636
42 72
42 330
42 709
42 559
42 198
42 871
42 780
42 193
42 299
42 971
42 491
42 252
42 318
42 390
42 783
43 916
43 395
43 117
43 129
43 156
43 258
43 304
43 454
43 628
43 673
43 766
43 949
44 740
44 130
44 980
44 195
44 346
44 83
44 567
44 732
44 269
44 632
44 886
44 808
44 87
44 490
44 654
44 602
44 59
44 186
44 244
44 282
44 345
44 482
44 610
44 616
44 621
44 727
44 836
44 878
45 331
45 428
45 51
45 78
45 672
45 430
45 507
45 973
45 898
45 387
45 302
45 753
45 82
45 250
45 339
45 399
45 534
45 676
45 738
45 742
45 902
45 921
45 979
46 843
46 549
46 672
46 791
46 71
46 65
46 674
46 319
46 647
46 828
46 121
46 265
46 210
46 366
46 248
46 166
46 324
46 651
46 708
46 914
47 599
47 528
47 225
47 863
47 809
47 834
47 535
47 661
47 467
47 564
47 519
47 485
47 283
47 548
47 553
47 743
47 826
47 830
47 843
47 981
47 984
48 609
48 490
48 567
48 282
48 487
48 482
48 988
48 247
48 221
48 726
48 957
48 233
48 262
48 308
48 534
48 586
48 693
48 878
48 938
48 961
48 975
49 597
49 985
49 894
49 357
49 215
49 52
49 104
49 196
49 213
49 264
49 661
49 783
50 545
50 613
50 912
50 368
50 781
50 798
50 645
50 862
50 888
50 425
50 160
50 722
50 129
50 212
50 513
50 288
50 341
50 345
50 486
50 538
50 572
50 602
50 621
51 555
51 925
51 960
51 477
51 811
51 587
51 526
51 898
51 93
51 902
51 529
51 520
51 942
51 99
51 920
51 218
51 414
51 462
51 574
51 595
51 734
51 756
51 817
52 520
52 61
52 941
52 885
52 82
52 96
52 963
52 529
52 154
52 109
52 224
52 313
52 314
52 437
52 462
52 518
52 561
52 574
52 595
52 636
52 694
52 714
52 735
52 754
52 833
52 973
53 358
53 893
53 624
53 99
53 449
53 765
53 335
53 96
53 220
53 245
53 197
53 483
53 642
53 680
53 802
53 955
54 418
54 222
54 613
54 213
54 181
54 242
54 476
54 503
54 546
54 548
54 602
54 641
54 899
54 969
55 187
55 262
55 809
55 489
55 142
55 660
55 893
55 150
55 284
55 423
55 431
55 456
55 779
55 969
56 697
56 424
56 174
56 607
56 878
56 781
56 801
56 703
56 923
56 185
56 295
56 482
56 584
56 610
56 677
56 723
56 861
57 766
57 425
57 204
57 474
57 938
57 563
57 449
57 430
57 856
57 805
57 121
57 203
57 235
57 279
57 361
57 595
57 776
57 823
57 883
57 941
58 648
58 976
58 158
58 624
58 449
58 338
58 560
58 277
58 178
58 197
58 335
58 361
58 391
58 603
58 702
58 738
58 778
58 824
59 698
59 845
59 514
59 455
59 178
59 927
59 517
59 965
59 526
59 121
59 208
59 236
59 414
59 520
59 792
59 951
60 608
60 914
60 95
60 149
60 204
60 282
60 432
60 443
60 487
60 550
60 591
60 623
60 651
60 703
60 789
60 798
60 806
60 832
60 847
60 895
60 912
60 965
61 689
61 392
61 848
61 842
61 128
61 82
61 106
61 146
61 500
61 133
61 320
61 458
61 499
61 603
61 672
61 728
62 343
62 971
62 216
62 364
62 127
62 546
62 729
62 269
62 306
62 143
62 315
62 440
62 594
62 794
62 999
63 249
63 276
63 677
63 85
63 130
63 160
63 487
63 886
63 333
63 946
63 204
63 344
63 173
63 191
63 226
63 243
63 627
63 633
63 686
63 905
63 931
63 954
64 164
64 661
64 562
64 266
64 743
64 429
64 917
64 639
64 787
64 513
64 573
64 182
64 222
64 401
64 528
64 810
65 501
65 132
65 241
65 66
65 134
65 147
65 185
65 255
65 274
65 360
65 365
65 385
65 453
65 472
65 521
65 631
65 707
65 718
65 849
65 879
65 944
66 449
66 943
66 413
66 440
66 293
66 290
66 708
66 89
66 132
66 505
66 542
66 679
66 725
66 791
66 866
66 900
67 965
67 929
67 436
67 574
67 987
67 338
67 557
67 675
67 286
67 69
67 81
67 94
67 137
67 186
67 405
67 480
67 500
67 507
67 576
67 768
67 846
67 855
68 198
68 299
68 447
68 331
68 657
68 536
68 661
68 234
68 77
68 104
68 240
68 410
68 448
68 630
68 777
69 576
69 349
69 251
69 293
69 147
69 141
69 257
69 444
69 838
69 956
70 86
70 242
70 859
70 672
70 372
70 750
70 877
70 154
70 121
70 956
70 103
70 219
70 850
70 80
70 141
70 170
70 183
70 192
70 360
70 417
70 418
70 558
70 614
70 684
70 863
70 903
70 914
70 955
71 508
71 281
71 106
71 223
71 868
71 215
71 964
71 112
71 185
71 192
71 337
71 365
71 419
71 423
71 506
71 573
71 661
71 742
71 840
72 536
72 743
72 983
72 908
72 751
72 590
72 541
72 193
72 773
72 764
72 692
72 991
72 224
72 599
72 790
72 810
72 959
73 572
73 668
73 417
73 858
73 606
73 287
73 304
73 251
73 579
73 257
73 525
73 647
73 880
73 254
73 296
73 365
73 459
73 638
73 655
73 696
73 710
73 829
74 116
74 453
74 432
74 741
74 642
74 305
74 684
74 651
74 469
74 758
74 402
74 726
74 782
74 807
74 844
74 707
74 290
74 192
74 472
74 285
74 994
74 943
74 990
74 201
74 287
74 423
74 605
74 658
74 836
74 877
75 291
75 713
75 209
75 857
75 234
75 430
75 526
75 480
75 407
75 929
75 920
75 891
75 219
75 82
75 500
75 595
75 661
75 765
76 661
76 624
76 874
76 328
76 159
76 754
76 635
76 313
76 495
76 811
76 125
76 153
77 569
77 193
77 617
77 661
77 764
77 104
77 170
77 950
77 188
77 524
77 317
77 174
77 202
77 404
77 515
77 599
77 650
77 665
77 709
77 947
77 985
78 776
78 128
78 681
78 99
78 724
78 81
78 138
78 143
78 203
78 238
78 245
78 352
78 415
78 449
78 531
78 560
78 583
78 658
78 803
78 818
78 893
78 905
78 929
78 941
78 968
79 173
79 388
79 404
79 564
79 713
79 368
79 723
79 891
79 216
79 284
79 295
79 422
79 476
79 532
79 608
79 659
79 669
79 677
79 846
79 869
80 639
80 705
80 264
80 550
80 158
80 842
80 475
80 542
80 936
80 365
80 647
80 576
80 484
80 112
80 710
80 556
80 760
80 218
80 274
80 631
80 718
80 791
80 807
80 937
80 943
80 951
81 119
81 618
81 401
81 247
81 416
81 208
81 235
81 371
81 702
81 612
81 737
81 458
81 875
81 811
81 827
81 361
81 499
81 785
81 173
81 311
81 328
81 495
81 661
81 668
81 940
82 568
82 138
82 741
82 619
82 818
82 874
82 383
82 414
82 427
82 687
82 911
82 968
83 524
83 317
83 884
83 633
83 443
83 457
83 389
83 822
83 632
83 756
83 117
83 160
83 247
83 411
83 533
83 671
83 697
83 720
83 746
83 801
83 829
83 845
83 897
83 946
84 907
84 401
84 904
84 789
84 716
84 469
84 539
84 423
84 828
84 275
84 327
84 914
84 674
84 718
84 105
84 384
84 521
84 576
84 588
84 858
85 232
85 567
85 886
85 669
85 425
85 408
85 174
85 191
85 239
85 258
85 344
85 457
85 502
85 510
85 538
85 621
85 661
85 815
85 824
85 945
85 965
85 997
86 150
86 950
86 597
86 959
86 816
86 925
86 447
86 92
86 776
86 837
86 299
86 410
86 486
86 595
86 658
86 686
86 739
86 787
87 155
87 538
87 800
87 792
87 205
87 976
87 795
87 896
87 129
87 221
87 243
87 283
87 323
87 457
87 616
87 640
87 642
87 653
87 698
87 725
87 845
87 860
87 865
87 914
87 916
88 419
88 780
88 768
88 187
88 863
88 166
88 176
88 947
88 418
88 689
88 688
88 541
88 397
88 762
88 150
88 661
88 142
88 179
88 364
88 548
88 787
88 814
88 870
88 985
89 801
89 623
89 534
89 518
89 952
89 585
89 322
89 567
89 602
89 690
89 722
89 910
89 912
90 782
90 423
90 837
90 103
90 772
90 955
90 385
90 512
90 112
90 271
90 336
90 356
90 806
90 996
91 273
91 618
91 548
91 784
91 841
91 276
91 661
91 569
91 396
91 108
91 114
91 374
91 405
91 429
91 448
91 535
91 597
91 704
91 709
91 830
91 897
92 422
92 168
92 846
92 604
92 549
92 586
92 136
92 652
92 434
92 482
92 552
92 581
92 623
92 633
92 685
92 733
92 845
93 207
93 106
93 391
93 212
93 297
93 407
93 450
93 526
93 566
93 676
93 694
93 702
93 706
93 731
93 891
93 893
93 935
93 940
94 467
94 931
94 532
94 812
94 567
94 387
94 129
94 214
94 289
94 344
94 425
94 437
94 502
94 646
94 678
94 761
94 905
94 948
94 975
95 156
95 776
95 827
95 624
95 171
95 934
95 432
95 207
95 415
95 436
95 491
95 817
95 921
96 358
96 245
96 560
96 770
96 328
96 941
96 666
96 711
96 568
96 122
96 356
96 109
96 131
96 171
96 203
96 313
96 352
96 491
96 742
96 857
96 883
97 620
97 760
97 651
97 465
97 356
97 521
97 475
97 577
97 121
97 141
97 297
97 363
97 385
97 512
97 513
97 516
97 554
97 602
97 671
97 710
97 797
97 814
97 828
97 872
97 879
98 359
98 216
98 715
98 167
98 876
98 709
98 859
98 398
98 318
98 108
98 118
98 689
98 841
98 995
99 190
99 823
99 640
99 500
99 566
99 857
99 478
99 124
99 212
99 277
99 286
99 335
99 354
99 414
99 519
99 552
99 560
99 603
99 657
99 754
100 661
100 111
100 801
100 593
100 847
100 767
100 267
100 221
100 284
100 123
100 168
100 191
100 258
100 282
100 344
100 411
100 425
100 453
100 508
100 510
100 719
100 832
100 993
101 435
101 121
101 251
101 446
101 868
101 103
101 154
101 187
101 210
101 215
101 365
101 393
101 513
101 578
101 725
101 740
101 773
101 782
101 828
101 880
102 329
102 543
102 819
102 107
102 821
102 439
102 434
102 131
102 219
102 298
102 409
102 661
102 714
102 969
102 971
103 331
103 155
103 455
103 873
103 485
103 347
103 791
103 782
103 890
103 872
103 957
103 175
103 585
103 105
103 121
103 153
103 162
103 348
103 390
103 421
103 423
103 573
103 809
103 964
104 917
104 972
104 461
104 476
104 177
104 790
104 947
104 142
104 370
104 472
104 212
104 217
104 260
104 321
104 717
104 995
105 240
105 863
105 292
105 324
105 336
105 304
105 272
105 504
105 215
105 866
105 472
105 184
105 726
105 274
105 671
105 856
105 656
105 882
105 360
105 637
105 350
105 199
105 256
105 542
106 941
106 865
106 769
106 683
106 675
106 640
106 963
106 875
106 507
106 134
106 200
106 220
106 230
106 338
106 350
106 421
106 547
106 748
106 793
106 847
106 855
106 902
107 925
107 709
107 996
107 468
107 543
107 685
107 355
107 458
107 943
107 890
107 148
107 169
107 237
107 405
107 419
107 661
107 665
107 871
108 661
108 382
108 570
108 266
108 206
108 994
108 853
108 833
108 712
108 123
108 153
108 318
108 528
108 606
108 750
108 930
109 934
109 818
109 178
109 244
109 230
109 793
109 211
109 155
109 387
109 462
109 511
109 575
109 610
109 668
109 676
109 683
109 857
109 942
110 787
110 905
110 645
110 988
110 839
110 323
110 567
110 858
110 256
110 301
110 427
110 458
110 502
110 518
110 519
110 703
110 711
110 812
110 829
110 851
110 916
110 974
111 135
111 191
111 253
111 862
111 306
111 204
111 341
111 628
111 633
111 652
111 697
111 835
111 884
111 888
111 974
112 634
112 305
112 866
112 319
112 578
112 537
112 342
112 201
112 479
112 129
112 223
112 225
112 255
112 265
112 271
112 383
112 671
112 726
112 737
112 937
112 990
113 545
113 406
113 905
113 361
113 203
113 675
113 728
113 706
113 450
113 692
113 477
113 881
113 324
113 339
113 430
113 563
113 568
113 596
113 612
113 640
113 702
113 765
113 814
113 848
113 852
113 854
113 865
113 940
114 680
114 139
114 751
114 809
114 729
114 709
114 609
114 797
114 291
114 419
114 864
114 120
114 180
114 660
114 407
114 170
114 177
114 259
114 657
114 661
114 686
115 732
115 269
115 957
115 554
115 868
115 551
115 726
115 479
115 248
115 219
115 274
115 372
115 324
115 716
115 440
115 319
115 943
115 141
115 407
115 417
115 423
115 545
115 831
115 912
116 213
116 950
116 161
116 397
116 709
116 170
116 661
116 889
116 193
116 196
116 200
116 379
116 618
116 634
116 967
117 739
117 341
117 160
117 749
117 919
117 822
117 941
117 345
117 502
117 538
117 552
117 610
117 748
117 832
117 851
117 931
117 945
118 344
118 356
118 147
118 305
118 655
118 292
118 122
118 275
118 293
118 362
118 417
118 479
118 558
118 574
118 614
118 782
118 934
118 947
118 991
119 821
119 763
119 757
119 351
119 819
119 810
119 359
119 382
119 545
119 652
119 709
119 751
119 863
120 821
120 187
120 447
120 834
120 709
120 140
120 922
120 674
120 188
120 193
120 214
120 569
120 570
120 594
120 633
120 764
121 800
121 362
121 936
121 312
121 856
121 844
121 815
121 125
121 141
121 215
121 348
121 577
121 679
121 799
121 881
122 998
122 978
122 955
122 165
122 523
122 880
122 814
122 185
122 701
122 708
122 286
122 385
122 412
122 417
122 482
122 632
122 707
122 805
122 837
122 838
123 871
123 720
123 623
123 861
123 667
123 155
123 467
123 345
123 457
123 173
123 945
123 147
123 129
123 278
123 346
123 422
123 621
123 678
123 794
123 980
123 991
124 196
124 198
124 939
124 481
124 852
124 934
124 500
124 436
124 371
124 186
124 473
124 474
124 490
124 499
124 511
124 549
124 676
124 741
124 770
124 776
124 920
125 418
125 658
125 162
125 310
125 319
125 337
125 408
125 437
125 504
125 551
125 558
125 788
125 944
126 351
126 441
126 686
126 522
126 950
126 813
126 596
126 272
126 164
126 191
126 503
126 510
126 618
126 688
126 709
126 755
126 820
126 998
127 809
127 276
127 704
127 869
127 442
127 762
127 196
127 259
127 351
127 406
127 428
127 467
127 821
127 871
127 947
127 959
128 661
128 226
128 802
128 734
128 387
128 339
128 203
128 335
128 361
128 432
128 455
128 691
128 728
128 738
128 979
129 809
129 789
129 239
129 801
129 627
129 722
129 130
129 561
129 664
129 246
129 848
129 916
129 946
130 166
130 808
130 375
130 278
130 386
130 550
130 432
130 134
130 150
130 311
130 333
130 340
130 368
130 508
130 678
130 792
130 832
130 861
131 424
131 571
131 477
131 619
131 280
131 203
131 430
131 817
131 885
131 883
131 929
131 332
131 517
131 143
131 244
131 250
131 407
131 436
131 458
131 583
131 591
131 595
131 667
131 676
131 714
131 748
131 811
131 951
131 987
132 713
132 277
132 498
132 877
132 836
132 806
132 356
132 556
132 148
132 853
132 294
132 423
132 446
132 459
132 475
132 485
132 700
132 849
132 949
132 964
132 990
133 138
133 517
133 805
133 186
133 297
133 389
133 481
133 583
133 602
133 666
133 921
133 951
134 172
134 789
134 227
134 989
134 306
134 168
134 395
134 759
134 247
134 645
134 243
134 973
134 155
134 232
134 396
134 454
134 550
134 589
134 693
134 723
134 832
134 848
134 931
135 628
135 533
135 851
135 989
135 341
135 812
135 798
135 885
135 361
135 141
135 155
135 163
135 243
135 253
135 589
135 661
135 667
135 745
135 749
135 767
135 845
135 870
136 892
136 632
136 660
136 204
136 346
136 847
136 581
136 678
136 269
136 300
136 141
136 145
136 168
136 347
136 469
136 508
136 510
136 589
136 745
136 781
136 798
136 808
136 846
136 848
136 862
137 839
137 719
137 975
137 146
137 186
137 566
137 234
137 175
137 228
137 233
137 451
137 493
137 526
137 661
137 747
137 765
137 811
137 837
137 898
137 965
138 869
138 661
138 533
138 746
138 891
138 695
138 619
138 951
138 942
138 458
138 335
138 982
138 178
138 407
138 866
138 444
138 451
138 481
138 595
138 600
138 753
138 903
138 909
139 562
139 242
139 264
139 613
139 555
139 140
139 453
139 677
139 211
139 856
139 152
139 181
139 196
139 216
139 426
139 661
139 755
139 820
139 985
140 764
140 639
140 431
140 242
140 565
140 981
140 611
140 768
140 496
140 170
140 236
140 364
140 466
140 486
140 513
140 845
140 866
140 947
140 972
141 581
141 283
141 893
141 241
141 638
141 175
141 292
141 326
141 219
141 805
141 725
141 576
141 718
141 710
141 272
141 716
141 229
141 336
141 472
141 630
141 944
142 358
142 819
142 811
142 806
142 169
142 177
142 240
142 279
142 315
142 545
142 626
142 661
142 773
142 966
143 977
143 827
143 568
143 328
143 612
143 939
143 563
143 756
143 770
143 691
143 642
143 449
143 387
143 350
143 573
143 146
143 229
143 250
143 263
143 668
143 934
144 398
144 826
144 611
144 466
144 617
144 196
144 981
144 217
144 967
144 158
144 351
144 728
144 747
144 821
145 779
145 895
145 892
145 767
145 404
145 424
145 678
145 311
145 339
145 287
145 238
145 518
145 550
145 627
145 661
145 663
145 690
145 718
145 733
145 993
146 661
146 989
146 332
146 915
146 257
146 443
146 450
146 583
146 674
146 770
146 775
146 796
146 874
146 893
146 898
146 954
146 977
147 505
147 556
147 479
147 255
147 214
147 362
147 384
147 407
147 473
147 483
147 576
147 614
147 623
147 804
147 856
147 872
147 873
147 906
148 661
148 504
148 614
148 844
148 350
148 472
148 725
148 304
148 838
148 201
148 262
148 279
148 310
148 328
148 364
148 413
148 572
148 646
148 775
148 815
148 945
149 870
149 247
149 939
149 600
149 823
149 511
149 574
149 159
149 478
149 178
149 695
149 209
149 391
149 477
149 566
149 615
149 681
149 702
149 747
149 883
149 891
149 901
150 166
150 913
150 661
150 959
150 764
150 441
150 713
150 527
150 196
150 317
150 854
151 661
151 966
151 167
151 471
151 913
151 883
151 370
151 194
151 353
151 393
151 535
151 665
151 729
151 780
151 918
151 983
151 995
152 429
152 252
152 570
152 932
152 784
152 907
152 597
152 398
152 400
152 535
152 563
152 568
153 661
153 275
153 958
153 614
153 853
153 579
153 638
153 165
153 219
153 185
153 256
153 485
153 525
153 576
153 828
154 939
154 279
154 199
154 412
154 210
154 472
154 319
154 614
154 638
154 758
154 794
154 840
154 900
154 906
154 958
154 975
155 267
155 395
155 892
155 388
155 723
155 976
155 345
155 402
155 513
155 283
155 512
155 561
155 745
156 848
156 895
156 621
156 667
156 311
156 301
156 653
156 345
156 189
156 204
156 281
156 317
156 610
156 669
156 685
156 690
156 722
156 798
156 847
156 855
156 884
156 902
156 931
157 520
157 334
157 770
157 855
157 280
157 793
157 852
157 294
157 424
157 519
157 568
157 583
157 756
157 842
157 865
157 887
157 921
158 960
158 754
158 695
158 824
158 963
158 619
158 480
158 711
158 747
158 332
158 531
158 891
158 159
158 200
158 314
158 407
158 462
158 474
158 536
158 683
158 765
158 847
158 954
158 979
159 845
159 474
159 737
159 741
159 954
159 939
159 811
159 279
159 361
159 632
159 735
159 865
159 886
159 888
159 901
160 698
160 173
160 427
160 443
160 822
160 295
160 189
160 540
160 511
160 804
160 340
160 163
160 191
160 377
160 467
160 488
160 538
160 727
160 767
160 905
161 729
161 406
161 418
161 452
161 570
161 662
161 404
161 311
161 417
161 219
161 323
161 598
161 618
161 661
161 779
161 931
162 428
162 988
162 815
162 877
162 257
162 782
162 185
162 271
162 282
162 366
162 413
162 506
162 849
162 912
163 660
163 301
163 424
163 586
163 267
163 984
163 458
163 539
163 278
163 395
163 422
163 425
163 550
163 616
163 732
163 789
163 802
163 916
163 949
163 988
164 193
164 757
164 594
164 864
164 816
164 555
164 617
164 471
164 291
164 918
164 427
164 168
164 180
164 298
164 476
164 553
164 686
164 743
165 784
165 398
165 549
165 892
165 875
165 347
165 986
165 791
165 272
165 679
165 292
165 537
165 804
165 656
165 349
165 446
165 838
165 915
165 293
165 394
165 483
165 840
165 906
165 928
166 661
166 486
166 397
166 841
166 470
166 556
166 705
166 754
166 959
167 662
167 398
167 237
167 363
167 890
167 331
167 384
167 442
167 457
167 660
167 661
167 871
167 930
167 966
168 441
168 510
168 732
168 345
168 283
168 348
168 494
168 376
168 207
168 197
168 189
168 309
168 389
168 411
168 434
168 588
168 645
168 653
168 698
168 795
168 984
169 418
169 773
169 559
169 796
169 569
169 766
169 541
169 609
169 830
169 813
169 876
169 464
169 948
169 621
169 170
169 238
169 410
169 426
169 522
169 787
169 820
169 916
170 364
170 995
170 555
170 382
170 559
170 264
170 842
170 234
170 353
170 709
170 783
170 897
170 908
171 388
171 987
171 416
171 480
171 557
171 714
171 676
171 477
171 900
171 415
171 731
171 743
171 803
171 857
171 960
172 546
172 778
172 355
172 845
172 621
172 282
172 931
172 745
172 502
172 205
172 227
172 267
172 284
172 378
172 438
172 492
172 759
172 916
173 759
173 607
173 425
173 584
173 560
173 772
173 708
173 231
173 234
173 393
173 588
173 618
173 654
173 795
173 839
173 992
173 993
174 388
174 888
174 204
174 269
174 581
174 678
174 205
174 557
174 738
174 227
174 374
174 378
174 390
174 427
174 490
174 568
174 653
174 812
174 847
175 359
175 267
175 227
175 332
175 272
175 274
175 319
175 362
175 505
175 506
175 578
175 614
175 712
175 788
176 461
176 699
176 999
176 864
176 213
176 216
176 343
176 816
176 764
176 264
176 363
176 639
176 661
176 669
176 686
176 898
177 661
177 809
177 843
177 363
177 766
177 711
177 294
177 299
177 403
177 425
177 859
178 338
178 430
178 212
178 224
178 250
178 399
178 547
178 596
178 607
178 612
178 687
178 852
178 901
178 929
179 778
179 480
179 215
179 198
179 206
179 317
179 329
179 447
179 661
179 755
179 786
179 913
179 969
179 983
180 351
180 470
180 661
180 618
180 252
180 985
180 894
180 841
180 285
180 263
180 330
180 398
180 531
180 592
180 634
180 678
180 726
180 899
180 948
181 299
181 763
181 471
181 400
181 978
181 786
181 453
181 667
181 589
181 874
181 753
181 577
181 414
181 796
182 985
182 590
182 320
182 773
182 975
182 207
182 364
182 456
182 536
182 575
182 661
182 709
182 816
182 907
183 751
183 357
183 321
183 709
183 597
183 494
183 944
183 212
183 293
183 364
183 661
183 689
183 701
184 680
184 341
184 295
184 979
184 647
184 215
184 272
184 501
184 287
184 674
184 472
184 696
184 964
184 290
184 316
184 326
184 342
184 349
184 444
184 485
184 625
184 656
184 718
184 758
185 705
185 633
185 692
185 338
185 818
185 750
185 772
185 582
185 858
185 957
185 962
185 521
185 598
185 838
185 435
185 316
185 576
185 694
185 725
186 755
186 410
186 892
186 846
186 980
186 563
186 635
186 407
186 234
186 376
186 387
186 450
186 707
186 770
187 981
187 546
187 796
187 570
187 320
187 486
187 377
187 527
187 478
187 387
187 496
187 238
187 272
187 400
187 448
187 468
187 493
187 783
187 863
187 876
188 353
188 535
188 826
188 419
188 932
188 273
188 751
188 639
188 329
188 913
188 196
188 625
188 840
188 331
188 340
188 426
188 503
188 762
188 802
189 524
189 661
189 751
189 923
189 306
189 677
189 713
189 267
189 974
189 226
189 209
189 472
189 323
189 334
189 368
189 378
190 522
190 607
190 354
190 635
190 875
190 735
190 217
190 224
190 348
190 368
190 399
190 474
190 631
190 753
190 818
190 823
190 927
190 929
190 935
190 954
190 996
191 488
191 549
191 604
191 497
191 761
191 591
191 360
191 377
191 633
191 687
191 776
191 884
191 888
191 916
191 989
192 626
192 847
192 450
192 814
192 210
192 257
192 304
192 316
192 336
192 422
192 437
192 483
192 725
192 850
192 937
193 661
193 755
193 592
193 820
193 269
193 308
193 336
193 406
193 709
193 781
193 783
193 897
193 981
193 998
194 841
194 671
194 658
194 459
194 858
194 962
194 324
194 445
194 586
194 629
194 804
194 850
194 855
194 902
194 910
195 589
195 422
195 677
195 839
195 497
195 667
195 283
195 313
195 387
195 494
195 540
195 749
195 851
196 796
196 545
196 744
196 403
196 509
196 871
196 364
196 528
196 401
196 887
196 256
196 206
196 489
196 777
196 876
196 932
196 947
197 763
197 517
197 875
197 511
197 462
197 574
197 661
197 941
197 969
198 825
198 641
198 236
198 367
198 428
198 967
198 796
198 457
198 317
198 421
198 555
198 559
198 709
199 988
199 313
199 513
199 201
199 248
199 257
199 712
199 214
199 383
199 514
199 614
199 684
199 807
200 242
200 244
200 887
200 793
200 823
200 756
200 939
200 209
200 865
200 544
200 893
200 921
200 371
200 302
200 451
201 590
201 637
201 223
201 760
201 807
201 576
201 656
201 271
201 512
201 542
201 584
201 804
201 814
201 900
202 548
202 729
202 358
202 819
202 266
202 260
202 503
202 709
202 661
202 390
202 950
202 951
202 692
202 213
202 317
202 744
202 897
202 944
203 884
203 482
203 574
203 793
203 823
203 852
203 973
203 885
203 557
203 356
203 718
203 244
203 332
203 491
203 552
203 595
203 681
203 683
203 692
203 694
203 724
203 817
204 779
204 589
204 759
204 411
204 677
204 269
204 675
204 310
204 258
204 301
204 421
204 434
204 437
204 439
204 463
204 467
204 510
204 549
204 697
204 720
204 761
204 778
204 905
204 959
204 984
205 732
205 309
205 895
205 540
205 221
205 439
205 909
205 771
205 949
205 581
205 953
205 295
205 451
205 602
205 633
205 703
205 975
206 784
206 763
206 841
206 231
206 859
206 273
206 522
206 661
206 773
206 339
206 480
206 734
206 237
206 276
206 387
206 470
206 555
206 668
206 704
206 746
206 780
206 786
206 930
206 932
207 624
207 687
207 748
207 529
207 695
207 208
207 230
207 234
207 332
207 432
207 478
207 484
207 525
207 587
207 734
207 905
207 951
207 989
208 491
208 563
208 451
208 220
208 901
208 965
208 942
208 526
208 449
208 831
208 317
208 499
208 554
208 615
208 661
208 702
208 737
208 776
208 800
208 921
208 961
209 268
209 531
209 724
209 600
209 643
209 818
209 496
209 970
209 574
209 770
209 794
209 820
209 887
210 715
210 773
210 291
210 686
210 774
210 865
210 935
210 750
210 877
210 257
210 910
210 505
210 372
210 838
210 833
210 496
210 513
210 775
210 708
210 629
210 465
210 805
210 867
210 408
210 700
210 556
210 944
210 305
210 337
210 583
210 620
210 821
210 837
210 856
210 950
211 419
211 642
211 517
211 939
211 811
211 302
211 255
211 221
211 250
211 333
211 481
211 497
211 544
211 636
211 672
211 737
211 827
211 885
211 983
212 246
212 361
212 619
212 474
212 458
212 756
212 223
212 215
212 451
212 672
212 737
212 817
212 827
213 709
213 926
213 400
213 729
213 331
213 661
213 456
213 969
213 266
213 599
213 353
213 225
213 240
213 276
213 292
213 390
213 536
213 543
213 559
213 894
213 899
214 979
214 857
214 292
214 423
214 990
214 362
214 629
214 288
214 485
214 554
214 872
214 366
214 866
214 275
214 370
214 402
214 752
214 772
214 850
214 873
214 986
215 978
215 464
215 661
215 353
215 739
215 792
215 422
215 747
215 539
215 856
215 682
215 622
215 383
215 577
215 521
215 944
215 649
215 990
215 655
215 775
215 257
215 350
215 542
215 256
215 674
215 513
215 469
215 554
215 435
215 836
215 889
215 272
215 656
215 285
215 286
215 325
215 336
215 423
215 475
215 537
215 717
215 804
215 885
215 903
215 956
216 751
216 555
216 559
216 870
216 473
216 312
216 317
216 367
216 419
216 644
216 661
216 763
216 778
216 983
217 264
217 441
217 995
217 826
217 739
217 825
217 841
217 611
217 443
217 675
217 415
217 983
218 926
218 765
218 459
218 219
218 866
218 858
218 412
218 788
218 914
218 229
218 370
218 378
218 420
218 444
218 445
218 542
218 707
218 836
218 840
218 919
219 649
219 602
219 760
219 831
219 342
219 248
219 259
219 450
219 537
219 682
219 880
219 914
220 338
220 557
220 691
220 499
220 692
220 606
220 224
220 280
220 334
220 371
220 373
220 450
220 452
220 706
220 842
220 951
221 613
221 437
221 438
221 253
221 564
221 368
221 892
221 829
221 232
221 389
221 395
221 607
221 621
221 633
221 695
222 555
222 730
222 810
222 768
222 343
222 364
222 264
222 379
222 397
222 464
222 566
222 661
222 709
222 757
222 834
222 869
222 948
222 959
222 981
223 858
223 716
223 964
223 638
223 360
223 229
223 336
223 380
223 469
223 506
223 578
223 655
223 712
223 718
223 775
223 881
223 937
223 958
223 999
224 918
224 597
224 754
224 612
224 811
224 687
224 458
224 635
224 827
224 361
224 939
224 649
224 416
224 474
224 619
224 692
224 880
225 661
225 466
225 709
225 409
225 318
225 403
225 471
225 999
225 515
225 876
225 907
225 369
225 693
225 309
225 277
225 728
225 756
225 630
225 406
225 509
225 536
226 331
226 490
226 581
226 746
226 232
226 355
226 434
226 578
226 610
226 621
226 669
226 697
226 889
226 955
227 862
227 344
227 301
227 282
227 457
227 550
227 572
227 916
227 653
227 892
227 781
227 884
227 623
227 847
227 281
227 309
227 368
227 424
227 455
227 673
227 723
227 795
227 800
227 829
227 845
227 975
227 993
228 450
228 875
228 965
228 842
228 595
228 499
228 248
228 457
228 491
228 728
228 741
228 877
229 439
229 920
229 472
229 872
229 674
229 867
229 469
229 325
229 384
229 316
229 356
229 853
229 879
229 910
230 650
230 635
230 458
230 495
230 557
230 244
230 477
230 474
230 961
230 891
230 815
230 435
230 297
230 676
230 706
230 711
230 857
231 985
231 331
231 471
231 569
231 688
231 948
231 401
231 503
231 984
231 364
231 382
231 535
231 570
231 592
231 661
231 959
231 966
231 995
232 471
232 437
232 269
232 593
232 308
232 494
232 289
232 628
232 549
232 281
232 235
232 359
232 497
232 533
232 689
232 945
233 660
233 377
233 980
233 534
233 457
233 386
233 832
233 488
233 243
233 301
233 239
233 427
233 502
233 588
233 747
233 812
233 835
233 846
234 565
234 672
234 511
234 785
234 474
234 250
234 473
234 526
234 618
234 675
234 680
234 754
234 800
234 922
234 929
234 938
234 940
235 729
235 540
235 835
235 450
235 827
235 770
235 817
235 493
235 544
235 603
235 857
235 399
235 664
235 643
236 661
236 535
236 367
236 429
236 859
236 784
236 966
236 709
236 237
236 978
236 315
236 494
236 643
236 714
236 715
236 717
237 859
237 661
237 448
237 397
237 599
237 704
237 913
237 441
237 706
237 359
237 517
237 559
237 580
237 639
237 648
237 897
237 995
238 580
238 315
238 298
238 787
238 871
238 926
238 648
238 743
238 515
238 331
238 779
238 281
238 430
238 441
238 661
238 680
238 968
238 995
239 835
239 404
239 278
239 434
239 439
239 454
239 604
239 678
239 703
239 774
239 862
239 896
239 916
239 931
239 984
239 988
240 825
240 393
240 661
240 816
240 466
240 528
240 317
240 779
240 743
240 538
240 878
240 818
240 242
240 261
240 917
240 947
240 950
240 995
241 554
241 286
241 324
241 576
241 928
241 578
241 413
241 496
241 265
241 295
241 420
241 479
241 848
242 704
242 899
242 315
242 382
242 925
242 751
242 649
242 273
242 329
242 470
242 555
242 974
243 247
243 389
243 510
243 678
243 348
243 584
243 269
243 439
243 309
243 345
243 437
243 627
243 795
243 860
243 862
243 895
243 977
244 330
244 909
244 939
244 968
244 568
244 865
244 566
244 957
244 414
244 415
244 416
244 741
244 769
244 790
244 902
245 912
245 927
245 675
245 702
245 742
245 643
245 279
245 330
245 339
245 416
245 455
245 481
245 493
245 561
245 929
246 761
246 923
246 591
246 623
246 604
246 269
246 289
246 300
246 326
246 413
246 540
246 593
246 615
246 688
246 720
246 912
247 422
247 344
247 269
247 333
247 375
247 386
247 399
247 429
247 567
247 652
247 721
247 771
247 795
247 808
247 851
247 869
247 909
248 623
248 304
248 725
248 858
248 991
248 316
248 701
248 679
248 349
248 454
248 542
248 548
248 573
248 576
248 585
248 638
248 738
248 775
248 831
248 838
248 880
249 320
249 648
249 535
249 859
249 797
249 273
249 431
249 470
249 548
249 613
249 643
249 661
249 665
249 796
249 983
250 755
250 728
250 785
250 694
250 473
250 920
250 279
250 735
250 328
250 354
250 455
250 575
250 668
250 748
250 756
250 827
250 902
250 974
251 346
251 919
251 856
251 272
251 265
251 994
251 554
251 483
251 294
251 342
251 347
251 423
251 661
251 700
251 801
251 815
251 886
252 876
252 374
252 715
252 826
252 763
252 997
252 841
252 580
252 661
252 740
252 780
252 796
252 871
252 953
253 980
253 518
253 745
253 801
253 771
253 886
253 984
253 653
253 847
253 727
253 284
253 300
253 389
253 538
253 746
253 845
253 975
254 556
254 890
254 962
254 629
254 340
254 310
254 472
254 504
254 505
254 513
254 625
254 639
254 646
254 781
254 844
254 883
254 900
255 485
255 582
255 256
255 293
255 674
255 910
255 880
255 366
255 342
255 348
255 593
255 629
255 656
255 747
255 828
255 958
255 964
255 997
256 751
256 701
256 760
256 337
256 360
256 446
256 496
256 512
256 513
256 521
256 578
256 696
256 814
256 830
256 838
256 842
256 906
257 357
257 905
257 289
257 647
257 472
257 459
257 272
257 286
257 446
257 469
257 674
257 684
257 710
257 815
258 508
258 463
258 411
258 800
258 308
258 673
258 781
258 322
258 368
258 467
258 487
258 518
258 593
258 812
258 905
259 950
259 565
259 688
259 611
259 661
259 764
259 966
260 930
260 996
260 686
260 661
260 985
260 528
260 709
260 283
260 788
260 329
260 431
260 479
260 599
260 631
260 632
260 657
260 908
261 396
261 978
261 592
261 289
261 448
261 541
261 618
261 707
261 719
261 894
261 999
262 264
262 661
262 787
262 999
262 626
262 699
262 331
262 393
262 487
262 546
262 641
263 746
263 941
263 922
263 519
263 640
263 335
263 595
263 666
263 514
263 706
263 602
263 391
263 587
263 742
263 861
263 898
263 979
264 786
264 401
264 599
264 358
264 491
264 343
264 521
264 709
264 762
265 671
265 417
265 631
265 903
265 475
265 479
265 510
265 579
265 585
265 700
265 712
265 906
266 644
266 661
266 590
266 859
266 959
266 354
266 714
266 981
267 892
267 411
267 388
267 584
267 795
267 307
267 389
267 425
267 454
267 488
267 581
267 589
267 798
267 799
267 835
267 916
267 967
268 419
268 693
268 862
268 301
268 804
268 314
268 332
268 333
268 422
268 453
268 502
268 567
268 652
268 659
268 703
268 745
268 767
268 794
268 813
268 845
268 860
268 895
268 924
269 985
269 584
269 549
269 281
269 861
269 395
269 278
269 295
269 308
269 375
269 422
269 502
269 538
269 546
269 564
269 586
269 589
269 687
269 814
269 826
269 931
270 320
270 891
270 587
270 576
270 556
270 349
270 496
270 505
270 506
270 598
270 691
270 736
270 849
270 856
270 871
270 908
270 962
271 787
271 868
271 620
271 872
271 314
271 365
271 368
271 445
271 505
271 602
271 674
271 679
271 691
271 800
271 855
271 873
271 936
272 936
272 472
272 684
272 710
272 853
272 432
272 539
272 651
272 881
273 908
273 418
273 834
273 739
273 751
273 298
273 390
273 431
273 854
273 978
273 997
274 469
274 459
274 446
274 606
274 828
274 408
274 933
274 915
274 275
274 417
274 435
274 554
274 556
274 658
274 684
274 726
274 760
274 846
274 900
274 906
275 634
275 351
275 285
275 420
275 753
275 305
275 316
275 336
275 417
275 469
275 472
275 492
275 639
275 661
275 709
276 810
276 876
276 409
276 704
276 369
276 299
276 320
276 435
276 464
276 650
276 731
276 755
276 905
277 756
277 927
277 560
277 480
277 279
277 323
277 451
277 511
277 748
277 828
277 855
277 891
277 905
277 929
278 464
278 300
278 989
278 282
278 508
278 616
278 923
278 323
278 905
278 341
278 355
278 912
278 667
279 979
279 491
279 748
279 635
279 987
279 477
279 399
279 473
279 802
279 927
279 335
279 493
279 612
279 742
280 767
280 776
280 691
280 596
280 770
280 595
280 445
280 399
280 532
280 608
280 735
280 818
280 887
280 941
281 532
281 502
281 832
281 905
281 516
281 910
281 411
281 580
281 591
281 709
281 723
281 800
281 846
281 974
281 989
282 690
282 540
282 593
282 909
282 316
282 311
282 463
282 478
282 653
282 661
282 845
282 916
282 923
283 348
283 593
283 581
283 404
283 988
283 375
283 434
283 518
283 633
283 564
283 389
283 623
283 758
283 761
284 797
284 895
284 792
284 564
284 767
284 722
284 710
284 450
284 510
284 610
285 855
285 940
285 349
285 856
285 294
285 501
285 889
285 943
286 576
286 324
286 651
286 772
286 287
286 788
286 292
286 752
286 990
286 312
286 366
286 383
286 501
286 506
286 579
286 626
286 726
286 786
286 936
287 315
287 608
287 805
287 444
287 383
287 606
287 312
287 426
287 505
287 539
287 541
287 573
287 605
287 607
287 637
287 701
287 736
287 914
287 915
287 958
287 959
288 720
288 620
288 413
288 903
288 577
288 340
288 513
288 837
288 840
288 853
289 786
289 359
289 543
289 464
289 892
289 860
289 886
289 368
289 457
289 677
289 659
289 301
289 345
289 627
289 685
289 774
289 794
289 800
290 468
290 591
290 385
290 465
290 838
290 350
290 525
290 479
290 890
290 815
290 310
290 577
290 889
290 849
290 900
290 928
291 680
291 930
291 548
291 932
291 863
291 628
291 934
291 353
291 396
291 429
291 464
291 471
291 542
291 569
291 661
291 717
291 790
292 928
292 496
292 372
292 877
292 736
292 336
292 440
292 469
292 504
292 625
292 637
292 664
292 753
292 850
292 868
292 957
293 931
293 402
293 326
293 725
293 708
293 446
293 630
293 485
293 850
293 815
293 833
293 312
293 325
293 340
293 383
293 414
293 496
293 504
293 585
293 674
293 752
293 804
293 837
293 849
294 441
294 420
294 858
294 475
294 671
294 304
294 782
294 788
294 305
294 506
294 360
294 383
294 631
294 637
294 840
294 882
295 778
295 301
295 607
295 434
295 870
295 749
295 494
295 698
295 701
295 824
295 931
296 756
296 478
296 324
296 598
296 679
296 435
296 483
296 542
296 479
296 760
296 436
296 446
296 753
296 840
296 882
296 910
296 943
297 723
297 769
297 741
297 552
297 865
297 666
297 921
297 724
297 527
297 302
297 514
297 963
297 857
297 929
297 491
297 324
297 575
297 735
297 757
298 555
298 318
298 650
298 562
298 364
298 367
298 466
298 689
298 704
298 751
298 925
298 985
299 452
299 981
299 403
299 729
299 834
299 661
299 359
299 709
299 938
299 756
299 350
299 336
299 429
299 476
299 634
299 715
299 748
299 999
300 323
300 845
300 916
300 653
300 586
300 844
300 416
300 425
300 482
300 581
300 589
300 678
300 733
300 860
301 502
301 774
301 923
301 949
301 632
301 912
301 808
301 309
301 336
301 344
301 521
301 621
301 685
301 896
301 905
301 938
302 743
302 368
302 635
302 902
302 911
302 387
302 531
302 544
302 571
302 615
302 731
302 765
303 570
303 648
303 406
303 358
303 750
303 321
303 429
303 503
303 592
303 661
303 715
303 918
304 546
304 800
304 583
304 365
304 305
304 944
304 498
304 312
304 465
304 475
304 638
304 649
304 671
304 716
304 838
304 850
304 858
304 872
304 986
305 966
305 727
305 402
305 772
305 752
305 475
305 602
305 472
305 384
305 421
305 445
305 840
306 912
306 635
306 346
306 399
306 443
306 467
306 488
306 532
306 533
306 955
307 352
307 666
307 474
307 702
307 877
307 328
307 381
307 415
307 500
307 544
307 583
307 616
307 712
307 735
307 917
308 784
308 720
308 745
308 411
308 846
308 847
308 713
308 761
308 392
308 478
308 438
308 510
308 605
308 732
308 829
308 837
308 980
309 344
309 533
309 567
309 761
309 697
309 727
309 463
309 781
309 756
309 427
309 437
309 467
309 487
309 507
309 610
309 678
309 709
309 722
309 745
309 896
310 379
310 645
310 654
310 638
310 696
310 710
310 760
310 637
310 655
310 551
310 362
310 788
310 485
310 523
310 772
310 775
310 842
310 872
310 882
311 357
311 425
311 693
311 792
311 460
311 670
311 745
311 919
311 833
311 389
311 390
311 457
311 515
311 581
311 770
311 794
311 870
311 895
312 633
312 380
312 937
312 752
312 504
312 614
312 498
312 649
312 708
312 402
312 805
312 408
312 576
312 882
313 980
313 560
313 920
313 391
313 478
313 675
313 561
313 563
313 432
313 596
313 720
313 827
313 936
313 948
314 673
314 811
314 499
314 557
314 495
314 583
314 507
314 365
314 402
314 344
314 458
314 785
314 842
314 979
315 522
315 456
315 764
315 331
315 948
315 841
315 709
315 689
315 406
315 925
315 335
315 661
316 504
316 962
316 384
316 402
316 475
316 484
316 814
316 889
317 999
317 409
317 971
317 553
317 995
317 768
317 393
317 778
317 441
317 843
317 784
317 446
317 608
317 786
317 855
317 913
317 925
318 410
318 522
318 528
318 546
318 665
318 996
318 999
319 680
319 378
319 497
319 760
319 856
319 472
319 496
319 630
319 505
319 671
319 578
319 791
319 655
319 629
319 631
319 598
319 504
319 679
319 991
320 907
320 363
320 464
320 686
320 821
320 428
320 947
320 495
320 566
320 353
320 661
320 925
320 948
320 973
320 999
321 998
321 528
321 353
321 442
321 996
321 555
321 744
321 509
321 403
321 709
321 335
321 382
321 810
321 932
322 627
322 745
322 424
322 974
322 941
322 437
322 463
322 660
322 698
322 771
322 794
322 886
323 367
323 344
323 581
323 530
323 716
323 457
323 538
323 587
323 628
323 945
324 799
324 372
324 485
324 435
324 505
324 516
324 523
324 597
324 620
324 661
324 822
324 840
324 870
324 903
324 938
325 468
325 337
325 701
325 465
325 620
325 671
325 472
325 710
325 877
325 384
325 542
325 913
325 958
326 452
326 743
326 940
326 836
326 465
326 906
326 679
326 336
326 585
326 444
326 748
326 882
326 900
327 804
327 679
327 339
327 385
327 417
327 521
327 577
327 602
327 658
327 736
327 805
327 815
327 933
328 468
328 514
328 893
328 891
328 381
328 600
328 694
328 647
328 391
328 695
328 754
328 776
328 953
329 787
329 688
329 466
329 917
329 825
329 374
329 652
329 471
329 515
329 559
329 594
329 699
330 925
330 476
330 783
330 768
330 331
330 382
330 355
330 374
330 447
330 470
330 590
330 662
330 709
330 778
330 897
330 899
331 709
331 686
331 647
331 431
331 541
331 661
331 683
332 735
332 352
332 911
332 478
332 544
332 529
332 875
332 587
332 747
332 817
332 828
332 416
332 595
332 642
332 856
332 921
333 878
333 713
333 909
333 949
333 443
333 722
333 727
333 632
333 931
333 432
333 510
333 549
333 789
333 975
333 977
334 675
334 500
334 376
334 922
334 742
334 430
334 371
334 399
334 481
334 527
334 615
334 921
334 981
335 860
335 627
335 694
335 672
335 987
335 817
335 939
335 433
335 691
336 928
336 469
336 991
336 638
336 853
336 782
336 475
336 601
336 806
336 882
336 937
337 828
337 772
337 421
337 962
337 630
337 726
337 647
337 350
337 465
337 718
337 831
337 867
337 882
337 991
338 549
338 960
338 596
338 643
338 817
338 394
338 481
338 547
338 563
338 711
338 737
338 754
338 857
338 891
338 952
338 982
339 952
339 352
339 493
339 544
339 887
339 765
339 811
339 922
339 824
339 954
339 612
339 856
339 775
339 405
339 635
339 747
339 942
340 784
340 367
340 671
340 420
340 630
340 928
340 994
340 958
340 413
340 501
340 506
340 622
340 701
340 936
341 781
341 502
341 993
341 756
341 453
341 465
341 550
341 581
341 792
341 851
341 861
341 975
342 788
342 964
342 671
342 554
342 866
342 505
342 506
342 651
342 656
342 759
342 775
342 898
342 903
342 994
343 773
343 978
343 369
343 854
343 429
343 499
343 515
343 597
343 599
343 709
343 843
343 908
343 982
344 616
344 839
344 443
344 759
344 888
344 589
344 538
344 976
344 663
344 838
344 497
344 518
344 674
344 731
344 851
345 438
345 623
345 919
345 945
345 962
345 392
345 458
345 510
345 533
345 548
345 584
345 798
345 808
345 861
346 661
346 766
346 540
346 746
346 980
346 628
346 659
346 706
346 356
346 719
346 736
346 812
346 839
347 433
347 459
347 435
347 707
347 365
347 582
347 606
347 614
347 719
347 753
347 791
347 815
348 565
348 644
348 832
348 829
348 510
348 774
348 853
348 788
348 469
348 375
348 443
348 521
348 538
348 697
348 736
348 800
348 845
348 862
349 367
349 938
349 708
349 479
349 962
349 933
349 674
349 417
349 577
349 606
349 647
349 869
349 873
349 948
350 816
350 604
350 853
350 791
350 638
350 356
350 385
350 500
350 537
350 539
350 614
350 671
350 679
350 684
350 807
350 840
350 849
350 866
350 872
350 881
350 914
350 955
350 964
351 773
351 661
351 981
351 364
351 398
351 487
351 705
351 969
352 430
352 394
352 527
352 802
352 566
352 929
352 635
352 511
352 557
352 643
352 681
352 940
353 686
353 709
353 854
353 729
353 549
353 477
353 401
353 468
353 482
353 546
353 570
353 590
353 650
353 661
353 694
353 786
353 894
353 904
353 994
354 359
354 715
354 934
354 785
354 458
354 885
354 416
354 473
354 508
354 692
354 747
354 751
354 754
354 769
354 807
354 852
354 857
354 921
355 443
355 427
355 792
355 945
355 424
355 437
355 463
355 633
355 678
355 822
355 832
355 888
356 996
356 798
356 958
356 537
356 833
356 944
356 782
356 631
356 366
356 579
356 710
356 373
356 707
356 421
356 465
356 554
356 602
356 638
356 946
357 441
357 917
357 904
357 913
357 843
357 390
357 374
357 996
357 541
357 657
357 768
358 947
358 780
358 739
358 686
358 661
358 400
358 412
358 426
358 541
358 644
358 729
358 820
358 826
359 648
359 661
359 854
359 926
359 688
359 398
359 809
359 426
359 626
359 686
359 773
360 411
360 404
360 852
360 385
360 420
360 504
360 435
360 753
360 445
360 655
360 710
360 620
360 736
360 575
360 721
360 925
361 364
361 920
361 615
361 827
361 450
361 477
361 480
361 605
361 687
361 706
361 765
361 823
361 896
361 902
361 926
361 981
361 987
362 838
362 707
362 933
362 804
362 537
362 372
362 614
362 691
362 760
363 397
363 743
363 762
363 382
363 418
363 859
363 639
363 665
363 379
363 883
363 396
364 768
364 998
364 661
364 809
364 908
364 755
364 876
364 985
364 396
364 401
364 503
364 546
364 634
364 779
364 819
364 932
365 972
365 385
365 498
365 459
365 807
365 370
365 772
365 656
365 814
365 525
365 595
365 707
365 710
365 804
366 869
366 721
366 579
366 831
366 928
367 740
367 686
367 757
367 419
367 784
367 916
367 486
367 510
367 527
367 799
367 999
368 396
368 992
368 389
368 454
368 467
368 722
368 749
368 781
368 794
368 801
368 845
368 870
368 888
368 909
368 946
369 809
369 830
369 486
369 418
369 429
369 953
369 630
369 661
370 632
370 404
370 674
370 684
370 577
370 556
370 614
370 991
370 858
370 582
370 831
370 484
370 881
370 460
370 516
370 523
370 554
370 629
370 631
370 637
370 701
370 794
370 812
371 615
371 561
371 603
371 865
371 642
371 961
371 514
371 940
371 407
371 416
371 449
371 547
371 624
371 929
372 899
372 672
372 944
372 868
372 402
372 438
372 440
372 805
372 956
372 964
373 682
373 872
373 475
373 970
373 402
373 447
373 542
373 658
373 752
373 888
373 946
374 390
374 661
374 580
374 559
374 742
374 389
374 528
374 768
374 790
374 897
374 960
375 549
375 660
375 490
375 500
375 601
375 804
375 463
375 645
375 789
375 886
376 557
376 430
376 941
376 714
376 478
376 938
376 737
376 724
376 491
376 507
376 602
376 734
376 865
377 759
377 463
377 835
377 720
377 888
377 564
377 616
377 722
377 748
377 832
377 905
378 661
378 800
378 454
378 584
378 653
378 803
378 752
378 437
378 488
378 492
378 497
378 550
378 594
378 860
379 418
379 894
379 859
379 662
379 816
379 581
379 735
379 473
379 535
379 590
379 670
380 819
380 388
380 696
380 435
380 504
380 609
380 625
380 957
380 962
381 382
381 466
381 776
381 458
381 714
381 710
381 387
381 450
381 455
381 530
381 540
381 691
381 711
381 941
382 626
382 466
382 876
382 644
382 930
382 831
382 426
382 594
382 643
382 656
382 661
382 797
382 834
382 843
382 914
383 903
383 831
383 658
383 889
383 556
383 567
383 666
383 723
383 752
383 823
383 955
383 956
383 970
384 739
384 986
384 710
384 828
384 577
384 385
384 421
384 758
384 849
384 937
384 955
385 751
385 551
385 573
385 994
385 504
385 556
385 472
385 485
385 539
385 576
385 722
386 723
386 482
386 946
386 496
386 858
386 404
386 438
386 532
386 607
386 845
386 848
386 861
386 905
387 478
387 415
387 735
387 399
387 987
387 737
387 472
387 452
387 642
387 861
387 921
388 764
388 759
388 584
388 549
388 390
388 427
388 533
388 616
388 761
388 916
389 427
389 862
389 923
389 722
389 800
389 822
389 589
389 424
389 482
389 497
389 593
389 633
389 798
389 808
389 848
389 912
389 941
389 993
390 739
390 913
390 930
390 822
390 452
390 476
390 661
390 820
391 491
391 571
391 754
391 824
391 887
391 531
391 681
391 952
391 436
391 823
391 530
391 394
391 446
391 547
391 692
391 769
392 931
392 794
392 606
392 507
392 549
392 670
392 759
392 868
392 970
393 466
393 809
393 400
393 569
393 536
393 952
393 661
393 715
393 783
393 821
393 864
393 926
393 980
394 650
394 895
394 817
394 529
394 505
394 964
394 407
394 414
394 473
394 519
394 574
394 610
394 640
394 666
394 865
394 935
394 966
395 398
395 623
395 984
395 540
395 669
395 829
395 425
395 453
395 567
395 627
395 684
395 797
395 847
395 895
395 992
396 688
396 709
396 715
396 947
396 661
396 553
396 830
396 692
396 400
396 705
396 843
397 787
397 715
397 981
397 947
397 834
397 650
397 402
397 512
397 545
397 569
397 661
397 733
397 821
397 880
397 995
398 590
398 810
398 780
398 565
398 876
398 834
398 890
398 485
398 622
398 406
398 426
398 464
398 542
398 599
398 609
398 641
398 661
398 786
398 798
398 869
399 430
399 676
399 414
399 636
399 571
399 836
399 407
399 473
399 559
399 583
399 794
399 898
399 953
399 954
400 609
400 709
400 996
400 854
400 403
400 419
400 431
400 739
400 995
401 661
401 743
401 729
401 528
401 966
401 555
401 648
401 560
401 641
401 689
401 722
401 843
401 913
402 535
402 681
402 750
402 721
402 631
402 879
402 815
402 573
402 601
402 611
402 736
402 831
402 914
403 565
403 783
403 863
403 709
403 704
403 507
403 552
403 661
403 958
404 610
404 487
404 988
404 905
404 989
404 492
404 715
404 771
404 781
404 801
404 923
405 661
405 717
405 999
405 548
405 673
405 549
405 514
405 476
405 650
405 897
405 932
405 940
406 503
406 661
406 899
406 565
406 825
406 709
406 644
406 809
406 756
406 986
406 447
406 562
406 854
406 917
406 981
407 715
407 409
407 612
407 927
407 785
407 619
407 901
407 560
407 756
407 770
407 929
407 802
407 451
407 661
408 556
408 472
408 712
408 700
408 420
408 736
408 750
408 970
408 986
408 991
408 993
409 926
409 599
409 597
409 661
409 988
409 997
410 657
410 778
410 452
410 715
410 762
410 569
410 494
410 597
410 661
410 913
411 489
411 588
411 518
411 660
411 549
411 851
411 439
411 457
411 467
411 534
411 723
411 989
412 758
412 853
412 582
412 708
412 914
412 873
412 513
412 605
412 631
412 849
412 908
412 986
412 991
413 673
413 445
413 707
413 900
413 498
413 725
413 638
413 964
413 479
413 772
413 700
413 647
413 661
413 788
413 880
413 889
413 910
414 977
414 566
414 754
414 575
414 449
414 603
414 587
414 578
414 479
414 450
414 458
414 676
414 734
414 857
414 927
414 982
415 847
415 748
415 695
415 954
415 675
415 681
415 676
415 473
415 965
416 439
416 860
416 961
416 583
416 748
416 714
416 432
416 731
416 692
416 753
416 544
416 711
416 734
416 927
417 980
417 731
417 585
417 877
417 882
417 881
417 915
417 505
417 526
417 588
417 622
417 858
417 910
418 715
418 617
418 769
418 594
418 661
418 704
418 810
418 841
419 471
419 470
419 535
419 821
419 787
419 446
419 466
419 661
419 838
419 864
419 871
419 930
419 950
420 672
420 523
420 882
420 542
420 484
420 957
420 556
420 775
420 445
420 505
420 606
420 625
420 708
420 854
421 755
421 661
421 474
421 726
421 576
421 435
421 882
421 903
421 622
421 620
421 459
421 472
421 516
421 571
421 573
421 578
421 721
421 879
422 799
422 487
422 745
422 488
422 632
422 912
423 768
423 966
423 714
423 446
423 853
423 956
423 815
423 521
423 903
423 558
423 614
423 804
423 877
423 988
424 581
424 713
424 460
424 534
424 550
424 632
424 795
424 878
424 889
424 945
424 974
425 745
425 845
425 789
425 457
425 523
425 434
425 439
425 588
425 621
425 659
425 759
425 792
425 832
425 848
426 751
426 611
426 913
426 468
426 661
426 461
426 489
426 709
426 587
426 476
426 790
426 821
426 845
426 871
426 975
426 981
427 685
427 949
427 460
427 576
427 667
427 745
427 884
428 810
428 644
428 456
428 795
428 655
428 431
428 630
428 709
428 766
428 830
428 948
428 959
428 997
429 947
429 907
429 778
429 779
429 618
429 686
430 818
430 731
430 568
430 575
430 583
430 640
430 785
430 942
431 995
431 809
431 553
431 755
431 917
431 925
431 895
431 643
431 906
431 786
431 950
431 983
432 922
432 499
432 898
432 811
432 642
432 587
432 635
432 672
432 683
432 939
433 831
433 465
433 637
433 881
433 890
433 496
433 521
433 582
433 646
433 710
433 753
433 775
433 828
433 867
433 956
433 957
434 693
434 845
434 892
434 902
434 951
434 435
434 937
434 974
435 772
435 479
435 475
435 660
435 700
435 760
435 817
435 848
435 858
435 928
436 624
436 676
436 683
436 600
436 911
436 531
436 574
436 657
436 724
436 817
436 852
436 887
436 921
437 611
437 677
437 604
437 607
437 835
437 886
437 438
437 772
437 628
437 732
437 737
437 880
438 549
438 848
438 698
438 567
438 497
438 798
438 761
438 870
438 974
438 977
439 989
439 549
439 567
439 463
439 654
439 593
439 924
439 660
439 722
439 851
439 870
439 993
439 589
439 550
439 695
439 765
439 833
439 532
439 641
439 659
440 661
440 989
440 620
440 853
440 725
440 831
440 814
440 957
440 682
440 585
440 556
440 578
440 579
440 710
440 867
440 956
441 617
441 489
441 545
441 515
441 546
441 709
441 536
441 540
441 590
441 661
441 969
441 971
441 985
442 768
442 809
442 972
442 705
442 650
442 876
442 872
442 594
442 661
442 729
442 737
442 762
442 834
442 890
442 930
443 916
443 860
443 627
443 564
443 872
444 466
444 535
444 501
444 622
444 850
444 710
444 649
444 664
444 674
444 805
444 806
445 522
445 851
445 453
445 576
445 726
445 525
445 485
445 494
445 513
445 516
445 558
445 723
445 750
446 763
446 921
446 455
446 889
446 579
446 605
446 601
446 712
446 512
446 649
446 933
446 537
446 475
446 879
446 682
446 700
446 919
446 937
446 970
447 543
447 644
447 609
447 548
447 661
447 641
447 709
447 744
447 918
447 948
447 994
448 926
448 859
448 779
448 860
448 986
449 532
449 635
449 852
449 953
449 547
449 566
449 683
449 692
449 714
449 737
449 803
449 832
449 874
449 902
449 940
450 686
450 633
450 769
450 547
450 493
450 511
450 564
450 636
450 640
450 695
450 811
450 855
451 499
451 793
451 893
451 965
451 636
451 707
451 803
451 981
452 489
452 661
452 755
452 509
452 597
452 570
452 609
452 665
452 845
452 871
453 690
453 747
453 845
453 992
454 652
454 667
454 538
454 488
454 540
454 720
454 848
454 895
454 908
455 672
455 803
455 587
455 954
455 883
455 531
455 982
455 592
455 731
455 754
455 879
455 901
455 961
456 657
456 777
456 907
456 580
456 839
456 461
456 609
456 704
456 796
457 673
457 792
457 992
457 490
457 931
457 884
457 684
457 592
457 627
457 663
457 711
457 829
457 847
457 945
458 531
458 568
458 968
458 772
458 463
458 514
458 563
458 681
458 783
459 994
459 807
459 601
459 670
459 725
459 804
459 882
460 509
460 907
460 540
460 589
460 848
460 746
460 801
460 627
460 949
460 924
460 633
460 564
460 591
460 616
460 723
460 774
460 796
460 883
460 895
460 906
460 977
460 988
461 830
461 661
461 565
461 613
461 923
461 694
461 470
461 554
461 610
462 765
462 824
462 883
462 902
462 547
462 527
462 530
462 685
462 817
462 893
462 922
462 954
463 888
463 798
463 924
463 848
463 538
463 685
463 487
463 550
463 661
463 673
464 959
464 689
464 978
464 594
464 777
464 778
464 715
464 539
464 661
465 521
465 868
465 576
465 866
465 915
465 485
465 579
465 585
465 884
465 906
465 955
465 970
465 982
465 994
466 546
466 841
466 717
466 786
466 941
466 958
466 474
466 486
466 559
466 562
466 628
466 720
466 764
466 780
466 787
466 820
466 894
466 966
467 663
467 800
467 475
467 525
467 579
467 588
467 732
467 875
467 992
468 699
468 755
468 688
468 876
468 562
468 478
468 638
468 489
468 618
468 780
468 985
469 492
469 868
469 752
469 836
469 513
469 815
469 477
469 598
469 707
469 785
469 804
469 867
469 900
469 910
469 921
469 970
470 524
470 661
470 721
470 843
471 825
471 859
471 699
471 939
472 776
472 577
472 991
472 671
472 513
472 606
472 903
472 752
472 498
472 521
472 537
472 558
472 598
472 664
472 682
472 700
472 726
472 831
472 840
472 873
472 877
472 879
472 986
472 998
473 939
473 842
473 683
473 574
473 953
473 493
473 911
473 636
473 875
473 530
473 587
473 694
473 952
474 959
474 615
474 874
474 477
474 595
474 596
474 695
474 741
474 742
474 788
474 793
474 820
474 855
474 901
474 938
475 990
475 772
475 537
475 805
475 915
475 505
475 518
475 661
475 752
475 802
475 997
476 871
476 932
476 590
476 486
476 783
476 809
476 966
476 778
476 709
476 554
476 958
476 559
476 907
477 590
477 874
477 520
477 960
477 811
477 769
477 612
477 624
477 557
477 558
477 676
477 803
477 902
478 670
478 817
478 734
478 490
478 684
478 759
478 848
478 874
478 898
478 902
478 940
478 966
478 982
479 638
479 849
479 655
479 679
479 804
479 958
480 675
480 887
480 944
480 557
480 604
480 934
480 952
481 499
481 802
481 574
481 865
481 547
481 614
481 557
482 888
482 564
482 989
482 945
482 765
482 657
482 722
482 927
482 931
482 977
483 554
483 616
483 629
483 844
483 872
484 585
484 956
484 556
484 684
484 815
484 914
484 736
484 671
484 952
484 970
484 986
485 693
485 858
485 991
485 521
485 707
485 979
486 744
486 546
486 617
486 950
486 978
486 904
486 967
486 829
486 499
486 535
487 652
487 567
487 975
487 698
487 581
487 488
487 847
487 909
488 677
488 540
488 848
488 912
488 801
488 567
488 845
488 862
488 693
488 975
489 778
489 705
489 825
489 888
489 679
489 661
490 966
490 862
490 653
490 806
490 494
490 669
490 788
490 794
490 829
490 916
490 931
490 991
490 997
491 561
491 965
491 575
491 793
491 568
491 583
491 941
491 511
491 754
491 842
491 921
491 951
492 801
492 581
492 539
492 690
492 900
492 912
493 892
493 635
493 668
493 501
493 535
493 589
493 817
493 893
494 773
494 733
494 550
494 510
494 761
494 653
494 984
494 608
494 847
494 519
494 534
494 812
494 892
494 992
495 557
495 827
495 702
495 529
495 961
496 880
496 708
496 626
496 638
496 671
496 710
496 900
496 954
496 956
496 994
497 589
497 532
497 792
497 502
497 576
497 724
497 891
497 977
498 644
498 878
498 521
498 856
498 712
498 725
498 944
498 539
498 750
499 959
499 874
499 769
499 941
499 927
499 973
500 544
500 875
500 568
500 942
500 687
500 582
500 561
500 572
500 574
500 754
500 921
500 929
500 961
501 546
501 649
501 721
501 554
501 573
501 812
501 953
502 593
502 673
502 923
502 886
502 508
502 752
502 654
502 664
503 543
503 618
503 709
503 826
503 840
503 939
504 512
504 753
504 598
504 558
504 858
504 880
504 523
504 569
504 655
504 664
504 675
504 715
504 725
504 913
504 986
505 782
505 791
505 551
505 614
505 910
505 700
505 620
505 750
505 622
505 873
505 958
505 578
505 542
505 703
505 806
505 832
506 906
506 882
506 970
506 750
506 890
506 512
506 836
506 671
506 625
506 620
506 856
506 788
507 995
507 635
507 953
507 695
507 872
507 954
508 608
508 975
508 604
508 822
508 808
508 510
508 533
508 564
508 659
508 774
508 792
509 644
509 899
509 570
509 917
509 661
509 795
509 709
510 870
510 888
510 591
510 832
510 792
510 835
510 540
510 572
510 667
510 670
510 678
510 803
510 846
510 848
510 909
510 993
511 661
511 842
511 711
511 734
511 954
511 965
512 745
512 738
512 990
512 525
512 622
512 805
512 840
512 991
513 646
513 962
513 525
513 721
513 637
513 542
513 824
513 833
513 880
513 989
514 709
514 756
514 728
514 574
514 640
514 642
514 687
514 702
514 731
514 874
514 893
514 901
514 932
514 938
515 926
515 661
515 709
515 626
515 925
515 657
515 744
515 899
515 908
515 981
516 540
516 991
516 840
516 655
516 701
516 867
516 964
517 529
517 520
517 568
517 714
517 728
517 734
517 800
518 653
518 862
518 584
518 720
518 992
518 690
518 540
518 771
518 533
518 591
518 632
518 652
518 677
518 678
518 709
518 848
519 591
519 698
519 898
519 619
519 587
519 891
519 855
519 793
519 968
519 612
519 566
519 575
519 963
520 636
520 802
520 672
520 887
520 531
520 558
520 574
521 759
521 832
521 623
521 585
521 710
521 606
521 700
521 782
521 900
521 651
521 655
521 656
521 726
521 736
521 758
521 866
522 661
522 543
522 972
522 709
522 757
522 745
522 680
522 790
522 932
523 962
523 933
523 718
523 831
523 838
523 637
523 645
523 684
523 701
523 756
523 837
523 932
524 662
524 859
524 548
524 641
524 661
524 779
524 829
525 622
525 881
525 889
525 576
525 736
525 879
525 986
526 738
526 530
526 857
526 687
526 538
526 661
526 802
527 846
527 795
527 987
527 756
527 741
527 824
527 595
527 827
527 560
527 676
527 920
528 562
528 826
528 664
528 661
528 709
528 740
529 737
529 770
529 987
529 941
529 868
529 687
529 734
529 793
529 835
529 894
529 970
530 596
530 547
530 683
530 681
530 695
530 953
530 630
530 666
530 747
530 815
530 929
531 739
531 875
531 728
531 544
531 811
532 549
532 888
532 586
532 891
532 652
532 747
532 839
532 851
533 926
533 746
533 812
533 761
533 732
533 632
533 896
533 604
533 652
533 733
533 739
533 832
533 847
534 589
534 988
534 659
534 593
534 965
534 603
534 621
534 797
534 800
534 859
535 996
535 876
535 730
535 661
535 648
535 904
535 729
535 844
535 641
535 709
535 717
535 744
535 809
536 661
536 833
536 710
536 799
536 869
537 598
537 671
537 708
537 718
537 788
537 943
538 912
538 789
538 591
538 607
538 549
538 720
538 572
538 578
538 628
538 792
538 796
539 773
539 679
539 598
539 649
539 639
539 682
539 718
539 804
540 822
540 685
540 627
540 653
540 712
540 722
540 727
540 780
540 931
541 661
541 555
541 883
541 613
541 689
541 709
541 773
541 799
541 810
541 852
542 744
542 700
542 551
542 707
542 962
543 617
543 661
543 713
543 768
543 790
543 796
543 810
543 871
543 947
543 959
544 953
544 547
544 855
544 608
544 776
544 922
544 929
544 973
544 987
545 926
545 863
545 904
545 645
545 912
545 617
545 634
545 809
545 998
546 639
546 948
546 613
546 617
546 661
546 863
546 899
546 907
547 860
547 557
547 961
547 963
547 725
547 675
547 735
547 754
547 811
547 857
547 864
548 932
548 661
548 826
548 971
548 773
548 617
548 744
548 930
548 975
549 723
549 896
549 591
549 601
549 856
549 581
549 593
549 661
549 721
549 727
549 800
549 832
549 861
549 862
549 968
550 626
550 767
550 822
550 663
550 975
550 850
550 572
550 977
551 710
551 882
551 558
551 598
551 658
551 701
551 835
551 850
551 933
551 957
552 661
552 795
552 855
552 568
552 642
552 735
552 935
552 953
553 985
553 932
553 913
553 739
553 997
553 862
553 657
553 661
553 948
553 971
553 983
554 578
554 833
554 857
554 964
555 686
555 704
555 639
555 565
555 579
555 616
555 626
555 631
555 650
555 657
555 670
555 744
555 764
555 854
555 913
555 966
555 983
555 992
556 929
556 872
556 622
556 700
556 628
556 655
556 758
556 760
556 814
556 879
556 936
557 911
557 566
557 675
557 737
557 575
557 583
557 622
557 704
557 794
558 850
558 658
558 933
558 955
558 579
558 844
558 882
559 740
559 773
559 983
559 618
559 661
559 864
559 843
559 969
560 613
560 942
560 687
560 920
560 566
560 927
560 600
560 885
560 754
560 915
560 635
560 748
560 865
560 922
560 929
561 694
561 920
561 961
561 887
561 675
561 702
561 954
561 963
561 987
562 597
562 626
562 661
562 743
562 751
562 796
562 802
562 966
562 971
563 699
563 892
563 619
563 694
563 600
563 612
563 588
563 594
563 767
564 746
564 632
564 847
564 727
564 765
564 731
564 572
564 586
564 663
564 720
564 788
564 822
564 846
564 970
564 976
564 989
565 816
565 661
565 688
565 777
565 786
565 797
565 799
565 894
565 925
565 985
566 591
566 765
566 891
566 738
566 855
567 984
567 584
567 693
567 697
567 732
567 848
567 896
567 924
568 898
568 741
568 666
568 765
568 954
568 600
569 917
569 809
569 871
569 797
569 932
569 596
569 634
569 709
569 744
569 799
570 597
570 908
570 584
570 661
570 751
570 790
570 841
570 948
570 978
570 995
571 600
571 742
571 852
571 612
571 624
571 865
571 842
571 731
571 664
571 575
571 824
571 831
571 874
571 893
571 952
571 973
572 611
572 623
572 690
572 884
572 678
572 652
572 586
572 737
572 605
572 870
573 599
573 658
573 674
573 631
573 605
573 582
573 708
573 716
573 873
573 905
574 590
574 942
574 769
574 938
574 741
574 945
575 766
575 883
575 676
575 987
575 681
575 796
575 952
575 963
576 656
576 889
576 647
576 760
576 769
576 880
577 827
577 815
577 674
577 630
577 788
577 794
577 838
577 937
577 991
577 994
578 639
578 656
578 701
578 732
578 831
578 880
578 890
579 715
579 756
579 725
579 583
579 878
579 928
579 955
579 975
580 813
580 709
580 779
580 926
580 662
580 661
580 983
580 948
580 967
581 729
581 896
581 670
581 905
581 992
581 683
581 678
581 832
582 671
582 710
582 696
582 831
583 672
583 668
583 785
583 911
583 987
583 802
583 707
583 643
583 887
583 993
584 617
584 888
584 666
584 878
585 828
585 627
585 646
586 660
586 673
586 723
586 888
586 800
586 923
586 984
587 615
587 734
587 603
587 661
587 666
587 756
587 758
587 770
587 785
587 824
587 857
587 903
587 968
588 768
588 589
588 608
588 661
588 673
588 727
588 745
588 846
588 928
588 992
589 854
589 800
589 879
589 667
589 745
589 886
589 919
589 976
589 993
590 926
590 618
590 913
590 638
590 661
590 908
591 896
591 670
591 621
591 848
591 951
591 782
591 653
591 709
591 749
591 759
591 845
591 923
591 967
592 768
592 819
592 841
592 661
592 764
592 955
592 617
592 888
593 924
593 670
593 713
593 919
593 610
593 727
593 914
593 944
593 977
594 783
594 789
594 902
594 618
594 908
594 959
594 986
595 909
595 883
595 865
595 642
595 902
596 754
596 952
596 668
596 683
596 728
596 840
597 617
597 891
597 618
597 647
597 648
597 649
597 661
597 709
597 797
598 780
598 875
598 606
598 674
598 866
598 655
598 615
598 625
598 630
598 788
598 992
598 995
599 876
599 784
599 821
599 686
599 777
599 661
599 680
599 790
599 843
600 927
600 668
600 827
600 747
600 991
600 736
600 770
600 982
601 975
601 868
601 853
601 726
601 814
601 831
601 928
602 787
602 740
602 625
602 866
602 889
602 828
602 858
602 701
602 679
602 873
602 962
602 696
602 844
602 952
603 742
603 953
603 619
603 817
603 624
603 928
603 612
603 661
603 890
603 927
603 954
604 698
604 627
604 767
604 812
605 784
605 653
605 914
605 844
605 868
605 622
605 658
605 806
605 807
606 762
606 986
607 884
607 746
607 693
607 627
607 652
607 685
607 733
607 771
607 800
607 882
607 892
607 916
608 698
608 713
608 703
608 691
608 862
608 931
609 932
609 755
609 807
609 641
609 763
609 766
609 781
609 863
609 959
610 759
610 924
610 667
610 749
610 822
610 923
611 925
611 626
611 709
611 985
611 662
611 926
611 675
611 749
611 751
611 787
611 834
611 841
611 983
612 802
612 666
612 934
612 885
612 769
612 635
612 661
612 674
612 702
612 738
612 748
612 754
612 776
612 920
612 965
613 739
613 740
613 907
613 784
613 959
613 797
613 709
613 778
613 816
614 822
614 772
614 646
614 721
614 882
614 736
614 712
614 716
614 779
614 881
614 941
615 636
615 793
615 691
615 627
615 754
615 817
616 660
616 697
616 667
616 812
616 769
616 654
616 669
616 895
616 976
616 987
616 993
617 764
617 834
617 971
617 760
617 661
617 780
617 826
617 942
618 947
618 766
618 699
618 641
618 751
618 894
618 997
619 929
619 968
619 776
619 875
619 687
619 754
619 811
619 855
619 920
620 651
620 890
620 903
620 721
620 814
620 836
621 835
621 670
621 732
621 733
621 781
621 888
622 651
622 640
622 735
622 749
622 790
622 897
622 962
623 628
623 719
623 878
623 949
624 678
624 855
624 635
624 748
624 824
624 857
624 910
624 911
624 979
625 629
625 828
625 837
625 716
625 647
625 631
625 707
625 788
625 791
625 917
625 975
626 699
626 784
626 661
626 686
626 849
626 879
626 976
627 693
627 789
627 839
627 792
627 727
627 648
627 761
627 993
628 680
628 984
628 727
628 822
628 973
629 825
629 872
629 753
629 840
629 903
629 914
630 725
630 881
630 958
630 716
630 791
630 915
630 696
630 957
631 679
631 736
631 867
631 882
631 990
631 933
631 956
631 900
631 750
631 838
631 955
632 996
632 677
632 991
632 697
632 835
632 841
632 861
632 888
633 669
633 767
633 888
633 656
633 713
633 839
633 851
633 986
633 988
634 998
634 729
634 995
634 918
634 932
634 782
634 664
634 728
634 765
634 925
634 945
635 661
635 948
635 698
635 946
635 961
635 857
635 911
635 898
635 776
635 852
635 926
635 928
636 759
636 677
636 756
636 915
636 736
636 728
636 934
636 980
636 997
637 722
637 828
637 746
637 758
637 804
637 808
637 843
637 866
637 986
638 957
638 646
638 674
638 752
638 682
638 775
638 840
639 661
639 744
639 751
639 820
639 919
640 742
640 929
640 857
640 734
640 706
640 674
640 707
640 735
640 921
640 922
640 941
641 796
641 717
641 981
641 766
641 661
641 762
642 830
642 885
642 782
642 714
642 741
642 793
642 968
643 661
643 676
643 683
643 681
643 738
643 921
643 678
643 765
643 939
644 972
644 755
644 661
644 778
644 709
644 777
644 789
644 941
644 950
644 959
645 924
645 798
645 919
645 653
645 870
645 952
645 754
645 772
645 669
645 766
646 725
646 750
646 710
646 806
646 990
646 772
646 856
646 956
646 987
647 788
647 710
647 890
647 833
647 875
647 879
647 928
647 943
647 970
647 997
648 996
648 865
648 650
648 657
648 680
648 709
648 821
648 869
648 926
649 909
649 836
649 707
649 776
649 815
649 872
649 879
649 958
649 998
650 841
650 834
650 909
650 793
650 783
650 809
651 814
651 881
651 936
651 944
651 664
651 684
651 694
651 775
651 804
651 948
651 986
652 971
652 720
652 861
652 832
652 909
652 949
652 961
652 805
652 846
652 894
653 670
653 794
653 774
653 663
653 673
653 714
653 795
653 803
653 848
653 984
654 945
654 660
654 713
654 860
654 727
654 731
655 712
655 828
655 958
655 879
655 990
655 701
655 718
655 963
655 970
655 980
656 767
656 674
656 804
656 881
656 906
656 661
656 937
657 661
657 739
657 729
658 880
658 994
658 807
658 684
658 828
659 713
659 781
659 660
659 733
659 795
659 798
659 761
659 845
659 737
659 669
659 896
659 931
659 945
660 860
660 667
660 818
660 845
660 865
661 709
661 768
661 859
661 948
661 899
661 809
661 998
661 778
661 689
661 715
661 777
661 871
661 972
661 779
661 913
661 947
661 925
661 981
661 699
661 904
661 863
661 688
661 780
661 966
661 799
661 978
661 783
661 764
661 704
661 810
661 894
661 819
661 773
661 755
661 826
661 999
661 786
661 766
661 797
661 744
661 739
661 997
661 930
661 821
661 825
661 705
661 830
661 950
661 977
661 767
661 667
661 802
661 965
661 935
661 911
661 920
661 939
661 811
661 901
661 711
661 758
661 682
661 903
661 717
661 727
661 729
661 760
661 864
661 908
661 916
661 918
661 926
661 936
661 959
661 969
661 973
661 995
662 830
662 699
662 743
662 966
663 860
663 789
663 867
663 884
663 935
663 977
664 713
664 866
664 726
664 701
664 791
664 837
665 825
665 926
665 717
665 781
665 790
666 968
666 885
666 902
667 912
667 984
667 720
667 832
667 683
667 703
667 909
667 924
668 798
668 802
668 687
668 954
668 676
668 683
668 702
668 772
668 823
668 842
668 938
668 942
668 948
669 992
669 945
669 678
669 723
669 761
669 781
669 861
669 905
670 971
670 795
670 685
670 912
670 892
670 845
670 976
671 805
671 836
671 849
671 873
671 877
671 879
671 965
672 938
672 921
672 817
672 765
672 694
672 724
672 897
672 979
673 923
673 916
673 895
673 719
673 817
673 822
673 832
673 861
673 959
673 994
674 798
674 837
674 879
674 958
674 760
674 679
674 791
675 683
675 855
675 865
675 934
675 991
675 705
675 902
675 920
675 927
675 951
676 884
676 714
676 952
676 754
676 734
677 795
677 946
677 847
677 878
677 719
677 798
677 888
678 989
678 690
678 848
678 761
679 957
679 836
679 944
679 782
679 850
679 833
679 877
679 914
680 808
680 771
680 824
680 813
680 819
681 779
681 802
681 874
681 963
681 987
681 890
681 683
681 829
681 896
681 927
681 934
682 860
682 990
682 956
682 726
682 815
682 872
683 971
683 896
683 785
683 883
683 891
683 691
683 713
683 765
684 709
684 928
684 707
684 750
684 828
685 809
685 859
685 946
685 988
685 694
685 786
686 768
686 999
686 709
686 757
686 908
686 926
687 939
687 776
687 785
687 887
687 840
687 827
687 857
687 895
687 951
688 780
688 913
688 806
688 709
689 969
689 907
689 799
689 778
689 917
689 772
689 863
689 983
690 985
690 919
690 974
690 853
690 893
690 923
690 976
691 846
691 883
691 887
691 735
691 865
691 714
691 911
691 852
691 765
691 965
692 893
692 695
692 963
692 818
692 803
692 760
692 828
692 951
694 731
694 965
694 711
694 863
695 934
695 883
695 824
695 818
695 922
696 716
696 956
696 752
696 840
696 890
696 986
697 737
697 842
697 794
697 832
697 924
698 895
698 720
698 775
698 839
698 892
698 896
698 901
698 948
699 821
699 783
699 810
699 946
699 995
699 998
700 807
700 881
700 833
700 991
700 877
700 880
700 928
700 970
701 833
701 815
701 873
701 990
702 954
702 865
702 765
702 768
702 776
702 934
703 992
703 839
703 756
703 824
703 863
703 993
704 904
704 999
704 762
704 778
704 841
704 777
704 781
704 773
704 820
704 996
705 854
705 830
705 790
705 843
705 846
705 947
706 739
706 974
706 952
706 954
706 724
706 965
706 889
707 715
707 870
707 838
707 726
708 962
708 782
708 856
709 908
709 825
709 999
709 947
709 826
709 777
709 998
709 918
709 932
709 899
709 796
709 834
709 779
709 728
709 769
709 748
709 783
709 787
709 816
709 820
709 847
709 864
709 907
709 940
709 951
709 966
710 956
710 877
710 873
710 782
710 865
710 872
711 796
711 747
711 842
711 893
711 939
711 968
711 973
712 779
712 760
712 782
712 840
713 935
713 767
713 846
713 896
714 715
714 875
714 960
714 827
714 883
714 917
715 820
715 947
715 766
715 797
715 995
716 874
716 936
716 726
716 788
716 809
716 837
716 840
716 890
716 924
716 956
716 986
716 990
717 913
717 926
717 971
717 911
717 728
717 773
717 843
717 990
718 774
719 948
719 835
719 733
719 795
719 749
719 851
719 896
720 767
720 789
720 721
720 861
720 881
721 916
721 915
721 853
721 775
721 760
721 889
721 752
721 867
721 900
721 955
722 781
722 886
723 925
723 988
723 931
723 738
723 735
723 789
723 798
723 895
723 916
723 980
724 965
724 987
724 742
724 734
724 756
724 855
725 936
725 751
725 791
725 866
725 884
725 964
725 995
726 904
726 957
726 958
726 856
726 833
727 980
727 792
727 945
727 801
727 774
727 946
727 942
728 853
728 738
728 818
728 875
728 899
728 921
728 942
729 799
729 907
729 925
729 884
729 997
730 766
730 810
730 777
730 813
730 972
731 765
731 927
731 803
731 820
731 952
732 795
732 945
732 800
732 912
732 736
732 888
732 892
733 945
733 835
733 767
733 771
733 756
733 949
734 756
734 954
734 752
734 898
735 977
735 811
735 865
735 765
735 874
735 934
735 883
735 737
735 880
736 790
736 772
736 787
736 894
737 748
737 939
737 874
737 935
737 823
737 824
737 836
738 951
738 939
738 940
738 776
738 968
738 852
738 964
738 865
738 875
738 963
738 973
739 755
739 778
739 766
739 806
739 819
739 899
739 932
739 976
740 755
740 930
740 829
740 945
740 983
741 819
741 765
741 942
741 818
741 941
741 802
741 828
741 860
742 884
742 754
742 767
742 817
742 852
742 931
743 833
743 751
743 783
743 825
743 913
743 918
743 971
744 904
744 786
744 871
745 808
745 949
745 905
745 759
745 771
745 977
746 798
746 848
746 832
746 861
746 870
746 949
746 967
747 790
747 770
747 765
747 845
747 852
747 938
748 939
748 941
748 805
748 866
749 974
749 884
749 912
749 919
750 880
750 882
750 928
750 760
751 809
751 978
751 967
751 983
751 894
751 955
752 815
752 994
752 873
752 956
752 760
752 853
752 868
752 936
753 967
753 880
753 761
753 828
753 832
753 838
753 840
753 915
753 957
754 818
754 952
754 840
754 920
754 973
754 982
755 763
755 796
755 854
756 927
756 979
756 811
756 855
756 939
756 965
757 799
757 925
757 784
757 903
757 826
758 833
758 900
758 804
758 889
758 956
759 860
759 945
759 920
759 919
760 955
760 775
760 928
760 840
761 792
761 851
761 812
761 835
761 861
761 888
761 984
762 821
762 783
762 825
762 773
762 778
762 797
762 983
763 985
763 825
763 969
764 813
764 969
764 918
765 862
765 911
765 857
765 883
765 921
765 942
766 813
766 926
766 784
766 869
766 913
766 948
767 845
767 801
767 832
767 847
767 861
768 925
768 913
768 796
768 895
768 980
768 942
768 799
768 975
769 852
769 865
769 883
769 935
769 938
769 954
769 982
769 987
770 935
770 891
771 946
771 792
771 846
771 851
771 993
772 800
772 850
772 903
772 906
772 959
773 999
773 821
773 996
773 813
774 848
774 861
774 801
774 812
774 895
774 905
775 944
775 890
775 933
775 889
775 914
775 928
775 937
776 820
776 973
776 856
776 827
776 932
777 784
777 908
778 939
778 830
778 882
778 930
779 834
779 998
779 841
779 843
779 798
779 947
780 996
780 971
780 999
780 894
780 797
780 959
780 998
781 801
781 896
781 789
781 837
781 905
781 931
781 980
782 868
782 833
783 917
783 926
783 967
783 905
784 942
784 834
784 857
784 890
784 978
785 922
786 904
786 826
786 999
787 891
787 969
788 789
788 814
788 844
788 805
788 919
789 999
789 988
789 801
789 924
790 948
790 904
790 926
791 872
791 991
791 903
791 994
792 847
792 848
792 800
792 812
792 839
792 846
793 817
793 883
793 963
794 976
794 909
794 867
794 861
795 877
795 958
797 904
797 897
797 826
798 829
798 822
798 878
798 895
798 909
798 912
798 918
798 970
799 978
799 917
799 981
799 999
799 983
799 998
800 822
800 878
800 882
800 861
801 993
801 944
801 964
802 852
802 857
802 973
803 920
803 941
803 807
803 927
804 991
804 873
804 986
804 943
805 985
805 994
805 814
805 807
805 845
805 867
805 868
805 903
805 986
806 853
806 944
807 868
807 815
807 957
807 889
807 914
807 956
808 896
808 862
808 846
808 897
809 841
810 891
811 852
811 875
811 915
812 897
812 977
812 984
812 973
812 892
812 895
812 946
813 996
813 857
813 942
813 868
813 997
814 990
814 828
814 933
814 944
815 923
815 956
815 879
815 872
815 849
815 882
816 950
817 874
817 961
818 973
818 982
819 945
819 830
819 894
819 928
820 899
821 917
822 869
822 860
822 931
822 861
822 848
822 975
823 842
824 897
824 929
824 827
824 943
824 901
825 948
825 904
825 830
825 955
825 917
826 971
826 899
826 925
827 922
828 928
828 840
828 889
828 943
828 958
829 842
829 905
829 931
830 869
830 938
832 931
832 916
832 936
832 988
833 906
833 910
833 915
833 962
834 999
834 926
834 924
834 932
834 974
835 848
835 839
835 861
835 931
835 942
836 976
836 849
836 873
836 906
836 996
837 906
837 872
837 880
837 862
837 931
838 918
838 868
838 889
838 900
838 910
838 986
839 896
839 975
840 998
840 867
840 858
840 957
840 879
840 900
840 970
841 999
841 979
841 851
842 983
842 982
842 891
842 960
842 938
842 951
843 948
844 992
844 853
844 850
845 974
846 989
846 870
846 909
847 912
848 895
848 936
848 886
848 931
848 942
849 856
849 879
849 938
850 905
850 936
850 928
850 949
851 912
851 860
852 865
852 951
853 931
853 873
854 950
855 875
855 902
855 983
856 903
856 943
856 958
857 871
857 941
857 877
857 955
858 996
858 928
858 873
858 964
860 886
861 895
861 892
861 989
862 896
862 969
862 992
863 985
864 966
864 904
865 939
865 875
865 883
865 929
865 979
866 867
866 903
866 940
866 949
867 881
867 991
867 889
868 933
868 960
870 976
871 947
871 950
871 908
871 907
871 997
872 949
872 956
872 910
872 880
872 888
872 937
873 956
873 958
873 944
873 879
874 911
874 942
874 979
875 939
875 902
875 961
876 959
877 952
877 900
877 944
877 968
878 976
878 979
879 990
879 958
879 957
880 994
880 933
880 944
880 990
881 889
881 986
882 906
882 918
882 939
883 963
883 952
883 942
883 891
883 933
884 896
885 987
885 927
887 988
888 918
888 905
888 984
890 900
890 986
891 951
891 973
892 946
892 989
892 915
892 966
892 984
893 953
894 999
895 976
895 946
896 924
896 955
897 913
897 907
898 911
899 953
899 959
900 910
901 953
901 920
901 970
902 979
902 954
902 929
903 911
904 913
906 943
907 948
907 995
908 983
908 998
909 938
909 989
909 993
911 942
912 924
912 984
912 977
912 930
912 992
912 993
913 995
914 944
915 958
916 923
917 998
917 994
917 950
918 981
919 960
920 989
921 987
921 963
922 938
922 954
923 924
923 988
923 992
924 975
925 947
925 980
925 997
927 939
927 953
929 960
929 942
929 987
930 997
931 988
931 989
932 958
934 996
934 973
935 948
936 971
936 957
936 986
936 991
936 944
937 964
938 961
938 944
938 942
939 963
940 951
940 980
941 953
941 982
941 961
942 973
942 982
946 980
946 949
947 978
949 967
949 977
950 999
951 954
952 960
955 956
956 962
957 991
959 997
961 970
961 979
962 970
962 999
963 996
963 979
970 990
972 983
976 980
978 983
978 985
979 982
985 997
988 993
988 989
990 991
991 996
