0 434
0 958
0 746
0 911
0 611
0 479
0 688
0 347
0 65
0 69
0 237
0 301
0 365
0 386
0 398
0 512
0 625
0 686
0 701
0 739
0 929
0 936
1 391
1 138
1 779
1 915
1 794
1 169
1 618
1 208
1 399
1 481
1 487
1 493
1 511
1 518
1 577
1 597
1 706
1 735
1 739
1 753
1 846
1 904
2 303
2 710
2 42
2 457
2 273
2 86
2 502
2 747
2 723
2 495
2 471
2 271
2 887
2 538
2 732
2 21
2 204
2 603
2 663
2 763
2 776
2 878
3 189
3 165
3 418
3 827
3 271
3 21
3 85
3 127
3 144
3 172
3 381
3 554
3 603
3 669
3 906
3 941
4 885
4 34
4 678
4 186
4 437
4 267
4 493
4 317
4 511
4 72
4 917
4 880
4 208
4 909
4 912
4 147
4 49
4 128
4 261
4 326
4 330
4 353
4 374
4 433
4 462
4 629
4 632
4 669
4 680
4 732
4 800
5 405
5 138
5 874
5 373
5 426
5 757
5 198
5 558
5 761
5 680
5 614
5 602
5 171
5 272
5 290
5 298
5 413
5 437
5 463
5 581
5 588
5 769
5 871
5 912
5 913
5 966
6 59
6 65
6 7
6 708
6 255
6 27
6 139
6 158
6 227
6 257
6 325
6 352
6 419
6 434
6 611
6 688
6 711
6 715
6 876
6 911
6 952
7 243
7 691
7 484
7 625
7 482
7 36
7 34
7 301
7 408
7 262
7 55
7 153
7 261
7 266
7 351
7 383
7 501
7 510
7 604
7 610
7 669
7 696
7 917
8 700
8 731
8 547
8 462
8 953
8 635
8 852
8 18
8 721
8 951
8 971
8 480
8 84
8 80
8 114
8 209
8 392
8 504
8 598
8 973
8 990
9 682
9 371
9 901
9 680
9 89
9 115
9 874
9 13
9 88
9 146
9 169
9 275
9 437
9 478
9 487
9 598
9 600
9 620
9 669
9 753
9 909
10 337
10 499
10 459
10 196
10 772
10 741
10 704
10 918
10 899
10 186
10 241
10 238
10 914
10 101
10 228
10 138
10 63
10 124
10 181
10 224
10 295
10 407
10 417
10 515
10 517
10 543
10 709
10 934
11 872
11 381
11 778
11 50
11 881
11 600
11 746
11 765
11 64
11 40
11 229
11 233
11 465
11 575
11 581
11 615
11 619
11 657
11 730
11 816
11 854
11 875
11 919
11 930
12 84
12 846
12 473
12 511
12 904
12 500
12 637
12 890
12 807
12 150
12 680
12 378
12 953
12 810
12 33
12 166
12 194
12 213
12 269
12 339
12 344
12 358
12 377
12 652
12 892
13 547
13 338
13 638
13 903
13 953
13 945
13 166
13 269
13 314
13 317
13 347
13 462
13 606
13 680
13 960
14 998
14 233
14 900
14 277
14 850
14 773
14 886
14 468
14 98
14 244
14 261
14 304
14 400
14 494
14 591
14 644
14 649
14 797
14 842
14 916
14 922
15 73
15 165
15 827
15 364
15 532
15 932
15 662
15 583
15 742
15 35
15 66
15 197
15 319
15 460
15 669
15 753
15 758
16 604
16 165
16 42
16 432
16 917
16 679
16 680
16 475
16 608
16 791
16 553
16 742
16 267
16 938
16 978
16 115
16 146
16 166
16 300
16 310
16 399
16 558
16 606
16 650
16 966
17 996
17 709
17 459
17 450
17 843
17 511
17 169
17 807
17 967
17 629
17 89
17 803
17 505
17 786
17 779
17 483
17 80
17 970
18 117
18 870
18 912
18 197
18 633
18 412
18 210
18 876
18 579
18 146
18 505
18 287
18 115
18 166
18 267
18 318
18 404
18 461
18 700
18 753
19 74
19 709
19 966
19 344
19 868
19 511
19 412
19 368
19 281
19 195
19 209
19 590
19 255
19 500
19 783
19 210
19 87
19 29
19 119
19 523
19 648
19 761
19 829
19 953
19 977
20 341
20 172
20 932
20 920
20 327
20 982
20 773
20 795
20 563
20 837
20 607
20 899
20 394
20 63
20 117
20 143
20 232
20 253
20 270
20 307
20 511
20 526
20 543
20 548
20 622
20 641
20 647
20 701
20 772
20 850
20 940
21 30
21 556
21 37
21 935
21 93
21 685
21 669
21 254
21 289
21 827
21 288
21 714
21 302
21 336
21 583
21 82
21 598
21 966
21 221
21 495
21 544
21 545
21 606
21 719
22 811
22 491
22 555
22 117
22 787
22 990
22 71
22 83
22 105
22 302
22 470
22 532
22 556
22 559
22 669
22 705
22 813
22 855
22 860
22 988
23 844
23 50
23 365
23 765
23 830
23 178
23 28
23 188
23 233
23 246
23 308
23 321
23 386
23 691
23 703
23 733
23 805
23 929
24 371
24 855
24 714
24 76
24 389
24 532
24 387
24 705
24 552
24 89
24 31
24 66
24 79
24 182
24 204
24 280
24 296
24 315
24 335
24 497
24 502
24 573
24 662
24 737
24 808
24 840
24 861
24 989
25 593
25 315
25 204
25 839
25 902
25 835
25 95
25 418
25 809
25 613
25 758
25 669
25 38
25 116
25 157
25 193
25 271
25 356
25 371
25 460
25 641
25 840
25 853
25 983
26 844
26 747
26 865
26 573
26 669
26 471
26 121
26 94
26 809
26 95
26 492
26 741
26 104
26 145
26 192
26 286
26 820
27 240
27 956
27 583
27 687
27 724
27 435
27 792
27 864
27 148
27 538
27 797
27 394
27 666
27 612
27 595
27 53
27 110
27 161
27 196
27 410
27 492
27 543
27 729
27 781
27 944
27 993
28 106
28 122
28 780
28 254
28 787
28 306
28 381
28 419
28 424
28 439
28 488
28 520
28 589
28 641
28 675
28 688
28 733
28 760
28 822
28 830
28 881
28 884
28 931
28 957
28 962
29 934
29 317
29 680
29 602
29 80
29 145
29 196
29 230
29 378
29 436
29 481
29 574
29 868
29 917
30 365
30 50
30 956
30 604
30 248
30 321
30 830
30 105
30 163
30 691
30 157
30 592
30 452
30 458
30 520
30 580
30 620
30 824
31 749
31 66
31 672
31 216
31 221
31 921
31 646
31 692
31 425
31 532
31 369
31 288
31 851
31 609
31 76
31 153
31 273
31 309
31 350
31 861
32 897
32 692
32 669
32 878
32 764
32 296
32 391
32 443
32 457
32 458
32 466
32 573
32 949
33 80
33 473
33 376
33 58
33 298
33 890
33 72
33 397
33 493
33 536
33 546
33 557
33 645
33 661
33 779
33 781
33 880
33 901
33 975
33 989
34 625
34 419
34 589
34 501
34 250
34 73
34 229
34 321
34 433
34 716
34 733
34 926
35 313
35 219
35 186
35 584
35 143
35 235
35 185
35 160
35 335
35 342
35 380
35 400
35 431
35 446
35 477
35 503
35 509
35 527
35 543
35 724
35 752
35 832
35 886
35 955
36 109
36 956
36 73
36 593
36 229
36 365
36 337
36 55
36 194
36 360
36 488
36 512
36 514
36 534
36 627
36 821
36 962
36 986
36 992
37 320
37 853
37 391
37 491
37 99
37 569
37 410
37 78
37 808
37 173
37 558
37 94
37 153
37 257
37 669
37 709
37 770
37 814
37 822
38 471
38 492
38 759
38 880
38 90
38 967
38 475
38 626
38 951
38 183
38 197
38 220
38 290
38 343
38 395
38 399
38 547
38 548
38 572
38 577
38 615
38 696
38 723
38 753
38 868
38 927
38 953
39 223
39 793
39 895
39 148
39 736
39 820
39 186
39 359
39 944
39 888
39 435
39 689
39 235
39 389
39 869
39 879
40 260
40 482
40 488
40 963
40 958
40 229
40 294
40 771
40 398
40 51
40 96
40 312
40 921
40 954
40 775
40 440
40 55
40 133
40 168
40 520
40 523
40 530
40 534
40 655
40 746
40 854
40 938
40 998
41 144
41 389
41 127
41 85
41 669
41 371
41 665
41 165
41 754
41 231
41 404
41 676
41 935
42 669
42 883
42 756
42 273
42 135
42 164
42 170
42 198
42 286
42 317
42 348
42 354
42 507
42 594
42 601
42 793
42 836
42 849
42 937
42 954
42 983
43 130
43 388
43 312
43 178
43 55
43 407
43 123
43 375
43 442
43 490
43 514
43 530
43 594
43 653
43 697
43 802
43 956
43 958
44 879
44 644
44 617
44 709
44 428
44 982
44 134
44 797
44 181
44 908
44 154
44 359
44 370
44 414
44 612
44 712
44 798
44 900
45 707
45 276
45 738
45 263
45 564
45 773
45 622
45 709
45 342
45 893
45 798
45 420
45 552
45 785
45 63
45 143
45 181
45 317
45 409
45 463
45 585
45 838
45 842
45 864
45 955
46 83
46 410
46 693
46 117
46 775
46 60
46 486
46 438
46 893
46 741
46 435
46 650
46 772
46 509
46 920
46 797
46 205
46 888
46 864
46 71
46 143
46 366
46 526
46 543
46 914
46 955
47 516
47 94
47 131
47 179
47 359
47 920
47 402
47 823
47 551
47 431
47 841
47 632
47 552
47 167
47 72
47 111
47 119
47 154
47 196
47 202
47 203
47 343
47 394
47 441
47 463
47 671
47 719
47 725
47 744
47 895
47 945
47 980
48 819
48 308
48 589
48 299
48 684
48 96
48 929
48 974
48 109
48 293
48 331
48 419
48 512
48 522
48 643
48 656
49 201
49 703
49 786
49 261
49 432
49 506
49 269
49 791
49 635
49 579
49 726
50 91
50 266
50 168
50 321
50 551
50 166
50 132
50 200
50 297
50 354
50 474
50 476
50 493
50 603
50 619
50 634
50 788
50 791
50 812
50 821
50 875
50 941
50 943
50 962
51 260
51 765
51 240
51 375
51 944
51 109
51 256
51 294
51 437
51 440
51 465
51 475
51 668
51 716
51 822
51 854
51 956
52 381
52 770
52 156
52 644
52 997
52 374
52 183
52 281
52 791
52 971
52 305
52 735
52 245
52 315
52 469
52 525
52 722
53 409
53 744
53 258
53 982
53 584
53 687
53 252
53 54
53 110
53 134
53 181
53 205
53 238
53 435
53 540
53 563
53 666
53 753
53 792
53 798
53 823
53 996
54 728
54 179
54 385
54 258
54 235
54 841
54 454
54 196
54 325
54 346
54 376
54 452
54 459
54 461
54 509
54 555
54 617
54 644
54 743
54 793
54 833
54 919
55 771
55 707
55 225
55 534
55 266
55 348
55 229
55 958
55 702
55 386
55 615
55 816
55 696
55 911
55 806
55 312
55 844
55 576
55 669
55 452
55 277
55 917
55 680
55 76
55 77
55 78
55 96
55 132
55 199
55 237
55 278
55 293
55 294
55 306
55 308
55 322
55 416
55 456
55 524
55 560
55 610
55 636
55 643
55 668
55 684
55 685
55 715
55 738
55 780
55 821
55 894
55 906
55 919
55 992
56 139
56 774
56 878
56 464
56 681
56 453
56 499
56 153
56 556
56 457
56 922
56 406
56 102
56 663
56 172
56 770
56 197
56 694
56 857
56 518
56 217
56 418
56 427
56 583
57 170
57 989
57 216
57 669
57 878
57 969
57 383
57 192
57 309
57 319
57 544
57 751
57 793
57 808
58 162
58 74
58 785
58 608
58 862
58 852
58 550
58 511
58 222
58 404
58 706
58 210
58 80
58 376
58 445
58 546
58 547
58 676
59 668
59 817
59 600
59 875
59 784
59 524
59 434
59 472
59 765
59 872
59 802
59 341
59 420
59 557
59 132
59 163
59 348
59 352
59 360
59 516
59 630
59 634
59 680
59 698
59 713
59 774
59 824
59 854
60 488
60 844
60 181
60 571
60 812
60 74
60 141
60 262
60 485
60 595
60 641
60 687
60 709
60 712
60 744
60 914
60 984
61 793
61 394
61 653
61 437
61 75
61 953
61 717
61 230
61 74
61 210
61 469
61 504
61 658
61 960
62 310
62 727
62 121
62 273
62 237
62 770
62 532
62 410
62 592
62 179
62 319
62 396
62 815
62 860
62 873
63 161
63 763
63 324
63 228
63 120
63 363
63 704
63 124
63 730
63 203
63 693
63 97
63 98
63 116
63 295
63 304
63 382
63 402
63 507
63 509
63 534
63 609
63 612
63 816
63 920
63 980
64 221
64 591
64 254
64 508
64 68
64 99
64 118
64 231
64 248
64 288
64 311
64 466
64 496
64 669
64 734
64 822
64 845
65 129
65 92
65 977
65 424
65 69
65 589
65 323
65 434
65 906
65 721
65 106
65 177
65 260
65 289
65 321
65 449
65 490
65 534
65 560
65 561
65 634
65 659
65 817
65 885
65 963
65 986
66 604
66 853
66 127
66 763
66 669
66 144
66 665
66 427
66 406
66 165
66 752
66 453
66 808
66 410
66 421
66 204
66 254
66 508
66 527
66 537
66 567
66 586
66 699
66 754
66 770
66 873
66 983
67 270
67 581
67 516
67 266
67 710
67 561
67 386
67 410
67 474
67 674
67 696
67 733
67 805
67 884
68 276
68 758
68 464
68 669
68 95
68 278
68 254
68 646
68 538
68 78
68 79
68 144
68 216
68 273
68 365
68 371
68 763
68 771
68 856
68 861
69 512
69 686
69 301
69 716
69 337
69 688
69 700
69 919
69 439
69 94
69 203
69 486
69 250
69 292
69 329
69 350
69 401
69 416
69 422
69 593
69 604
69 696
69 811
69 820
70 858
70 879
70 541
70 555
70 965
70 274
70 414
70 494
70 923
70 900
70 557
70 820
70 551
70 719
70 116
70 526
70 404
70 110
70 134
70 219
70 452
70 612
70 757
70 970
71 519
71 805
71 154
71 494
71 184
71 834
71 346
71 741
71 965
71 97
71 120
71 155
71 295
71 520
71 617
71 683
71 775
71 795
71 833
71 879
71 928
71 955
72 152
72 770
72 495
72 633
72 694
72 88
72 750
72 358
72 960
72 89
72 717
72 75
72 487
72 528
72 547
72 768
72 800
72 933
73 77
73 122
73 129
73 225
73 510
73 168
73 771
73 963
73 163
73 962
73 594
73 782
73 161
73 256
73 266
73 381
73 446
73 465
73 575
73 596
73 636
73 919
73 959
74 138
74 729
74 143
74 918
74 154
74 131
74 160
74 244
74 245
74 417
74 435
74 443
74 503
74 507
74 829
74 838
74 847
74 948
74 985
75 681
75 369
75 511
75 376
75 547
75 167
75 660
75 100
75 426
75 115
75 317
75 343
75 475
75 810
75 973
76 670
76 544
76 136
76 173
76 372
76 254
76 155
76 340
76 403
76 669
76 390
76 810
76 189
76 276
76 292
76 415
76 494
76 545
76 634
76 814
76 815
76 942
77 745
77 959
77 566
77 264
77 256
77 961
77 320
77 187
77 699
77 736
77 91
77 103
77 246
77 249
77 312
77 422
77 479
77 639
77 675
77 696
77 875
77 941
77 952
77 957
77 998
78 600
78 954
78 421
78 453
78 449
78 840
78 152
78 728
78 662
78 623
78 119
78 144
78 155
78 265
78 350
78 459
78 592
78 758
78 763
78 970
79 994
79 654
79 415
79 587
79 508
79 855
79 221
79 762
79 80
79 127
79 197
79 268
79 280
79 302
79 371
79 583
79 669
79 718
79 789
79 861
79 970
80 477
80 898
80 393
80 404
80 904
80 114
80 395
80 436
80 450
80 476
80 846
80 896
81 549
81 521
81 249
81 486
81 708
81 568
81 833
81 151
81 179
81 382
81 473
81 169
81 184
81 202
81 234
81 262
81 346
81 349
81 370
81 740
81 838
81 914
82 201
82 320
82 130
82 954
82 642
82 141
82 766
82 623
82 879
82 316
82 965
82 772
82 209
82 443
82 555
82 607
83 556
83 296
83 406
83 425
83 970
83 591
83 829
83 770
83 182
83 287
83 356
83 369
83 542
83 616
83 910
84 155
84 191
84 448
84 807
84 759
84 680
84 753
84 590
84 90
84 848
84 953
84 272
84 197
84 230
84 648
84 505
84 870
84 100
84 487
84 513
84 523
84 638
84 694
84 720
84 757
84 876
84 939
84 946
85 705
85 302
85 103
85 572
85 576
85 749
85 814
85 170
85 473
85 878
86 682
86 613
86 94
86 727
86 836
86 738
86 359
86 285
86 669
86 920
87 250
87 296
87 179
87 785
87 553
87 318
87 912
87 267
87 478
87 626
87 800
87 852
87 158
87 304
87 330
87 376
87 397
87 431
87 523
87 570
87 644
87 880
87 882
87 946
87 960
88 345
88 176
88 94
88 448
88 680
88 298
88 869
88 436
88 185
88 145
88 194
88 364
88 461
88 478
88 525
88 677
88 846
89 619
89 293
89 681
89 960
89 909
89 124
89 139
89 183
89 233
89 344
89 349
89 594
89 721
89 755
89 915
89 938
90 192
90 849
90 825
90 480
90 287
90 307
90 807
90 997
90 209
90 245
90 511
90 125
90 769
90 645
90 635
90 378
90 432
90 454
90 514
90 525
91 707
91 479
91 345
91 521
91 133
91 964
91 625
91 264
91 294
91 520
91 664
91 802
91 830
91 832
91 986
92 884
92 266
92 636
92 872
92 926
92 575
92 881
92 674
92 784
92 745
92 851
92 594
92 212
92 361
92 416
92 465
92 692
92 911
92 991
93 881
93 95
93 427
93 254
93 173
93 502
93 193
93 221
93 369
93 718
93 127
93 837
93 431
93 104
93 130
93 135
93 444
93 592
93 601
93 669
93 882
93 941
94 491
94 296
94 969
94 350
94 646
94 576
94 731
94 532
94 669
94 814
94 598
94 99
94 135
94 175
94 292
94 395
94 458
94 499
94 533
94 756
94 921
94 932
95 408
95 387
95 669
95 182
95 113
95 309
95 646
95 927
95 193
95 380
95 389
95 406
95 537
95 542
95 545
95 592
95 612
95 801
95 876
95 913
95 924
96 472
96 630
96 733
96 534
96 168
96 192
96 991
96 621
96 956
96 549
96 881
96 655
96 964
96 247
96 244
96 909
96 123
96 419
96 428
96 484
96 512
96 702
96 779
96 824
96 930
97 817
97 669
97 471
97 204
97 459
97 452
97 199
97 405
97 944
97 980
97 148
97 274
97 417
97 651
97 792
97 900
97 318
97 110
97 337
97 400
97 749
98 355
98 745
98 760
98 323
98 381
98 419
98 919
98 962
98 810
98 126
98 130
98 162
98 188
98 190
98 301
98 328
98 352
98 497
98 514
98 661
98 707
99 889
99 289
99 738
99 457
99 815
99 669
99 664
99 705
99 247
99 768
99 172
99 244
99 273
99 340
99 421
99 531
99 591
99 683
99 759
99 796
99 814
99 942
100 325
100 318
100 602
100 848
100 548
100 810
100 269
100 349
100 358
100 390
100 601
100 626
100 680
100 862
100 904
100 938
101 642
101 231
101 363
101 845
101 965
101 400
101 701
101 920
101 134
101 810
101 174
101 202
101 564
101 913
101 925
102 586
102 734
102 801
102 231
102 313
102 361
102 447
102 572
102 598
102 642
102 669
102 714
102 793
103 921
103 669
103 415
103 332
103 418
103 582
103 910
103 756
103 280
103 276
103 286
103 319
103 372
103 567
103 789
104 819
104 390
104 692
104 822
104 335
104 749
104 531
104 613
104 669
104 231
104 913
104 922
105 200
105 926
105 919
105 777
105 994
105 521
105 883
105 167
105 186
105 293
105 422
105 578
105 581
105 599
105 624
105 634
105 710
105 715
105 778
105 802
106 257
106 640
106 963
106 733
106 214
106 318
106 876
106 126
106 161
106 190
106 249
106 308
106 528
106 624
106 716
106 746
106 919
107 463
107 262
107 833
107 513
107 205
107 864
107 773
107 314
107 255
107 324
107 438
107 847
107 904
108 321
108 456
108 619
108 979
108 682
108 709
108 324
108 257
108 575
108 657
108 697
108 885
108 929
109 142
109 931
109 243
109 987
109 970
109 121
109 241
109 834
109 294
109 310
109 375
109 408
109 668
109 686
109 884
109 976
110 615
110 820
110 509
110 736
110 342
110 974
110 568
110 253
110 492
110 725
110 486
110 647
110 393
110 117
110 414
110 421
110 708
110 740
110 850
111 752
111 725
111 805
111 650
111 708
111 588
111 568
111 641
111 712
111 799
112 243
112 906
112 858
112 658
112 680
112 362
112 166
112 976
112 440
112 162
112 429
112 525
112 633
112 722
112 779
112 835
112 917
113 390
113 669
113 451
113 531
113 406
113 539
113 464
113 271
113 677
113 377
113 153
113 155
113 369
113 460
113 476
113 681
113 741
113 950
113 975
113 983
113 989
114 190
114 115
114 198
114 846
114 618
114 307
114 903
114 511
114 976
114 267
114 614
114 882
114 174
114 448
114 481
114 680
114 314
114 395
114 399
114 436
114 450
114 480
114 602
114 633
114 658
114 978
115 788
115 881
115 938
115 978
115 660
115 374
115 230
115 194
115 347
115 484
115 726
115 742
115 794
115 864
116 789
116 370
116 879
116 982
116 459
116 993
116 407
116 234
116 551
116 141
116 385
116 918
116 119
116 191
116 196
116 295
116 443
116 463
116 498
116 557
116 764
116 775
117 274
117 186
117 729
117 124
117 730
117 841
117 184
117 262
117 291
117 381
117 400
117 459
117 463
117 509
117 541
117 557
117 563
117 585
117 736
117 741
117 781
117 823
117 984
118 844
118 226
118 299
118 692
118 537
118 451
118 723
118 921
118 271
118 175
118 865
118 415
118 496
118 751
118 780
118 811
118 815
118 827
119 184
119 725
119 363
119 241
119 234
119 585
119 617
119 291
119 557
119 666
119 711
119 719
119 948
119 982
120 725
120 154
120 704
120 405
120 719
120 923
120 571
120 557
120 737
120 420
120 343
120 274
120 985
120 568
120 903
120 874
120 160
120 214
120 228
120 285
120 286
120 291
120 324
120 622
120 649
120 651
120 669
120 707
120 733
120 744
120 841
120 888
120 968
121 458
121 411
121 496
121 371
121 613
121 975
121 364
121 699
121 239
121 255
121 356
121 539
121 556
121 839
121 922
121 950
122 158
122 257
122 419
122 386
122 465
122 952
122 416
122 780
122 199
122 167
122 130
122 133
122 337
122 352
122 433
122 522
122 599
122 619
122 620
122 624
122 819
122 844
122 854
122 929
122 958
122 959
122 972
123 780
123 433
123 804
123 126
123 479
123 784
123 908
123 201
123 270
123 342
123 653
123 755
123 877
123 956
124 441
124 650
124 612
124 498
124 239
124 258
124 834
124 552
124 202
124 285
124 339
124 385
124 466
124 595
124 609
124 820
124 823
124 864
124 886
124 895
124 955
125 771
125 437
125 626
125 976
125 877
125 800
125 546
125 338
125 233
125 268
125 413
125 598
126 398
126 465
126 328
126 760
126 832
126 488
126 885
126 936
126 711
126 884
126 187
126 472
126 254
126 199
126 240
126 270
126 416
126 446
126 599
126 619
126 630
126 688
126 802
126 858
126 963
127 139
127 242
127 616
127 499
127 809
127 286
127 263
127 544
127 793
127 583
127 302
127 409
127 164
127 669
127 713
127 718
127 719
128 569
128 676
128 590
128 786
128 393
128 933
128 868
128 721
128 261
128 302
128 480
128 511
128 717
128 742
128 750
128 800
128 912
128 966
129 297
129 788
129 312
129 434
129 356
129 773
129 706
129 161
129 203
129 212
129 253
129 266
129 308
129 329
129 456
129 484
129 627
129 639
129 657
129 661
129 668
129 686
129 760
129 881
129 885
129 907
129 993
130 964
130 881
130 479
130 926
130 959
130 490
130 477
130 585
130 257
130 329
130 419
130 484
130 578
130 580
130 615
130 696
131 856
131 186
131 517
131 671
131 363
131 239
131 888
131 137
131 513
131 343
131 394
131 151
131 160
131 247
131 361
131 447
131 477
131 540
131 555
131 584
131 614
131 649
131 701
131 740
131 816
131 864
131 895
131 920
132 707
132 299
132 745
132 240
132 158
132 512
132 264
132 956
132 760
132 226
132 322
132 582
132 324
132 455
132 985
132 879
132 768
132 200
132 321
132 669
132 771
132 936
133 780
133 299
133 991
133 294
133 669
133 148
133 306
133 322
133 403
133 433
133 438
133 639
133 755
133 922
133 961
134 498
134 671
134 186
134 948
134 148
134 737
134 169
134 244
134 262
134 324
134 382
134 485
134 510
134 607
134 781
134 792
134 920
134 999
135 231
135 756
135 204
135 279
135 848
135 761
135 280
135 396
135 458
135 669
135 793
135 812
136 216
136 840
136 822
136 849
136 836
136 387
136 336
136 813
136 905
136 441
136 265
136 292
136 554
136 669
136 738
136 747
136 758
136 770
136 808
136 853
136 883
136 885
136 941
137 202
137 463
137 151
137 982
137 609
137 184
137 650
137 944
137 761
137 898
137 247
137 331
137 366
137 407
137 555
137 563
137 787
138 186
138 612
138 725
138 837
138 151
138 920
138 255
138 971
138 207
138 245
138 339
138 360
138 498
138 538
138 740
138 764
138 925
139 765
139 422
139 956
139 575
139 627
139 153
139 506
139 305
139 263
139 312
139 416
139 487
139 707
139 745
139 837
140 329
140 591
140 712
140 740
140 838
140 918
140 519
140 647
140 438
140 459
140 901
140 339
140 343
140 346
140 361
140 366
140 403
140 493
140 541
140 792
140 830
140 899
141 584
141 234
141 866
141 420
141 555
141 486
141 228
141 823
141 985
141 143
141 262
141 274
141 407
141 417
141 626
141 633
141 658
141 722
141 820
141 844
141 984
142 700
142 512
142 223
142 600
142 640
142 926
142 774
142 880
142 183
142 440
142 301
142 306
142 472
142 502
142 559
142 936
143 746
143 884
143 873
143 897
143 730
143 980
143 268
143 334
143 339
143 417
143 420
143 498
143 513
143 693
143 837
144 460
144 254
144 496
144 752
144 669
144 776
144 531
144 453
144 759
144 862
144 221
144 238
144 389
144 418
144 435
144 492
144 572
144 643
144 760
144 815
144 845
144 981
145 680
145 951
145 880
145 195
145 901
145 732
145 558
145 890
145 171
145 194
145 206
145 445
145 546
145 585
145 648
145 676
145 722
145 753
145 761
145 913
145 933
145 976
146 201
146 235
146 629
146 966
146 917
146 680
146 653
146 255
146 376
146 437
146 275
146 314
146 378
146 429
146 550
146 742
146 748
146 768
146 882
146 931
146 945
147 195
147 597
147 220
147 305
147 343
147 485
147 608
147 680
147 726
147 732
147 845
148 982
148 156
148 923
148 641
148 709
148 571
148 207
148 324
148 336
148 343
148 383
148 400
148 403
148 431
148 471
148 531
148 639
148 708
148 853
148 864
148 985
149 549
149 348
149 341
149 931
149 804
149 512
149 894
149 201
149 270
149 357
149 501
149 568
149 599
149 624
149 675
149 691
149 702
149 777
149 796
149 958
149 963
150 489
150 647
150 782
150 852
150 790
150 373
150 869
150 680
150 927
150 876
150 618
150 848
150 437
150 209
150 317
150 377
150 404
150 475
150 478
150 635
150 684
150 786
150 854
150 857
150 991
151 760
151 357
151 463
151 407
151 527
151 498
151 497
151 766
151 841
151 199
151 944
151 224
151 781
151 708
151 955
151 420
151 787
151 228
151 968
151 258
151 284
151 327
151 361
151 503
151 541
151 543
151 564
151 612
151 900
151 923
152 780
152 449
152 763
152 685
152 864
152 216
152 217
152 229
152 280
152 285
152 389
152 678
152 719
152 750
152 808
152 826
152 851
153 408
153 905
153 734
153 613
153 646
153 789
153 458
153 356
153 883
153 296
153 617
153 273
153 359
153 391
153 600
153 669
153 690
153 747
153 801
153 889
153 937
154 656
154 409
154 612
154 982
154 799
154 900
154 342
154 179
154 184
154 291
154 428
154 513
154 526
154 607
154 795
154 833
154 886
155 860
155 883
155 685
155 669
155 714
155 921
155 735
155 378
155 188
155 252
155 265
155 460
155 517
155 776
155 793
155 823
155 861
155 867
155 902
155 988
156 888
156 239
156 258
156 277
156 407
156 451
156 517
156 519
156 596
156 609
156 708
156 729
156 887
156 993
157 947
157 387
157 544
157 815
157 545
157 567
157 164
157 812
157 170
157 455
157 532
157 573
157 672
157 692
157 822
157 875
157 937
158 686
158 817
158 549
158 688
158 886
158 223
158 270
158 345
158 355
158 381
158 510
158 691
158 760
158 784
158 816
158 881
158 957
158 962
159 775
159 417
159 176
159 179
159 186
159 199
159 205
159 232
159 283
159 361
159 405
159 463
159 543
159 704
159 825
159 894
159 908
159 967
160 919
160 196
160 866
160 517
160 455
160 213
160 181
160 241
160 357
160 405
160 585
160 737
161 875
161 995
161 959
161 168
161 964
161 682
161 561
161 907
161 746
161 572
161 689
161 281
161 487
161 344
161 218
161 233
161 312
161 467
161 657
161 832
162 630
162 381
162 264
162 329
162 804
162 293
162 472
162 288
162 188
162 233
162 243
162 256
162 257
162 294
162 387
162 422
162 446
162 467
162 493
162 566
162 634
162 659
162 707
162 758
162 824
163 439
163 702
163 308
163 931
163 398
163 297
163 223
163 189
163 191
163 843
163 485
163 669
164 212
164 669
164 975
164 941
164 947
164 591
164 705
164 364
164 309
164 809
164 646
164 276
164 279
164 340
164 699
164 723
164 910
164 924
164 949
165 943
165 662
165 170
165 189
165 265
165 309
165 332
165 463
165 582
165 583
165 669
165 861
166 625
166 279
166 284
166 552
166 317
166 742
166 423
166 890
166 245
166 326
166 442
166 450
166 648
166 757
166 307
166 904
166 645
166 481
166 682
166 767
166 769
167 964
167 938
167 999
167 903
167 626
167 848
167 971
167 307
167 870
167 761
167 857
167 574
167 721
167 338
167 577
167 753
167 782
167 945
168 929
168 604
168 979
168 619
168 698
168 257
168 323
168 713
168 656
168 260
168 201
168 610
168 314
168 176
168 223
168 250
168 328
168 416
168 433
168 561
168 624
168 696
168 755
168 800
169 360
169 620
169 837
169 645
169 483
169 618
169 753
169 393
169 281
169 594
169 436
169 469
169 245
169 266
169 315
169 352
169 504
169 590
169 638
169 717
169 742
169 877
169 904
169 973
170 760
170 356
170 731
170 690
170 669
170 457
170 680
170 217
170 447
170 545
170 559
170 734
170 829
170 873
170 947
170 950
171 991
171 575
171 390
171 690
171 204
171 799
171 635
171 870
171 290
171 913
171 344
171 317
171 185
171 198
171 177
171 803
171 810
171 565
171 330
171 450
171 658
171 940
171 960
172 690
172 444
172 829
172 837
172 289
172 665
172 669
172 730
172 789
172 861
172 969
173 323
173 728
173 835
173 937
173 665
173 466
173 231
173 734
173 582
173 743
173 508
173 545
173 554
173 669
173 672
173 678
173 826
173 829
173 870
174 674
174 236
174 867
174 473
174 305
174 330
174 353
174 535
174 581
174 732
174 862
174 870
175 567
175 231
175 582
175 223
175 294
175 310
175 336
175 371
175 390
175 476
175 496
175 637
175 658
175 792
175 836
175 883
176 299
176 994
176 630
176 707
176 434
176 187
176 760
176 780
176 357
176 214
176 260
176 456
176 580
176 610
176 675
176 703
177 523
177 570
177 440
177 870
177 461
177 553
177 211
177 268
177 362
177 380
177 547
177 608
177 694
177 939
178 549
178 365
178 958
178 201
178 844
178 821
178 819
178 707
178 456
178 573
178 293
178 520
178 620
178 624
178 648
178 655
178 761
178 959
178 964
179 955
179 974
179 277
179 186
179 202
179 215
179 366
179 417
179 467
179 468
179 485
179 612
179 658
179 812
179 849
179 867
179 928
180 765
180 991
180 831
180 225
180 661
180 198
180 298
180 566
180 599
180 624
180 658
180 770
180 958
180 964
181 564
181 612
181 918
181 486
181 324
181 342
181 679
181 215
181 409
181 455
181 509
181 683
181 689
181 845
181 864
181 894
181 914
181 920
181 972
181 993
182 364
182 573
182 542
182 280
182 902
182 734
182 411
182 449
182 451
182 583
182 613
182 628
182 669
182 705
182 751
182 825
183 898
183 500
183 368
183 269
183 535
183 412
183 966
183 680
183 945
183 194
183 195
183 262
183 285
183 290
183 590
183 778
183 794
183 806
184 441
184 671
184 585
184 513
184 650
184 228
184 232
184 262
184 405
184 443
184 463
184 486
184 497
184 509
184 595
184 649
184 692
184 701
184 741
184 859
185 680
185 588
185 318
185 945
185 423
185 960
186 871
186 663
186 985
186 879
186 650
186 719
186 359
186 205
186 402
186 431
186 438
186 441
186 485
186 701
186 764
186 795
186 864
187 977
187 715
187 621
187 668
187 906
187 270
187 422
187 351
187 657
187 463
187 916
187 480
187 420
187 553
187 581
187 636
187 659
187 739
187 755
187 758
187 862
187 883
187 911
188 777
188 703
188 655
188 465
188 329
188 952
188 700
188 890
188 966
188 218
188 264
188 306
188 308
188 363
188 419
188 434
188 580
188 599
188 711
188 755
188 760
188 804
188 930
189 190
189 446
189 396
189 949
189 533
189 403
189 193
189 727
189 828
189 255
189 565
189 738
189 855
190 991
190 201
190 534
190 575
190 212
190 630
190 589
190 223
190 297
190 388
190 470
190 710
190 930
191 954
191 431
191 304
191 632
191 584
191 438
191 644
191 207
191 262
191 346
191 513
191 538
191 607
191 689
191 729
191 737
191 920
192 297
192 337
192 639
192 250
192 655
192 257
192 467
192 718
192 724
192 680
192 229
192 291
192 357
192 465
192 612
192 643
192 713
192 829
193 447
193 860
193 231
193 723
193 285
193 669
193 346
193 310
193 356
193 383
193 451
193 646
193 678
193 738
193 850
193 853
193 934
194 718
194 694
194 570
194 565
194 373
194 376
194 378
194 618
194 209
194 298
194 518
194 442
194 432
194 478
194 222
194 448
194 680
194 753
194 845
194 901
194 938
195 259
195 638
195 722
195 915
195 473
195 504
195 287
195 432
195 487
195 497
195 652
195 676
195 683
195 732
195 753
195 842
195 933
196 434
196 411
196 564
196 965
196 914
196 215
196 894
196 563
196 199
196 253
196 275
196 503
196 900
197 851
197 239
197 803
197 759
197 565
197 358
197 404
197 393
197 353
197 268
197 290
197 307
197 359
197 371
197 426
197 478
197 599
197 915
198 817
198 322
198 705
198 980
198 536
198 298
198 608
198 891
198 368
198 330
198 890
198 412
198 205
198 500
198 869
199 360
199 501
199 956
199 932
199 822
199 825
199 379
199 459
199 736
199 234
199 342
199 944
199 671
199 687
199 284
199 385
199 632
199 662
199 764
199 871
199 916
200 745
200 524
200 306
200 314
200 321
200 472
200 503
200 604
200 624
200 651
200 755
200 758
200 819
200 830
200 929
200 931
200 964
201 872
201 636
201 715
201 680
201 626
201 257
201 351
201 355
201 422
201 510
201 534
201 624
201 640
201 703
201 788
201 957
202 319
202 498
202 968
202 729
202 435
202 900
202 527
202 327
202 485
202 382
202 277
202 334
202 414
202 431
202 463
202 543
202 584
202 650
202 725
203 773
203 441
203 431
203 546
203 339
203 361
203 380
203 543
203 593
203 649
203 744
203 775
203 900
203 993
204 560
204 867
204 924
204 556
204 835
204 384
204 836
204 980
204 511
204 296
204 463
204 613
204 677
204 692
204 699
204 738
204 763
204 913
205 325
205 825
205 304
205 455
205 607
206 216
206 546
206 429
206 579
206 721
206 810
206 442
206 511
206 550
206 602
206 680
206 960
206 353
206 754
206 261
206 275
206 333
206 601
206 618
206 653
207 495
207 820
207 834
207 342
207 541
207 605
207 527
207 775
207 304
207 478
207 325
207 339
207 395
207 543
207 585
207 730
207 814
207 845
207 896
208 401
208 258
208 506
208 395
208 493
208 454
208 377
208 275
208 487
208 523
208 748
208 876
208 960
209 575
209 630
209 230
209 518
209 648
209 500
209 579
209 429
209 791
209 803
209 473
209 680
209 223
209 259
209 267
209 346
209 475
209 525
209 553
209 565
209 750
209 779
209 917
210 543
210 235
210 680
210 511
210 393
210 574
210 287
210 330
210 462
210 637
210 732
210 742
210 790
211 936
211 419
211 275
211 890
211 990
211 870
211 426
211 901
211 588
211 440
211 848
211 680
211 909
211 810
211 314
211 891
211 301
211 679
211 877
211 882
212 236
212 964
212 832
212 802
212 386
212 765
212 434
212 320
212 657
212 686
212 769
212 784
212 844
212 907
213 623
213 946
213 558
213 653
213 679
213 629
213 810
213 437
213 790
213 399
213 473
213 505
213 574
213 652
213 680
213 720
213 731
213 769
213 807
213 868
213 882
213 927
213 999
214 575
214 581
214 522
214 774
214 256
214 322
214 907
214 804
214 957
214 521
214 693
214 536
214 600
214 620
214 686
214 739
214 765
215 278
215 531
215 623
215 494
215 632
215 452
215 719
215 900
215 944
215 940
215 251
215 486
215 773
215 609
215 341
215 382
215 775
215 781
216 670
216 867
216 954
216 508
216 970
216 989
216 882
216 319
216 449
216 669
217 715
217 815
217 282
217 849
217 731
217 670
217 856
217 669
217 554
217 897
217 723
217 537
217 443
217 803
217 239
217 425
217 559
217 628
217 924
217 984
218 596
218 819
218 610
218 986
218 599
218 817
218 308
218 355
218 398
218 422
218 434
218 541
218 593
218 686
218 691
218 696
218 833
218 958
218 977
219 276
219 812
219 331
219 409
219 925
219 299
219 370
219 517
219 642
219 687
219 712
219 734
219 737
219 787
219 850
220 315
220 652
220 648
220 680
220 790
220 506
220 602
220 353
220 259
220 314
220 432
220 461
220 468
220 546
220 548
220 601
220 607
220 834
220 953
220 967
221 954
221 776
221 714
221 705
221 669
221 588
221 227
221 278
221 285
221 306
221 311
221 592
221 603
221 642
221 747
221 793
221 950
221 959
222 682
222 822
222 983
222 633
222 553
222 997
222 807
222 759
222 377
222 680
222 652
222 272
222 314
222 450
222 546
222 475
222 525
222 694
222 742
222 876
223 233
223 959
223 943
223 472
223 474
223 871
223 419
223 530
223 227
223 337
223 424
223 621
224 292
224 541
224 459
224 234
224 866
224 513
224 334
224 304
224 900
224 605
224 343
224 828
224 617
224 363
224 284
224 737
224 778
224 798
224 801
224 841
224 895
224 980
225 636
225 578
225 716
225 329
225 242
225 340
225 342
225 359
225 264
225 312
225 365
225 372
225 382
225 621
225 642
225 655
225 661
225 688
225 720
225 931
225 977
226 416
226 639
226 566
226 328
226 419
226 668
226 422
226 303
226 669
226 390
226 322
226 357
226 528
226 529
226 656
226 956
227 930
227 496
227 883
227 822
227 491
227 756
227 591
227 813
227 242
227 536
227 939
227 458
227 460
227 537
227 572
227 638
227 662
227 677
227 975
228 549
228 453
228 342
228 379
228 740
228 792
228 324
228 555
228 486
228 993
228 772
228 291
228 398
228 540
228 724
228 732
228 841
228 968
229 345
229 765
229 760
229 357
229 745
229 524
230 574
230 978
230 518
230 287
230 794
230 890
230 570
230 939
230 548
230 516
230 680
230 706
230 785
230 797
230 843
231 389
231 237
231 292
231 356
231 392
231 457
231 531
231 574
231 829
231 924
232 417
232 258
232 564
232 283
232 644
232 773
232 928
232 448
232 238
232 239
232 251
232 277
232 284
232 339
232 404
232 517
232 519
232 595
232 647
233 746
233 875
233 831
233 858
233 995
233 707
233 624
233 669
233 691
233 697
233 919
234 297
234 641
234 923
234 632
234 647
234 515
234 850
234 955
234 993
234 378
234 385
234 428
234 455
234 517
234 527
234 564
234 719
234 724
235 420
235 968
235 893
235 923
235 379
235 812
235 982
235 939
235 253
235 443
235 533
235 555
236 419
236 456
236 299
236 919
236 521
236 472
236 914
236 753
236 240
236 286
236 510
236 539
236 630
236 703
236 962
237 640
237 451
237 835
237 695
237 681
237 853
237 767
237 937
237 826
237 747
237 669
237 315
237 319
237 849
237 941
238 319
238 551
238 799
238 407
238 343
238 486
238 527
238 893
238 907
239 251
239 965
239 244
239 647
239 463
239 517
239 841
239 730
239 660
239 258
239 342
239 370
239 394
239 485
239 538
239 553
239 555
239 588
239 651
239 669
239 773
239 848
239 893
240 621
240 381
240 675
240 321
240 806
240 345
240 698
240 760
240 419
240 334
240 363
240 433
240 604
241 919
241 662
241 586
241 773
241 327
241 725
241 324
241 879
241 304
241 985
241 974
241 928
241 899
241 342
241 847
242 688
242 356
242 285
242 315
242 502
242 545
242 572
242 586
242 611
242 669
242 751
242 814
242 853
242 922
243 746
243 264
243 611
243 416
243 521
243 257
243 506
243 639
243 691
243 716
243 780
243 871
243 911
243 919
243 930
243 962
243 977
244 538
244 893
244 435
244 666
244 463
244 609
244 799
244 845
244 887
244 944
244 953
244 955
244 996
245 307
245 648
245 395
245 635
245 807
245 927
245 305
245 973
245 869
245 290
245 349
245 608
245 732
245 971
246 542
246 705
246 851
246 859
246 981
246 695
246 685
246 525
246 288
246 447
246 470
246 528
246 663
246 692
246 752
246 767
247 651
247 527
247 725
247 773
247 595
247 310
247 329
247 477
247 503
247 564
247 669
247 678
247 729
247 847
248 943
248 381
248 804
248 306
248 408
248 479
248 527
248 635
248 716
249 294
249 885
249 514
249 964
249 500
249 360
249 595
249 624
249 659
249 702
249 715
249 806
249 919
249 987
250 345
250 872
250 501
250 972
250 534
250 434
250 299
250 401
250 749
250 629
250 326
250 381
250 580
250 599
250 625
250 668
250 755
250 979
251 797
251 509
251 515
251 795
251 324
251 334
251 506
251 543
251 597
251 738
251 888
251 996
252 602
252 761
252 782
252 493
252 374
252 645
252 680
252 570
252 786
252 269
252 281
252 314
252 473
252 480
252 481
252 558
252 638
252 843
253 456
253 887
253 908
253 274
253 552
253 284
253 772
253 326
253 311
253 363
253 996
254 669
254 981
254 470
254 414
254 432
254 429
254 495
254 528
254 684
254 685
254 734
254 751
254 827
254 978
255 493
255 791
255 726
255 976
255 268
255 376
255 601
255 298
255 445
255 530
255 754
255 762
255 768
255 790
255 874
255 890
255 967
256 746
256 521
256 512
256 345
256 674
256 434
256 854
256 995
257 430
257 293
257 640
257 979
257 516
257 788
257 661
257 995
257 804
257 524
257 911
257 365
257 784
257 323
257 514
257 668
257 919
257 582
257 669
257 984
257 505
257 260
257 294
257 311
257 344
257 349
257 360
257 619
257 697
257 765
257 831
257 953
258 663
258 277
258 526
258 772
258 287
258 431
258 584
258 812
258 864
258 928
259 851
259 797
259 999
259 353
259 442
259 653
259 915
259 565
259 412
259 500
259 546
259 759
259 868
259 877
260 467
260 266
260 625
260 321
260 802
260 661
260 707
260 746
260 840
260 801
260 587
260 435
260 360
260 482
260 669
260 868
260 907
261 604
261 596
261 458
261 901
261 518
261 648
261 800
261 413
261 577
261 314
261 594
261 647
261 753
261 768
261 881
261 951
261 960
262 578
262 605
262 379
262 563
262 405
262 555
262 317
262 522
262 622
262 770
263 970
263 677
263 767
263 554
263 310
263 669
263 714
263 704
263 357
263 583
263 729
263 815
263 902
263 942
263 950
263 998
264 348
264 707
264 929
264 688
264 710
264 696
264 422
264 957
264 684
264 819
264 446
264 479
264 975
264 721
264 561
264 580
265 458
265 749
265 669
265 692
265 310
265 734
265 282
265 693
265 292
265 406
265 700
265 758
265 770
265 808
265 839
265 975
265 983
266 352
266 610
266 700
266 386
266 958
266 308
266 323
266 401
266 620
266 643
266 998
267 401
267 889
267 281
267 358
267 869
267 880
267 536
267 483
267 454
267 478
267 761
267 843
267 347
267 353
267 544
267 577
267 753
267 754
267 786
267 896
268 739
268 343
268 680
268 645
268 602
268 546
268 601
268 976
268 912
268 462
268 374
268 469
268 473
268 876
268 903
269 456
269 627
269 864
269 498
269 283
269 536
269 344
269 658
269 535
269 614
269 298
269 848
269 392
269 353
269 436
269 523
269 550
269 876
269 890
270 661
270 627
270 844
270 381
270 430
270 703
270 593
270 323
270 320
270 375
270 534
270 691
271 723
271 421
271 495
271 840
271 458
271 616
271 387
271 695
271 325
271 923
271 426
271 384
271 499
271 542
271 559
271 582
271 672
271 839
272 669
272 480
272 574
272 790
272 810
272 843
272 305
272 314
272 397
272 518
272 779
272 906
272 934
273 582
273 539
273 451
273 537
273 813
273 309
273 444
273 726
273 690
273 749
273 950
273 970
274 529
274 513
274 671
274 325
274 382
274 585
274 612
274 647
274 708
274 737
274 766
274 781
274 815
274 823
274 824
274 864
275 549
275 469
275 892
275 761
275 462
275 368
275 330
275 392
275 535
275 547
275 779
275 848
275 862
275 912
276 981
276 921
276 556
276 279
276 669
276 302
276 865
276 438
276 389
276 508
276 562
276 714
276 747
276 809
276 814
276 942
277 964
277 313
277 944
277 407
277 385
277 833
277 687
277 660
277 291
277 455
277 477
277 509
277 617
277 650
277 701
277 729
277 743
277 799
277 920
278 836
278 616
278 364
278 464
278 371
278 508
278 391
278 442
278 280
278 531
278 669
278 725
278 752
278 781
279 573
279 631
279 372
279 669
279 839
279 310
279 466
279 384
279 499
279 690
279 527
279 887
279 286
279 537
279 626
279 628
279 751
279 813
279 851
279 912
279 960
279 989
280 873
280 489
280 865
280 734
280 855
280 727
280 491
280 554
280 319
280 309
280 390
280 510
280 669
280 690
280 695
280 723
280 845
280 851
280 863
281 640
281 521
281 875
281 500
281 305
281 347
281 735
281 633
281 565
281 413
281 606
281 648
281 715
281 800
281 807
281 903
281 917
281 951
281 971
282 587
282 669
282 770
282 839
282 545
282 834
282 680
282 769
282 333
282 482
282 639
282 793
282 905
282 910
282 975
283 520
283 923
283 644
283 459
283 494
283 847
283 781
283 513
283 325
283 400
283 424
283 509
283 550
283 564
283 737
283 837
283 858
284 441
284 923
284 741
284 866
284 405
284 683
284 370
284 420
284 363
284 618
284 623
284 798
284 847
284 955
284 993
285 682
285 865
285 855
285 796
285 554
285 354
285 840
285 533
285 335
285 587
285 681
285 315
285 356
285 699
285 770
285 813
286 491
286 384
286 499
286 457
286 758
286 410
286 672
286 749
286 989
286 464
286 364
286 315
286 795
286 438
286 595
286 579
286 340
286 427
286 470
286 562
286 669
286 685
286 699
286 814
286 845
286 937
287 731
287 442
287 505
287 487
287 951
287 590
287 395
287 635
287 440
287 680
287 389
287 648
287 652
287 653
287 876
287 939
288 669
288 403
288 950
288 385
288 397
288 443
288 713
289 699
289 645
289 511
289 660
289 322
289 371
289 372
289 460
289 669
289 723
289 808
289 813
289 959
290 750
290 475
290 848
290 478
290 810
290 882
290 347
290 852
290 877
291 586
291 812
291 605
291 463
291 402
291 888
291 563
291 838
291 781
291 509
291 480
291 343
291 378
291 485
291 519
291 651
291 683
291 736
291 927
291 980
292 715
292 587
292 853
292 537
292 315
292 714
292 829
292 859
292 367
292 678
292 340
292 447
292 669
292 789
293 696
293 684
293 959
293 830
293 320
293 501
293 727
293 389
293 407
293 373
293 299
293 303
293 388
293 408
293 433
293 434
293 479
293 566
293 655
293 762
293 832
293 931
294 589
294 521
294 659
294 919
294 480
294 529
294 620
294 697
294 961
294 962
295 752
295 617
295 650
295 324
295 725
295 812
295 492
295 920
295 490
295 507
295 914
296 422
296 844
296 372
296 384
296 313
296 319
296 390
296 441
296 690
296 769
296 813
296 921
296 941
297 875
297 659
297 872
297 424
297 306
297 348
297 477
297 492
297 600
297 739
297 745
297 871
297 919
297 977
298 867
298 602
298 412
298 680
298 785
298 468
298 608
298 967
298 437
298 440
298 498
298 584
298 722
298 790
298 892
298 971
299 994
299 713
299 320
299 774
299 716
299 669
299 922
299 301
299 549
299 668
299 788
299 816
299 907
299 911
299 950
300 839
300 976
300 997
300 960
300 469
300 769
300 439
300 895
300 953
301 986
301 580
301 831
301 746
301 433
301 994
301 640
301 811
301 348
301 715
301 816
301 875
302 636
302 669
302 369
302 815
302 758
302 616
302 789
302 410
302 941
302 313
302 867
302 924
302 370
302 609
302 586
302 683
302 690
302 699
302 770
302 801
302 954
303 854
303 956
303 419
303 337
303 357
303 884
303 341
303 355
303 521
303 622
303 669
303 911
304 664
304 417
304 459
304 438
304 812
304 982
304 845
304 399
304 436
304 395
304 365
304 864
305 825
305 971
305 917
305 938
305 307
305 314
305 469
305 478
305 548
305 574
305 633
305 680
305 844
305 967
306 621
306 416
306 522
306 472
306 824
306 881
306 854
306 715
306 819
306 467
306 589
306 615
306 958
306 760
306 865
306 321
306 422
307 376
307 445
307 722
307 904
307 423
307 429
307 450
307 455
307 487
307 597
307 669
307 743
307 750
307 772
307 786
307 857
307 953
308 691
308 604
308 520
308 992
308 337
308 501
308 784
308 365
308 885
308 911
308 312
308 871
308 531
308 801
308 404
308 525
308 707
308 745
308 778
308 929
309 947
309 556
309 586
309 319
309 340
309 427
309 544
309 569
309 669
309 670
309 734
309 753
309 813
309 829
309 840
310 921
310 669
310 383
310 814
310 813
310 818
310 451
310 466
310 491
310 850
310 365
310 403
310 569
310 781
310 840
311 872
311 836
311 970
311 411
311 489
311 670
311 389
311 631
311 669
311 718
311 592
311 921
311 412
311 425
311 762
311 809
311 829
311 883
311 932
312 512
312 581
312 746
312 329
312 613
312 388
312 524
312 621
312 691
312 751
312 821
313 811
313 662
313 762
313 883
313 354
313 983
313 669
313 517
313 336
313 390
313 544
313 631
313 959
314 680
314 626
314 598
314 848
314 493
314 475
315 695
315 921
315 451
315 714
315 865
315 495
315 829
315 325
315 980
315 470
315 626
315 686
315 718
315 954
315 989
316 685
316 928
316 948
316 740
316 394
316 443
316 584
316 812
316 428
316 709
316 828
316 568
316 618
316 400
316 414
316 797
317 909
317 450
317 960
317 680
317 506
317 852
317 338
317 706
317 757
317 848
317 932
317 938
317 966
318 791
318 934
318 487
318 933
318 483
318 524
318 536
318 590
318 801
318 978
319 484
319 476
319 873
319 583
319 410
319 692
319 815
319 466
319 381
319 554
319 663
319 669
319 953
320 661
320 439
320 328
320 774
320 935
320 647
320 976
320 434
320 462
320 493
320 524
320 530
320 593
320 634
320 780
320 816
320 911
320 956
320 964
321 995
321 630
321 502
321 809
321 812
321 671
321 357
321 578
321 622
321 627
321 677
321 703
321 771
321 907
322 465
322 615
322 817
322 490
322 686
322 530
322 674
322 770
322 519
322 386
322 416
322 479
322 510
322 621
322 656
322 671
322 699
322 703
322 858
322 982
323 875
323 534
323 686
323 383
323 341
323 615
323 640
323 668
323 691
324 831
324 359
324 671
324 894
324 737
324 325
324 342
324 400
324 595
324 598
324 766
324 772
324 786
324 845
324 944
325 501
325 474
325 443
325 571
325 452
325 704
325 519
325 515
325 980
325 538
325 441
325 617
325 818
325 847
325 920
325 948
326 897
326 729
326 757
326 392
326 553
326 882
326 785
326 378
326 505
326 978
326 366
326 803
327 805
327 772
327 438
327 671
327 477
327 701
327 918
327 807
327 331
327 498
327 526
327 538
327 638
327 683
327 692
327 937
327 972
328 580
328 707
328 522
328 351
328 682
328 643
328 456
328 521
328 561
328 621
328 639
328 812
329 746
329 872
329 830
329 530
329 589
329 994
329 743
329 475
329 482
329 881
330 656
330 850
330 864
330 680
330 629
330 880
330 333
330 397
330 469
330 478
330 513
330 602
330 973
331 418
331 974
331 709
331 551
331 687
331 346
331 764
331 486
331 772
331 879
331 996
332 749
332 537
332 662
332 860
332 813
332 714
332 950
332 859
332 669
332 355
332 387
332 396
332 576
332 664
332 705
332 801
332 822
332 830
332 849
332 850
333 707
333 690
333 669
333 969
333 801
333 680
333 545
333 815
334 771
334 964
334 583
334 527
334 441
334 584
334 866
334 343
334 382
334 494
334 498
334 515
334 526
334 622
334 701
334 838
334 842
334 968
335 416
335 415
335 878
335 471
335 669
335 699
335 893
335 336
335 528
335 646
335 693
335 815
335 922
335 981
335 983
336 858
336 458
336 489
336 747
336 883
336 491
336 941
336 669
336 840
336 809
336 499
336 874
336 389
336 545
336 814
336 861
337 788
337 467
337 919
337 548
337 545
337 593
337 780
337 832
337 901
337 991
337 998
338 355
338 779
338 429
338 553
338 629
338 523
338 877
339 552
339 866
339 485
339 435
339 519
339 359
339 704
339 441
339 833
339 353
339 709
339 719
339 927
339 948
339 955
340 813
340 451
340 495
340 410
340 935
340 517
340 468
340 364
340 372
341 745
341 643
341 600
341 479
341 510
341 575
341 630
341 711
341 911
342 787
342 955
342 900
342 374
342 810
342 463
342 485
342 507
342 609
342 617
342 718
342 775
342 792
342 824
342 834
343 517
343 557
343 400
343 944
343 996
343 743
343 552
343 925
343 834
343 709
343 934
343 492
343 494
343 649
343 857
344 819
344 909
344 588
344 791
344 397
344 590
344 732
344 763
344 779
344 790
344 857
345 560
345 972
345 817
345 482
345 522
345 606
345 639
345 881
345 885
345 957
346 872
346 360
346 549
346 666
346 846
346 431
346 443
346 563
346 693
346 719
346 768
346 773
346 820
347 571
347 629
347 608
347 442
347 358
347 349
347 487
347 500
347 529
347 594
347 633
347 750
347 782
347 783
347 785
347 800
347 843
348 351
348 906
348 659
348 824
348 430
348 408
348 357
348 620
348 648
348 684
348 711
348 733
348 832
349 946
349 785
349 877
349 967
349 934
349 783
349 368
349 606
349 748
349 790
349 800
349 870
349 994
350 587
350 738
350 897
350 776
350 836
350 762
350 981
350 573
350 664
351 784
351 534
351 952
351 713
351 424
351 700
351 650
351 561
351 578
351 646
351 844
352 994
352 589
352 758
352 740
352 432
352 386
352 581
352 625
352 711
352 819
352 830
352 958
353 669
353 749
353 946
353 423
353 473
353 404
353 783
353 546
353 535
353 846
353 638
353 399
353 442
353 717
353 768
354 698
354 809
354 670
354 438
354 447
354 470
354 614
354 669
354 829
354 900
354 932
355 490
355 560
355 668
355 931
355 596
355 733
355 824
355 697
355 422
355 884
355 709
355 653
355 365
355 486
355 580
355 656
355 952
356 806
356 367
356 663
356 855
356 762
356 406
356 669
356 528
356 950
357 700
357 495
357 416
357 433
357 522
357 580
357 610
357 646
357 774
357 821
357 824
357 928
357 930
357 986
357 995
358 856
358 894
358 523
358 432
358 504
358 608
359 696
359 516
359 556
359 829
359 564
359 650
359 834
359 787
359 825
359 385
359 837
359 441
359 614
359 757
359 781
359 799
359 886
360 711
360 885
360 684
360 958
360 929
360 998
360 756
360 808
360 488
360 630
360 659
360 703
360 824
361 824
361 878
361 925
361 441
361 607
361 834
361 693
361 609
361 845
361 951
361 431
361 452
361 492
361 847
362 878
362 511
362 392
362 450
362 574
362 518
362 990
362 759
362 376
362 480
362 506
362 653
362 627
362 648
362 674
362 722
362 754
362 891
362 912
363 534
363 452
363 730
363 622
363 541
363 741
363 689
363 382
363 494
363 498
363 543
363 584
363 701
363 739
364 669
364 873
364 425
364 924
364 447
364 892
364 403
364 459
364 477
364 539
364 542
364 601
364 631
364 714
364 863
364 932
364 941
365 696
365 817
365 561
365 401
365 894
365 480
365 529
365 624
365 703
365 881
365 998
366 512
366 441
366 773
366 866
366 671
366 736
366 452
366 485
366 557
366 564
366 687
366 839
366 940
366 948
367 631
367 531
367 628
367 567
367 947
367 669
367 545
367 813
367 368
367 569
368 416
368 891
368 601
368 782
368 648
368 890
368 590
368 448
368 451
368 551
368 597
368 606
368 717
368 783
368 786
368 869
368 909
368 934
368 986
369 559
369 924
369 642
369 796
369 381
369 403
369 476
369 823
369 975
369 983
370 669
370 557
370 517
370 585
370 671
370 740
370 978
371 931
371 776
371 669
371 835
371 471
371 878
371 695
371 818
371 840
371 827
371 533
371 947
371 546
371 680
371 418
371 447
371 493
371 502
371 613
371 767
371 989
372 589
372 988
372 542
372 714
372 646
372 883
372 839
372 383
372 950
372 567
372 603
372 657
372 669
373 769
373 598
373 680
373 939
373 874
373 990
373 791
373 392
373 523
373 744
373 753
373 757
373 822
373 846
373 961
374 997
374 432
374 618
374 426
374 525
374 614
374 653
374 680
374 706
374 966
375 991
375 760
375 524
375 784
375 453
375 680
375 745
376 398
376 783
376 891
376 448
376 503
376 608
376 624
376 641
376 769
376 772
376 779
376 857
376 938
376 973
377 754
377 618
377 870
377 550
377 506
377 862
377 976
377 481
377 518
377 538
377 574
377 598
377 793
377 852
378 716
378 721
378 794
378 732
378 759
378 903
378 680
378 870
378 423
378 843
378 876
378 933
378 996
379 893
379 585
379 632
379 914
379 448
379 441
379 443
379 555
379 595
379 623
379 791
379 851
379 887
379 888
379 919
379 963
379 982
380 386
380 609
380 557
380 743
380 812
380 687
380 781
380 908
380 393
380 571
380 683
381 998
381 696
381 508
381 586
381 434
381 561
381 565
381 652
381 907
381 987
382 501
382 886
382 744
382 920
382 584
382 799
382 385
382 923
382 775
382 486
382 463
382 474
382 643
382 766
383 854
383 942
383 435
383 403
383 453
384 669
384 865
384 385
384 460
384 470
384 518
384 539
384 599
384 648
384 692
384 861
384 883
384 947
384 989
385 723
385 772
385 841
385 976
385 438
385 444
385 482
385 687
385 775
385 810
385 916
385 940
385 999
386 961
386 832
386 780
386 619
386 621
386 610
386 824
386 560
386 803
386 392
386 388
386 430
386 657
386 844
386 893
387 970
387 808
387 669
387 458
387 544
387 667
387 672
387 678
387 801
387 809
387 822
387 860
387 873
387 937
388 634
388 416
388 994
388 906
388 456
388 995
388 422
389 827
389 751
389 878
389 905
389 396
389 631
389 865
389 812
389 410
389 508
389 573
389 889
389 918
389 947
389 969
390 981
390 669
390 396
390 616
390 537
390 699
390 856
390 576
390 466
390 528
390 628
390 945
390 947
391 591
391 453
391 418
391 458
391 572
391 636
391 667
391 696
391 738
391 751
391 838
391 839
391 865
392 659
392 923
392 996
392 473
392 915
392 903
392 785
392 487
392 499
392 512
392 525
392 744
392 745
392 759
392 782
392 786
392 843
392 993
393 586
393 637
393 574
393 680
393 960
393 999
393 404
393 666
393 742
393 757
393 820
393 947
393 953
394 930
394 681
394 837
394 405
394 552
394 538
394 540
394 400
394 477
394 632
394 736
394 804
394 812
394 901
395 406
395 551
395 536
395 852
395 597
395 550
395 761
395 862
395 976
395 413
395 432
395 478
395 638
395 901
396 738
396 839
396 718
396 835
396 576
396 495
396 669
396 803
396 542
396 692
397 496
397 951
397 676
397 953
397 722
397 757
397 978
397 565
397 629
397 759
397 912
397 917
398 806
398 765
398 716
398 780
398 424
398 943
398 802
398 408
398 430
398 656
398 817
399 577
399 868
399 432
399 735
399 429
399 967
399 481
399 891
400 709
400 974
400 805
400 820
400 729
400 517
400 925
400 798
400 886
400 492
400 507
400 574
400 698
400 724
401 804
401 580
401 521
401 702
401 549
401 510
401 713
401 733
401 474
401 778
401 830
402 669
402 867
402 477
402 719
402 787
402 452
402 775
402 555
402 673
402 886
402 918
402 944
402 948
403 705
403 723
403 839
403 572
403 471
403 669
403 531
403 689
403 759
403 466
403 567
403 758
404 483
404 891
404 680
404 526
404 869
404 917
405 910
405 897
405 921
405 543
405 526
405 551
405 552
405 658
405 725
405 740
405 865
406 921
406 669
406 795
406 754
406 411
406 532
406 603
406 692
406 762
406 822
406 904
406 947
407 906
407 434
407 920
407 797
407 689
407 948
407 543
407 766
407 928
407 431
407 588
407 496
407 641
407 712
407 842
407 980
407 984
408 682
408 659
408 490
408 696
408 549
408 615
408 858
408 561
408 575
408 905
408 690
408 629
408 716
408 760
408 774
408 829
409 655
409 849
409 756
409 847
409 605
409 563
409 799
409 683
409 522
409 625
409 744
409 968
409 974
410 942
410 667
410 669
410 703
410 731
410 867
410 934
411 471
411 662
411 666
411 690
411 935
412 681
412 415
412 799
412 726
412 915
412 445
412 536
412 511
412 680
412 877
412 843
412 442
412 574
412 481
412 561
412 638
412 669
412 768
412 807
412 825
413 447
413 725
413 848
413 442
413 800
413 857
413 487
413 680
413 598
413 468
413 579
413 748
413 877
414 741
414 551
414 463
414 916
414 492
414 812
414 503
414 509
414 649
414 766
414 833
414 965
414 984
415 734
415 827
415 718
415 628
415 669
415 754
415 502
415 508
415 699
415 793
415 796
415 942
416 930
416 674
416 962
416 575
416 794
416 422
416 506
416 514
416 599
416 643
416 659
416 669
416 771
416 821
416 979
416 991
416 992
417 634
417 457
417 798
417 974
417 498
417 551
417 552
417 563
417 650
417 685
417 701
417 719
417 812
417 866
417 980
418 883
418 827
418 421
418 601
418 654
418 763
418 964
419 529
419 640
419 778
419 596
419 430
419 456
419 465
419 524
419 632
419 744
419 817
420 937
420 834
420 498
420 435
420 437
420 485
420 516
420 725
420 764
420 850
420 918
420 985
421 482
421 770
421 813
421 763
421 508
421 728
421 449
421 607
421 837
421 667
421 681
421 715
421 756
421 888
422 875
422 957
422 831
422 446
422 885
422 549
422 610
422 639
422 836
422 557
422 600
422 684
422 755
423 859
423 799
423 933
423 913
423 629
423 726
423 848
423 779
423 590
423 915
423 440
423 648
423 454
423 901
423 462
423 523
423 558
424 911
424 578
424 819
424 865
424 946
424 510
424 520
424 593
424 684
424 846
424 919
424 929
425 802
425 669
425 458
425 572
425 770
425 796
425 809
425 822
425 829
426 790
426 553
426 557
426 635
426 637
426 652
426 705
426 915
426 946
427 567
427 770
427 989
427 905
427 793
427 476
427 510
427 542
427 545
427 559
427 645
427 669
427 725
427 827
428 650
428 985
428 474
428 517
428 521
428 568
428 671
428 838
428 895
428 908
428 982
428 996
429 802
429 756
429 732
429 915
429 876
429 480
429 742
429 743
429 769
429 946
429 979
430 521
430 998
430 465
430 598
430 580
430 600
430 624
430 684
430 716
430 821
430 911
430 961
431 930
431 435
431 455
431 515
431 492
431 555
431 595
431 607
431 623
431 648
431 709
432 883
432 500
432 440
432 951
432 606
432 525
432 742
432 800
432 807
432 816
432 859
432 894
432 938
433 995
433 739
433 600
433 987
433 675
433 768
433 990
433 512
433 521
433 765
433 991
434 784
434 474
434 512
434 624
434 634
434 697
434 778
434 843
434 943
434 964
435 734
435 607
435 792
435 837
435 887
435 459
435 842
435 925
436 976
436 759
436 546
436 579
436 684
436 844
436 896
436 917
437 669
437 773
437 782
437 638
437 800
437 598
437 732
437 618
437 565
437 660
437 731
437 874
437 933
438 834
438 980
438 459
438 823
438 687
438 985
438 605
438 486
438 617
438 930
439 958
439 498
439 773
439 467
439 472
439 501
439 578
439 657
439 698
439 713
439 784
439 851
439 959
439 961
440 588
440 680
440 706
440 626
440 912
440 469
440 553
440 653
440 694
440 857
441 486
441 609
441 492
441 632
441 914
441 650
441 452
441 455
441 485
441 666
441 744
441 795
441 992
442 988
442 633
442 990
442 892
442 852
442 493
442 445
442 524
442 547
442 565
442 685
442 709
442 754
442 768
442 823
442 957
442 970
443 513
443 585
443 895
443 543
443 584
443 454
443 960
443 540
443 651
443 763
444 508
444 502
444 835
444 591
444 542
444 818
444 447
444 470
444 554
444 592
444 660
444 789
444 801
444 822
444 849
445 706
445 450
445 588
445 481
445 506
445 800
445 953
445 971
445 998
446 560
446 963
446 763
446 673
446 456
446 554
446 615
446 624
446 630
446 639
446 807
446 995
447 669
447 840
447 937
447 813
447 699
447 752
447 975
448 798
448 608
448 877
448 927
448 917
448 523
448 602
448 645
448 648
448 726
448 790
448 813
449 496
449 813
449 539
449 937
449 529
449 568
449 667
449 679
449 705
449 767
449 803
449 811
449 815
449 897
449 941
449 969
450 950
450 800
450 912
450 791
450 953
450 602
450 518
450 568
450 635
450 810
450 916
451 583
451 569
451 613
451 531
451 452
451 787
451 460
451 499
451 528
451 552
451 576
451 669
451 685
451 782
452 897
452 893
452 622
452 982
452 486
452 552
452 517
452 741
452 895
452 563
452 792
452 974
453 669
453 818
453 762
453 809
454 558
454 547
454 473
454 870
454 662
454 759
454 800
454 898
454 909
454 994
455 727
455 993
455 982
455 543
455 812
455 584
455 551
455 813
455 894
455 983
456 885
456 806
456 854
456 998
456 907
456 593
456 693
456 648
456 659
456 667
457 491
457 677
457 813
457 836
457 856
457 861
457 863
457 968
458 663
458 662
458 586
458 651
458 470
458 591
458 796
458 895
459 965
459 463
459 492
459 585
459 712
459 744
459 764
460 698
460 987
460 762
460 681
460 767
460 822
460 556
460 496
460 747
460 951
460 483
460 680
461 771
461 867
461 680
461 635
461 468
461 558
461 547
461 722
461 779
461 901
461 917
461 936
461 958
461 960
462 960
462 679
462 614
462 473
462 469
462 786
462 982
463 632
463 563
463 914
463 886
463 492
463 812
463 982
464 569
464 752
464 762
464 559
464 466
464 591
464 781
464 910
464 925
464 950
464 959
464 986
465 774
465 520
465 534
465 553
465 580
465 698
465 926
465 964
466 669
466 758
466 574
466 646
466 878
466 983
467 765
467 521
467 902
467 524
467 678
467 774
467 901
467 972
468 713
468 720
468 848
468 870
468 971
468 588
468 487
468 769
468 943
469 565
469 769
469 558
469 939
469 782
469 891
469 915
469 515
469 806
469 830
469 869
469 978
470 685
470 969
470 583
470 672
470 667
470 932
470 592
470 537
470 856
470 836
470 749
470 669
470 767
470 826
470 860
470 935
470 941
471 654
471 932
471 558
471 814
471 897
471 926
472 561
472 655
472 745
472 510
472 804
472 885
472 958
472 698
472 501
472 607
472 639
472 640
472 691
472 713
472 788
472 823
472 871
472 955
473 615
473 654
473 866
473 680
473 768
473 896
473 890
473 574
473 676
473 785
473 927
473 945
473 966
473 967
474 621
474 625
474 931
474 675
474 987
474 575
474 817
474 501
474 557
474 661
474 818
474 832
475 832
475 861
475 796
475 877
475 735
475 768
475 810
475 523
475 535
475 598
475 629
475 874
475 879
475 896
476 835
476 669
476 613
476 572
476 695
476 801
476 495
476 808
476 814
477 650
477 775
477 651
477 965
477 914
477 773
477 503
477 552
477 609
477 612
477 693
477 704
477 724
477 823
477 864
477 866
477 974
477 984
478 927
478 794
478 890
478 506
478 612
478 750
478 807
478 861
478 967
479 707
479 858
479 514
479 668
479 854
479 522
479 767
479 840
479 570
479 619
479 716
479 745
479 754
479 911
479 964
480 969
480 890
480 663
481 887
481 706
481 880
481 971
481 574
481 680
481 748
481 588
481 546
481 611
481 694
481 717
481 732
481 750
481 768
481 846
481 882
481 978
482 691
482 802
482 774
482 947
482 518
482 717
482 546
482 620
482 821
482 844
482 866
482 952
482 958
483 746
483 535
483 536
483 635
483 939
483 676
483 791
483 505
483 915
483 779
483 876
483 891
483 927
483 946
484 926
484 957
484 507
484 511
484 732
485 687
485 551
485 940
485 515
485 918
485 797
485 895
485 838
485 527
485 787
485 509
485 694
485 507
485 649
485 666
485 781
485 814
485 866
485 972
486 920
486 866
486 538
486 922
487 522
487 772
487 633
487 579
487 602
487 608
487 680
487 913
487 550
487 759
487 779
487 869
487 922
487 976
488 957
488 656
488 697
488 858
488 596
488 701
488 620
488 661
488 682
488 696
488 698
488 749
489 809
489 975
489 669
489 718
489 981
489 835
489 915
489 751
489 827
489 865
489 950
490 931
490 522
490 621
490 716
490 745
490 561
490 501
490 554
490 512
490 580
490 653
490 711
490 806
491 567
491 669
491 670
491 747
491 758
491 763
491 969
492 804
492 620
492 695
492 764
492 834
492 825
492 900
492 563
492 607
492 632
492 923
493 580
493 770
493 822
493 954
493 803
493 648
493 945
493 870
493 536
493 742
493 779
494 622
494 725
494 837
494 842
494 563
494 737
494 799
494 894
494 899
494 996
495 849
495 756
495 752
495 883
495 586
495 894
495 614
495 714
495 921
495 975
496 627
496 669
496 950
496 801
496 822
496 537
496 923
496 501
496 581
496 601
496 690
496 809
496 954
497 704
497 982
497 955
497 513
497 607
497 920
497 940
497 993
498 669
498 662
498 568
498 925
498 833
498 689
498 848
498 687
498 724
498 777
499 789
499 826
499 539
499 664
499 669
499 723
499 752
499 883
500 604
500 660
500 892
500 846
500 939
500 519
500 648
500 671
500 750
500 874
501 930
501 610
501 596
501 643
501 652
501 703
501 713
501 858
501 962
501 994
502 831
502 811
502 770
502 902
502 835
502 669
502 776
502 545
502 628
502 670
502 723
502 861
503 515
503 671
503 555
503 982
503 540
503 708
503 740
503 787
503 888
504 681
504 891
504 978
504 870
504 680
504 660
504 648
504 546
504 876
504 550
504 706
504 742
504 812
504 831
504 900
505 633
505 653
505 761
505 768
505 887
505 904
505 915
506 951
506 550
506 645
506 721
506 652
506 732
506 779
506 794
506 870
506 880
506 917
507 856
507 509
507 729
507 900
507 607
507 812
507 865
507 920
507 947
507 965
508 662
508 672
508 677
508 631
508 669
508 743
508 651
508 588
508 532
508 542
508 582
508 654
508 731
508 855
509 832
509 743
509 526
509 948
509 866
509 914
509 622
509 913
509 864
509 886
510 830
510 661
510 817
510 654
510 540
510 938
510 882
510 611
510 702
510 703
510 952
511 536
511 990
511 768
511 588
511 612
511 669
511 679
511 717
511 720
511 722
511 754
511 800
511 810
511 876
511 913
511 918
511 951
512 589
512 957
512 831
512 561
512 816
512 866
512 597
512 675
512 844
512 848
512 911
513 900
513 564
513 773
513 610
513 647
514 715
514 872
514 745
514 621
514 943
514 916
514 624
514 765
514 782
514 806
514 961
515 795
515 772
515 916
515 584
515 632
515 687
515 736
515 900
515 949
516 713
516 817
516 777
516 549
516 715
516 560
516 611
516 659
516 698
516 724
516 774
516 959
516 977
517 669
517 847
517 842
517 894
517 737
517 605
517 536
517 540
517 562
517 649
517 744
517 798
517 823
518 744
518 903
518 680
518 594
518 553
518 577
518 723
518 748
518 779
518 933
518 966
519 684
519 774
519 731
519 948
519 799
519 828
519 571
519 725
519 820
519 893
519 922
520 581
520 875
520 979
520 986
520 643
520 655
520 926
520 522
520 760
520 956
520 756
520 596
520 691
520 729
520 751
520 788
520 830
520 878
521 977
521 765
521 777
521 647
521 560
521 591
521 655
521 668
521 711
521 830
521 881
521 919
521 958
522 986
522 684
522 604
522 919
522 575
522 959
522 700
522 694
522 636
522 659
522 661
522 682
522 715
522 931
522 977
523 844
523 565
523 786
523 735
523 694
523 618
523 966
523 590
523 614
523 748
523 753
523 759
523 880
523 934
524 713
524 674
524 643
524 697
524 707
525 664
525 747
525 852
525 848
525 803
525 901
525 721
525 843
525 680
525 635
525 696
525 892
526 586
526 805
526 825
526 850
526 895
526 908
526 781
526 527
526 965
526 633
526 623
526 798
526 894
527 584
527 850
527 834
527 650
527 595
527 607
528 669
528 801
528 591
528 950
528 695
528 853
528 767
528 569
528 836
528 846
528 924
529 952
529 745
530 640
530 964
530 926
530 774
530 942
530 828
530 938
530 614
530 678
530 754
530 781
530 986
531 695
531 664
531 669
531 860
531 556
531 613
531 835
531 728
531 833
531 896
531 545
531 566
531 628
531 752
531 789
531 961
532 835
532 669
532 747
532 533
532 586
532 878
532 562
532 809
532 905
533 884
533 822
533 861
533 613
533 691
533 752
533 873
534 620
534 995
534 702
534 600
534 885
534 684
534 830
534 964
534 882
534 668
534 674
534 697
534 859
534 998
535 658
535 976
535 629
535 706
535 680
535 761
535 603
535 638
535 676
535 720
535 750
535 760
535 890
535 933
536 997
536 846
536 638
536 679
536 594
536 579
536 680
536 696
536 722
536 868
536 897
537 603
537 669
537 749
537 762
537 814
537 856
537 861
537 867
538 738
538 944
538 792
538 900
538 879
538 985
538 719
538 735
538 541
538 641
538 730
538 845
538 847
538 908
539 664
539 678
539 654
539 677
539 809
539 840
539 889
540 704
540 687
540 841
540 820
540 680
540 940
541 605
541 984
542 956
542 950
542 763
542 896
542 808
542 845
542 859
542 935
543 765
543 974
543 833
543 893
543 689
543 764
543 899
543 933
543 973
544 747
544 728
544 835
544 881
544 946
545 813
545 822
545 924
545 669
545 853
545 954
545 752
545 681
545 870
545 882
546 869
546 570
546 618
546 876
546 759
546 790
547 627
547 680
547 658
547 676
547 694
547 786
548 942
548 990
548 786
548 577
548 676
548 629
548 757
549 926
549 872
549 958
549 965
549 565
549 778
549 879
549 920
550 777
550 880
550 791
550 939
550 973
550 558
550 960
550 803
550 901
550 739
550 757
550 857
550 898
550 953
551 605
551 641
551 671
551 622
551 686
551 690
551 893
551 925
552 944
552 736
552 799
552 612
552 668
552 701
552 709
552 719
552 805
552 953
553 601
553 602
553 750
553 721
553 927
553 653
553 717
553 754
553 800
553 865
553 945
554 669
554 905
554 738
554 577
554 586
554 727
554 758
554 808
555 775
555 737
555 571
555 708
555 742
555 771
555 814
555 868
556 878
556 690
556 669
556 727
556 641
556 663
556 723
556 728
556 808
556 888
557 923
557 773
557 633
557 571
557 644
557 669
557 797
557 800
557 847
557 914
557 916
557 928
558 606
558 768
558 680
558 794
558 874
558 785
558 588
558 653
558 880
558 648
558 783
558 633
558 759
558 760
558 786
558 869
558 890
558 951
558 978
559 977
559 673
559 897
559 664
559 704
559 598
559 738
560 659
560 575
560 832
560 774
560 919
560 929
561 930
561 959
561 691
561 688
561 615
561 861
561 984
561 777
561 815
562 700
562 669
562 731
562 749
562 587
562 573
562 942
563 829
563 644
563 772
563 712
563 647
564 741
564 632
564 641
564 647
564 744
564 812
564 900
565 903
565 870
565 857
565 862
565 922
565 999
566 821
566 875
566 710
566 806
566 784
566 581
566 991
566 698
566 801
566 589
566 778
566 879
567 690
567 669
567 849
567 942
568 632
568 605
568 595
568 609
568 985
568 996
569 718
569 853
569 945
569 572
569 613
569 669
569 829
569 989
570 915
570 846
570 786
570 898
570 679
570 900
570 933
571 719
571 622
571 607
571 649
572 697
572 839
572 587
572 752
572 669
572 893
572 751
573 816
573 776
573 889
573 669
573 915
573 592
573 628
573 695
573 758
573 762
573 770
573 793
573 981
574 722
574 679
574 912
574 869
574 590
574 976
574 577
574 754
574 846
574 880
575 819
575 698
575 620
575 657
575 710
575 844
575 919
575 936
576 734
576 727
576 954
576 631
576 669
576 808
576 662
577 904
577 862
577 601
577 629
577 635
577 680
577 720
577 750
577 929
578 929
578 655
578 621
578 684
578 959
578 991
578 580
578 596
578 688
578 710
578 936
579 864
579 754
579 614
579 680
579 997
579 601
579 938
580 986
580 958
580 621
580 656
580 688
580 994
580 596
580 610
580 784
580 919
581 995
581 871
581 733
581 951
581 596
581 696
581 715
581 867
581 881
582 599
582 583
582 789
582 669
582 770
582 781
582 654
582 855
582 873
583 988
583 902
583 954
583 685
583 752
583 836
583 971
583 690
583 767
583 811
583 924
583 984
584 914
584 825
584 781
584 683
584 736
584 850
584 948
585 609
585 737
585 925
585 980
585 982
586 757
586 669
586 692
587 977
587 859
587 669
587 703
587 728
587 796
587 822
587 878
587 900
587 964
587 989
588 735
588 870
588 876
588 978
588 648
588 800
588 869
588 904
588 934
589 746
589 994
589 625
589 875
589 698
589 716
589 708
589 843
589 643
589 715
589 819
590 848
590 870
590 754
590 785
590 966
590 614
590 721
590 825
590 852
591 813
591 714
591 669
591 836
591 949
591 829
591 654
591 849
591 628
591 670
591 613
591 636
591 826
591 937
592 698
592 636
592 628
592 634
592 669
592 765
592 883
592 946
593 911
593 964
593 889
593 856
593 600
593 885
593 952
594 791
594 898
594 637
594 629
594 862
594 880
594 946
594 974
595 700
595 804
595 780
595 815
595 920
595 879
595 622
595 996
595 833
595 729
595 741
596 777
596 817
596 861
596 686
596 787
597 801
597 735
597 626
597 846
597 633
597 673
597 898
597 917
597 966
597 973
598 612
599 702
599 634
599 958
599 926
599 746
599 656
599 885
599 600
599 791
599 697
599 931
599 961
600 745
600 780
600 817
600 929
600 698
600 905
600 841
600 945
601 923
601 785
601 810
601 869
601 896
601 680
601 694
602 680
602 626
602 631
602 700
602 732
602 825
602 852
602 862
602 897
603 654
603 822
603 829
603 669
603 628
603 811
603 759
603 681
603 801
604 936
604 821
604 983
604 698
604 752
604 830
604 948
604 998
605 914
605 799
605 927
605 687
605 775
605 795
605 797
605 812
605 968
606 831
606 785
606 759
606 903
606 720
606 904
607 856
607 899
607 609
607 632
607 900
608 951
608 786
608 653
608 679
608 813
608 904
608 917
608 999
609 622
609 838
609 653
609 781
609 787
609 925
609 930
609 952
609 980
609 982
609 985
610 831
610 710
610 696
610 804
610 627
610 943
610 903
610 735
610 713
611 634
611 911
611 620
611 844
611 652
611 757
611 697
611 751
612 669
612 965
612 968
612 918
612 798
612 805
612 836
612 894
613 801
613 665
613 628
613 669
613 836
613 975
614 981
614 766
614 971
614 735
614 852
614 892
614 680
614 721
614 732
615 765
615 907
615 688
615 677
615 968
615 938
615 657
615 703
615 707
615 819
615 906
616 824
616 865
616 669
616 815
616 878
617 662
617 982
617 683
617 900
617 618
617 685
617 887
617 895
618 912
618 846
618 658
618 857
618 680
618 742
618 794
618 860
619 919
619 627
619 691
619 745
619 778
619 684
619 659
619 731
619 916
619 775
619 707
619 710
619 743
619 774
619 885
619 930
619 951
620 832
620 739
620 804
620 714
620 713
620 844
620 957
621 858
621 866
621 892
621 710
621 844
621 929
621 940
622 682
622 836
622 840
622 704
622 650
622 644
622 708
622 735
622 823
622 956
623 982
623 838
623 980
623 805
623 917
623 764
623 787
623 847
623 925
624 830
624 858
624 682
624 972
624 888
624 788
624 819
625 986
625 995
625 636
626 909
626 807
626 726
626 676
626 782
626 848
626 934
626 990
627 784
627 926
627 809
627 637
627 711
627 830
627 843
627 930
628 943
628 815
628 902
628 897
628 829
628 942
628 680
629 958
629 896
629 990
629 933
629 667
629 680
629 735
629 753
629 798
629 869
629 904
629 917
629 927
629 939
630 674
630 931
630 994
630 739
630 817
630 698
630 986
630 669
630 746
630 830
631 751
631 811
631 809
631 988
631 793
631 941
632 947
632 818
632 916
632 820
632 737
632 666
632 823
632 893
633 683
633 720
633 862
633 785
633 679
633 753
633 868
634 844
634 733
634 991
634 849
634 831
635 812
635 753
635 694
635 748
635 976
635 680
635 761
635 946
635 979
636 713
636 963
636 854
636 668
636 961
636 987
636 716
636 941
636 669
636 688
636 711
636 773
636 802
636 919
636 943
636 992
637 917
637 890
637 882
637 653
637 680
637 720
637 742
637 757
637 913
638 800
638 726
638 783
638 904
638 669
639 777
639 659
640 824
640 991
640 986
640 884
640 787
640 661
640 956
640 964
641 655
641 787
641 948
641 847
641 799
641 730
641 965
641 916
641 888
641 766
642 667
642 728
642 679
643 814
643 976
643 703
643 824
643 963
643 991
644 691
644 984
644 864
644 893
644 701
644 772
644 671
644 689
644 699
644 899
644 948
644 992
645 770
645 647
645 786
645 648
645 676
645 732
645 757
645 913
646 669
646 981
646 835
646 752
646 997
646 705
646 737
647 879
647 701
647 862
647 771
647 894
647 918
647 956
647 979
648 840
648 864
648 803
648 726
648 680
648 999
648 880
648 913
649 711
649 908
649 805
649 940
650 697
650 737
650 920
651 908
651 687
651 709
651 923
651 736
651 779
651 842
651 870
651 879
651 898
652 882
652 680
652 876
652 761
652 870
652 978
653 893
653 882
653 720
653 869
653 658
653 735
654 752
654 950
654 829
654 756
654 895
654 873
654 935
654 954
654 982
655 947
655 768
655 711
655 770
655 778
655 941
655 943
655 961
656 788
656 819
656 688
656 821
656 986
656 854
656 755
656 962
656 998
657 994
657 682
657 858
657 906
657 675
657 755
657 780
657 987
658 726
658 742
658 786
658 669
658 761
658 877
658 938
658 946
658 973
658 992
659 956
659 831
659 698
659 910
659 725
659 869
659 733
659 830
659 962
660 680
660 846
660 866
660 870
660 880
661 802
661 832
661 819
661 684
661 799
661 831
661 859
661 948
661 972
662 983
662 720
662 669
662 690
662 756
662 801
662 808
662 871
663 961
663 889
663 949
663 849
663 669
663 726
663 688
663 697
663 699
663 727
663 738
663 861
664 669
664 899
664 752
664 902
664 949
665 818
665 714
665 859
665 849
665 969
665 669
665 850
665 723
666 833
666 820
666 894
666 900
666 794
666 726
666 766
666 805
666 928
667 851
667 770
667 947
667 670
667 839
667 673
667 678
667 859
667 669
667 850
667 680
667 685
667 692
667 969
668 806
668 715
668 774
668 760
668 794
669 959
669 961
669 818
669 983
669 949
669 776
669 839
669 718
669 860
669 924
669 827
669 673
669 747
669 734
669 801
669 789
669 793
669 851
669 796
669 937
669 813
669 954
669 681
669 727
669 814
669 922
669 685
669 835
669 859
669 762
669 836
669 678
669 910
669 699
669 873
669 815
669 770
669 883
669 849
669 970
669 897
669 758
669 728
669 947
669 749
669 693
669 743
669 864
669 892
669 938
669 870
669 915
669 843
669 901
669 877
669 672
669 698
669 705
669 708
669 714
669 731
669 746
669 751
669 752
669 760
669 766
669 767
669 783
669 798
669 803
669 808
669 811
669 822
669 853
669 861
669 865
669 867
669 878
669 889
669 898
669 899
669 905
669 929
669 935
669 941
669 943
669 950
669 975
669 977
669 981
669 988
669 989
669 996
670 747
670 827
670 756
670 840
670 849
670 859
670 861
670 865
670 975
671 907
671 886
671 966
671 709
671 725
671 866
671 895
671 923
672 861
672 836
672 941
672 813
672 673
672 685
672 829
673 929
673 924
673 969
673 723
673 827
673 949
673 970
674 962
674 711
674 777
674 824
674 969
675 831
675 802
675 992
675 778
675 872
675 906
675 929
675 986
675 995
676 839
676 792
676 892
676 680
676 967
676 794
676 694
676 750
676 753
677 979
677 954
677 889
677 690
677 749
677 981
677 770
677 937
677 826
677 894
677 786
678 983
678 681
679 732
679 903
679 868
679 896
679 936
680 849
680 737
680 781
680 993
680 901
680 933
680 803
680 927
680 966
680 694
680 891
680 876
680 717
680 951
680 693
680 709
680 720
680 726
680 742
680 747
680 753
680 757
680 768
680 782
680 783
680 790
680 800
680 807
680 870
680 877
680 882
680 883
680 885
680 886
680 904
680 917
680 938
680 952
680 967
680 971
680 978
680 988
680 999
681 714
681 863
681 922
681 955
681 977
682 817
682 733
682 778
682 780
682 819
682 987
683 993
683 743
683 797
683 693
683 766
683 931
683 968
684 746
684 733
684 832
684 858
684 744
684 707
684 771
684 805
684 956
684 977
685 723
685 897
685 889
685 867
685 801
685 796
685 724
685 840
685 860
685 878
685 989
686 760
686 711
686 871
686 830
686 963
686 929
687 955
687 773
687 948
687 823
687 820
687 928
688 696
688 715
688 745
688 796
688 706
688 710
688 871
689 923
689 772
689 914
689 955
689 694
689 701
689 730
689 743
689 845
689 905
689 980
690 983
690 975
690 796
691 802
691 715
692 699
692 937
692 970
693 845
694 968
694 726
694 732
694 786
694 810
694 843
694 874
694 934
694 978
695 814
695 782
695 705
695 811
695 827
695 924
696 930
696 711
696 745
696 956
696 702
696 725
696 779
696 957
697 715
697 784
698 745
698 823
699 827
699 958
699 981
700 986
700 881
700 918
700 821
701 986
701 893
701 781
701 775
701 918
701 773
701 915
701 807
702 881
702 995
702 760
702 858
702 907
702 972
702 998
703 992
703 991
703 707
704 818
704 968
704 744
704 712
704 730
704 740
704 812
704 845
705 981
706 769
706 788
706 852
706 933
707 956
707 926
707 770
707 804
707 844
707 991
708 980
708 894
708 833
708 925
708 713
708 825
708 974
709 812
709 866
709 753
709 766
709 845
710 906
710 956
710 964
710 804
710 907
710 911
710 917
710 962
711 871
711 777
711 986
711 911
711 872
711 979
711 778
711 875
711 891
711 885
712 818
712 795
713 963
713 885
713 745
713 746
713 821
713 931
713 962
714 935
714 839
714 724
714 890
714 752
714 894
715 963
715 994
715 906
715 836
715 881
715 977
716 819
716 854
716 906
716 952
716 802
716 740
716 911
716 992
717 779
717 722
717 735
717 754
717 800
717 843
718 727
718 758
718 738
718 826
718 924
718 941
718 970
719 823
719 772
719 914
719 984
720 849
720 790
720 917
720 945
720 823
721 768
721 732
722 802
722 877
722 769
722 913
722 953
722 882
722 992
723 762
723 790
723 826
724 856
724 900
724 847
724 799
724 993
724 775
725 921
725 736
725 834
725 849
726 810
726 934
726 967
727 749
727 815
727 734
727 955
727 981
727 988
728 860
729 746
729 847
729 773
729 781
729 893
730 772
730 792
730 734
730 837
730 866
730 916
731 809
731 954
731 847
731 789
731 932
731 989
732 751
732 846
732 779
733 957
733 830
733 772
733 821
734 878
734 947
734 981
734 747
735 868
735 768
735 810
735 753
735 852
736 825
736 772
737 795
737 781
737 805
737 812
737 833
737 984
738 815
738 818
738 829
738 843
739 765
739 774
739 907
739 810
739 788
739 838
740 985
740 920
740 792
740 955
741 886
741 847
741 940
741 892
742 769
742 939
742 945
743 847
743 864
743 918
744 955
744 923
745 771
745 943
745 912
745 991
746 844
746 906
746 961
746 972
747 855
747 859
747 751
747 942
747 759
747 767
748 817
748 876
748 791
749 793
749 815
749 751
749 756
749 811
749 929
749 989
751 922
751 954
751 889
751 838
752 932
752 829
752 809
752 988
752 826
753 953
753 901
753 938
753 890
753 757
753 962
753 967
754 804
754 775
754 882
754 898
754 876
754 791
754 868
755 784
755 858
755 844
755 914
755 772
755 906
755 972
756 758
756 836
756 840
756 922
757 794
757 868
757 892
757 934
757 848
757 810
758 863
758 862
758 935
758 950
758 970
759 915
760 802
760 972
760 806
760 881
760 932
760 933
760 956
761 823
761 933
761 896
761 953
761 951
762 897
762 856
762 877
762 827
762 947
763 883
763 878
763 935
763 983
764 974
764 996
764 900
764 901
765 991
765 881
765 969
765 854
766 861
766 797
766 841
766 984
766 982
766 898
766 773
766 795
766 866
767 983
767 856
768 882
768 927
768 786
768 862
769 882
769 984
770 818
770 859
770 927
770 963
771 919
771 876
771 780
771 830
771 842
771 929
772 918
772 797
772 773
772 965
772 969
773 795
773 837
773 838
773 775
773 781
773 820
773 864
773 934
774 858
774 788
774 819
774 821
775 850
775 955
775 890
775 787
775 826
776 975
776 809
777 797
777 889
777 979
778 808
778 964
779 801
779 938
779 882
780 995
780 858
780 831
780 804
780 854
780 871
780 956
780 962
780 994
781 986
781 879
781 887
781 834
781 797
781 864
781 894
781 925
782 825
782 880
782 966
782 783
783 862
783 904
784 992
784 804
784 858
784 956
784 958
784 964
785 787
785 877
785 786
785 798
785 800
785 810
786 919
786 877
786 903
786 869
786 977
787 988
787 887
787 879
787 825
787 834
787 830
787 837
787 971
788 958
788 865
788 919
789 989
789 836
789 818
789 861
789 808
789 863
790 872
790 810
790 945
791 860
792 984
792 798
792 823
792 968
793 936
793 921
793 931
794 997
794 858
794 939
794 990
794 999
795 914
795 882
795 821
795 841
795 845
795 984
796 989
796 836
796 970
796 945
796 852
796 954
797 878
797 982
797 990
797 867
797 955
798 985
798 834
798 908
798 825
798 820
799 805
799 883
799 930
799 933
799 940
800 913
800 803
800 876
800 997
801 808
801 815
801 878
802 987
802 963
802 832
802 885
802 961
803 843
803 860
803 966
803 990
804 819
804 990
805 825
805 923
805 916
806 832
806 922
806 972
807 969
807 915
807 810
808 924
808 981
809 818
810 882
810 896
810 930
810 938
810 967
811 970
811 883
812 955
814 926
814 951
814 989
815 840
815 889
815 856
815 859
815 861
816 858
816 957
816 824
816 872
816 881
816 884
816 983
817 964
817 958
818 856
818 851
819 991
820 893
820 948
820 923
820 941
821 961
821 837
822 910
822 856
822 900
822 947
823 894
823 988
824 957
824 931
824 961
824 968
824 994
825 881
825 985
825 900
825 920
825 984
826 937
826 924
827 840
827 974
828 887
828 894
828 993
829 969
829 853
829 935
830 991
830 871
830 995
830 907
830 874
830 881
832 972
832 854
832 964
833 985
833 887
834 841
834 877
834 895
834 944
834 993
835 988
835 950
836 983
836 988
837 982
837 944
837 900
838 872
838 863
839 932
839 859
839 840
840 853
840 935
841 877
841 985
842 859
842 893
842 847
842 940
843 898
843 915
843 848
843 933
843 957
844 929
844 961
844 972
845 895
846 891
846 903
846 966
846 930
846 960
846 986
847 918
847 961
848 868
848 913
848 978
849 981
849 947
849 865
849 883
850 918
850 914
850 985
851 863
851 981
852 912
853 865
853 954
853 910
853 855
853 982
853 882
853 949
855 915
855 950
856 859
857 945
857 915
858 919
858 930
860 921
860 935
861 988
861 883
861 924
861 950
861 863
861 935
861 942
862 892
863 947
863 910
863 983
864 985
864 886
864 925
864 888
865 873
866 908
867 937
867 947
867 969
868 961
869 913
869 934
869 880
870 884
870 953
870 960
870 969
871 979
871 964
871 987
871 906
871 971
871 992
872 884
872 969
873 878
873 970
874 901
874 877
874 915
874 966
875 884
875 956
877 971
879 982
879 893
879 996
880 938
880 997
882 890
883 902
883 922
884 977
886 928
886 997
887 928
887 982
888 894
888 901
888 953
888 979
891 904
892 915
893 940
893 948
894 914
895 944
895 996
896 971
896 898
896 978
898 974
898 960
898 967
899 928
900 976
900 925
901 997
901 913
902 914
902 953
903 978
904 913
904 960
904 966
904 999
905 910
905 971
906 986
907 957
907 930
908 937
908 968
909 939
909 945
909 971
910 987
910 970
910 944
910 919
910 924
910 968
911 995
911 961
911 936
912 917
912 966
913 976
913 915
913 942
915 933
915 967
916 974
917 953
918 994
919 982
920 926
920 982
920 996
921 942
923 984
924 981
925 940
925 944
925 982
926 952
926 987
927 966
927 990
928 985
928 974
929 995
929 961
930 986
931 956
933 953
933 973
934 951
936 964
936 995
936 959
938 944
939 957
940 968
941 983
941 971
942 950
943 959
944 990
945 973
945 966
948 974
948 968
952 991
954 979
955 974
957 961
958 987
959 963
960 966
961 962
963 995
966 990
968 980
971 973
971 976
973 981
973 978
974 982
976 986
979 987
980 993
982 984
990 997
