0 892
0 722
0 175
0 264
0 40
0 187
0 188
0 191
0 207
0 386
0 500
0 532
0 804
0 840
0 870
0 982
1 75
1 199
1 465
1 877
1 878
1 835
1 789
1 759
1 280
1 341
1 454
1 29
1 37
1 239
1 278
1 647
1 807
1 850
1 966
2 598
2 710
2 285
2 623
2 56
2 222
2 196
2 843
2 750
2 919
2 112
2 933
2 509
2 601
2 925
2 110
2 148
2 549
2 643
2 853
3 683
3 605
3 596
3 140
3 666
3 985
3 454
3 171
3 251
3 453
3 106
3 203
3 248
3 263
3 279
3 451
3 557
3 967
4 178
4 32
4 112
4 339
4 654
4 534
4 495
4 696
4 652
4 334
4 445
4 521
4 713
4 915
5 332
5 204
5 807
5 985
5 575
5 813
5 507
5 808
5 811
5 978
5 220
5 241
5 243
5 249
5 120
5 221
5 240
5 263
5 331
5 420
5 713
5 947
6 881
6 159
6 672
6 767
6 207
6 311
6 374
6 804
6 34
6 79
6 193
6 242
6 304
6 449
6 477
7 267
7 175
7 358
7 214
7 643
7 916
7 662
7 845
7 794
7 705
7 16
7 743
7 51
7 450
7 564
7 110
7 112
7 185
7 186
7 224
7 302
7 451
7 904
8 789
8 832
8 892
8 408
8 707
8 918
8 600
8 857
8 443
8 390
8 173
8 338
8 76
8 213
8 256
8 264
8 332
8 640
8 786
8 937
8 960
9 966
9 174
9 542
9 13
9 772
9 205
9 119
9 606
9 609
9 10
9 167
9 277
9 421
9 463
9 521
9 765
9 937
9 975
10 178
10 539
10 428
10 488
10 864
10 751
10 371
10 300
10 765
10 785
10 507
10 44
10 542
10 594
10 642
10 666
10 945
11 777
11 426
11 322
11 479
11 332
11 184
11 722
11 635
11 121
11 47
11 799
11 202
11 450
11 652
11 454
11 141
11 150
11 260
11 397
11 429
11 478
11 508
11 618
11 887
11 983
12 234
12 678
12 651
12 523
12 91
12 742
12 813
12 391
12 108
12 785
12 76
12 276
12 362
12 430
12 542
12 680
12 929
13 293
13 54
13 820
13 323
13 996
13 131
13 362
13 678
13 60
13 458
13 651
13 335
13 967
13 575
13 91
13 610
13 681
13 140
13 426
13 517
13 630
13 716
14 549
14 983
14 401
14 794
14 863
14 146
14 378
14 687
14 207
14 705
14 578
14 19
14 148
14 169
14 195
14 325
14 692
14 764
14 805
14 848
14 984
15 85
15 103
15 633
15 101
15 183
15 699
15 676
15 329
15 557
15 304
15 562
15 564
15 632
15 634
15 728
15 827
15 878
15 931
16 763
16 222
16 79
16 73
16 224
16 396
16 405
16 546
16 643
16 646
16 783
16 863
16 899
17 770
17 598
17 868
17 363
17 859
17 563
17 74
17 180
17 269
17 332
17 390
17 443
17 523
17 599
17 745
17 752
17 857
17 895
18 395
18 908
18 977
18 222
18 748
18 870
18 611
18 374
18 758
18 489
18 59
18 423
18 691
18 905
18 990
19 178
19 429
19 716
19 894
19 956
19 200
19 506
19 155
19 964
19 54
19 943
19 866
19 38
19 70
19 260
19 332
19 368
19 440
19 527
19 574
19 582
19 680
19 777
19 799
19 891
20 103
20 794
20 901
20 446
20 705
20 863
20 764
20 424
20 785
20 114
20 117
20 157
20 286
20 290
20 326
20 697
20 763
20 981
20 991
21 337
21 268
21 389
21 938
21 237
21 147
21 867
21 649
21 231
21 361
21 492
21 501
21 645
21 782
21 883
21 914
22 707
22 750
22 145
22 810
22 320
22 292
22 737
22 476
22 844
22 123
22 500
22 57
22 107
22 154
22 176
22 232
22 323
22 389
22 448
22 488
22 676
22 793
22 815
23 46
23 414
23 511
23 225
23 788
23 96
23 715
23 880
23 542
23 301
23 326
23 354
23 405
23 662
23 687
23 919
23 993
24 221
24 197
24 55
24 445
24 369
24 973
24 71
24 80
24 206
24 263
24 359
24 370
24 436
24 487
24 520
24 533
24 542
24 596
24 674
24 706
24 795
24 864
24 935
24 978
25 986
25 275
25 711
25 191
25 28
25 577
25 316
25 126
25 367
25 815
25 810
25 50
25 82
25 101
25 130
25 166
25 215
25 233
25 525
25 755
25 875
25 876
25 924
26 423
26 902
26 802
26 179
26 698
26 389
26 580
26 215
26 312
26 99
26 57
26 63
26 305
26 40
26 45
26 254
26 282
26 301
26 655
26 656
26 815
26 929
26 987
27 231
27 361
27 275
27 216
27 323
27 370
27 633
27 98
27 122
27 187
27 258
27 316
27 375
27 384
27 534
27 580
27 620
27 656
27 711
27 755
27 819
27 865
27 896
27 986
27 988
28 570
28 215
28 749
28 370
28 496
28 305
28 701
28 941
28 208
28 238
28 612
28 515
28 882
28 737
28 584
28 512
28 57
28 265
28 339
28 490
28 741
29 204
29 636
29 173
29 585
29 362
29 98
29 155
29 174
29 180
29 184
29 259
29 279
29 332
29 415
29 466
29 573
29 718
29 719
29 745
29 770
29 799
29 877
30 269
30 289
30 623
30 157
30 125
30 718
30 134
30 982
30 194
30 933
30 916
30 521
30 604
30 62
30 222
30 257
30 433
30 650
30 740
30 757
30 980
31 414
31 899
31 708
31 910
31 720
31 602
31 648
31 766
31 104
31 145
31 291
31 147
31 570
31 384
31 669
31 862
31 664
31 815
31 882
31 177
31 320
31 410
31 749
32 579
32 850
32 895
32 859
32 892
32 276
32 789
32 200
32 247
32 155
32 885
32 596
32 243
32 408
32 422
32 440
32 455
32 629
32 664
32 722
32 759
32 781
32 930
33 611
33 285
33 531
33 402
33 378
33 370
33 818
33 161
33 57
33 95
33 325
33 352
33 623
33 655
33 687
33 968
34 141
34 246
34 315
34 185
34 383
34 820
34 946
34 794
34 470
34 986
34 201
34 649
34 95
34 150
34 395
34 845
34 848
35 363
35 228
35 440
35 63
35 612
35 906
35 806
35 192
35 928
35 361
35 580
35 896
35 412
35 907
35 275
35 867
36 408
36 770
36 693
36 964
36 954
36 894
36 983
36 232
36 835
36 278
36 565
36 204
36 332
36 850
36 443
36 827
36 502
36 121
36 227
36 246
36 877
37 232
37 850
37 322
37 789
37 332
37 452
37 388
37 212
37 565
37 135
37 522
37 745
37 174
37 330
37 338
37 549
37 636
37 892
37 903
37 956
37 990
38 75
38 279
38 909
38 332
38 439
38 563
38 877
38 287
38 568
38 390
38 797
38 700
38 791
38 396
38 65
38 228
38 233
38 299
38 306
38 330
38 378
38 790
38 961
39 50
39 860
39 238
39 670
39 144
39 166
39 959
39 262
39 70
39 107
39 208
39 228
39 237
39 548
39 556
39 597
39 634
39 645
39 676
39 728
40 961
40 376
40 734
40 129
40 267
40 982
40 311
40 358
40 760
40 981
40 860
40 201
40 153
40 59
40 142
40 222
40 224
40 264
40 310
40 315
40 483
40 503
40 537
40 577
40 687
40 750
40 758
40 776
40 924
41 112
41 838
41 532
41 405
41 194
41 821
41 175
41 225
41 235
41 331
41 348
41 383
41 450
41 631
41 756
41 787
41 791
41 816
41 843
41 851
41 915
42 106
42 830
42 343
42 813
42 666
42 89
42 536
42 166
42 263
42 519
42 619
42 651
42 747
42 863
42 869
42 944
43 982
43 110
43 662
43 902
43 348
43 413
43 336
43 583
43 783
43 881
43 984
44 859
44 270
44 347
44 985
44 485
44 592
44 449
44 742
44 533
44 251
44 559
44 369
44 372
44 392
44 519
44 659
44 681
44 725
44 784
44 791
44 877
44 989
45 534
45 948
45 570
45 737
45 471
45 231
45 208
45 377
45 444
45 491
45 520
45 555
45 556
45 569
45 645
45 749
45 873
45 894
45 931
46 259
46 768
46 306
46 524
46 719
46 598
46 892
46 390
46 859
46 244
46 399
46 429
46 545
46 565
46 599
46 695
46 790
46 992
47 954
47 877
47 544
47 410
47 269
47 228
47 884
47 85
47 125
47 769
47 72
47 236
47 332
47 339
47 452
47 466
47 527
47 628
47 727
47 972
48 293
48 332
48 165
48 409
48 334
48 829
48 813
48 552
48 704
48 512
48 335
48 128
48 113
48 173
48 181
48 220
48 236
48 317
48 343
48 382
48 429
48 622
48 725
48 784
48 925
49 636
49 207
49 485
49 588
49 494
49 724
49 161
49 432
49 481
49 678
49 453
49 811
49 300
49 935
49 80
49 101
49 104
49 427
49 561
49 599
49 659
50 134
50 327
50 880
50 370
50 57
50 865
50 93
50 534
50 104
50 208
50 468
50 471
50 601
50 655
50 656
50 749
51 332
51 508
51 122
51 997
51 342
51 345
51 423
51 148
51 919
51 583
51 225
51 736
51 608
51 81
51 935
51 59
51 210
51 446
51 460
51 760
51 767
51 848
51 982
51 990
52 141
52 228
52 365
52 621
52 512
52 521
52 115
52 607
52 530
52 380
52 584
52 604
52 252
52 303
52 206
52 666
52 118
52 331
52 528
52 720
52 728
52 743
52 826
52 903
53 776
53 325
53 353
53 490
53 876
53 297
53 601
53 240
53 350
53 176
53 667
53 151
53 104
53 245
54 759
54 227
54 332
54 314
54 135
54 887
54 455
54 425
54 546
54 982
54 525
54 372
54 142
54 236
54 514
54 618
54 721
54 979
55 306
55 706
55 985
55 286
55 331
55 359
55 619
55 494
55 834
55 438
55 596
55 89
55 140
55 395
55 464
55 536
55 539
55 677
55 704
55 837
56 687
56 776
56 373
56 589
56 462
56 761
56 218
56 398
56 125
56 232
56 311
56 315
56 497
56 585
56 672
56 783
56 794
56 853
57 577
57 938
57 948
57 689
57 708
57 842
57 292
57 304
57 215
57 862
57 237
57 285
57 325
57 686
57 839
57 987
58 399
58 981
58 234
58 88
58 326
58 668
58 578
58 988
58 606
58 159
58 209
58 235
58 310
58 381
58 423
58 446
58 511
58 631
58 646
58 723
58 757
58 840
58 889
58 900
59 585
59 657
59 803
59 981
59 875
59 78
59 210
59 405
59 413
59 484
59 614
59 650
59 788
59 980
59 993
60 459
60 252
60 421
60 971
60 678
60 108
60 109
60 113
60 131
60 331
60 357
60 445
60 611
60 765
61 859
61 204
61 427
61 76
61 100
61 213
61 319
61 332
61 419
61 429
61 514
61 568
61 721
61 816
61 846
61 948
61 981
61 994
62 545
62 272
62 285
62 697
62 957
62 821
62 650
62 349
62 623
62 400
62 546
62 225
62 401
62 977
62 901
62 632
62 470
62 453
62 73
62 88
62 193
62 222
62 493
62 611
62 662
62 740
62 742
62 758
62 812
63 983
63 549
63 348
63 225
63 245
63 755
63 208
63 753
63 273
63 686
63 936
63 448
63 558
63 84
63 323
63 689
63 749
63 814
63 885
63 901
63 912
64 280
64 576
64 407
64 682
64 659
64 967
64 372
64 406
64 420
64 456
64 464
64 488
64 521
64 529
64 602
64 610
64 611
64 624
64 756
64 828
64 856
64 867
64 971
65 835
65 86
65 178
65 859
65 341
65 332
65 868
65 363
65 141
65 279
65 329
65 551
65 690
65 777
65 779
65 850
65 940
65 964
66 841
66 467
66 905
66 159
66 313
66 189
66 224
66 303
66 315
66 354
66 358
66 378
66 418
66 462
66 688
66 732
66 740
66 745
66 934
66 958
67 930
67 629
67 213
67 721
67 964
67 635
67 777
67 212
67 83
67 800
67 779
67 330
67 340
67 836
67 242
67 127
67 136
67 247
67 271
67 278
67 290
67 324
67 364
67 849
67 884
67 940
67 954
68 855
68 337
68 753
68 191
68 602
68 742
68 112
68 156
68 176
68 201
68 297
68 393
68 721
68 970
68 986
69 118
69 646
69 744
69 980
69 641
69 160
69 603
69 88
69 650
69 467
69 342
69 473
69 202
69 230
69 714
69 132
69 169
69 195
69 489
69 764
69 871
70 954
70 332
70 319
70 733
70 599
70 770
70 289
70 563
70 740
70 294
70 88
70 131
70 348
70 574
70 679
70 894
70 994
71 716
71 405
71 122
71 688
71 120
71 596
71 512
71 950
71 430
71 128
71 432
71 136
71 192
71 286
71 416
71 421
71 549
71 570
71 642
71 922
71 923
72 675
72 579
72 264
72 476
72 461
72 438
72 167
72 87
72 303
72 382
72 475
72 510
72 522
72 783
72 900
72 950
73 786
73 866
73 209
73 861
73 623
73 532
73 444
73 190
73 212
73 332
73 352
73 423
73 487
73 760
73 870
74 121
74 332
74 628
74 673
74 136
74 568
74 306
74 563
74 225
74 785
74 85
74 118
74 152
74 213
74 228
74 236
74 545
74 719
74 768
74 790
74 850
74 857
74 921
74 965
74 994
75 174
75 100
75 332
75 998
75 124
75 276
75 983
75 467
75 572
75 125
75 162
75 382
75 733
75 833
75 971
76 289
76 452
76 434
76 920
76 443
76 797
76 100
76 437
76 891
76 995
76 228
76 259
76 839
76 248
76 440
76 469
76 775
76 806
77 88
77 723
77 938
77 985
77 584
77 494
77 944
77 333
77 785
77 616
77 252
77 299
77 331
77 346
77 463
77 557
77 588
77 595
77 739
78 589
78 847
78 285
78 399
78 486
78 984
78 175
78 460
78 685
78 744
78 705
78 134
78 224
78 597
78 945
78 223
78 638
78 272
78 498
78 663
78 784
78 794
78 824
79 946
79 851
79 655
79 129
79 401
79 208
79 290
79 301
79 325
79 354
79 509
79 662
79 730
79 743
79 813
80 224
80 665
80 317
80 947
80 218
80 622
80 682
80 113
80 742
80 87
80 458
80 463
80 486
80 594
80 595
80 609
80 681
80 720
81 724
81 94
81 561
81 177
81 985
81 795
81 520
81 677
81 817
81 89
81 109
81 223
81 308
81 357
81 458
81 460
81 828
81 931
82 818
82 854
82 548
82 766
82 731
82 126
82 396
82 176
82 689
82 181
82 239
82 312
82 316
82 370
82 470
82 492
82 518
82 558
82 639
82 669
82 701
82 827
82 860
82 886
82 907
82 986
82 987
83 846
83 418
83 332
83 540
83 918
83 522
83 436
83 544
83 364
83 466
83 891
83 135
83 953
83 143
83 390
83 624
83 443
83 527
83 721
84 112
84 801
84 886
84 928
84 106
84 204
84 248
84 265
84 268
84 375
84 377
84 393
84 423
84 634
84 810
84 815
84 852
84 910
85 930
85 247
85 332
85 394
85 883
85 459
85 545
85 771
85 807
85 892
85 965
86 823
86 617
86 459
86 344
86 137
86 859
86 117
86 241
86 314
86 332
86 335
86 466
86 587
86 759
86 786
86 797
86 803
86 896
86 976
87 689
87 150
87 106
87 539
87 438
87 510
87 335
87 817
87 294
87 257
87 552
87 107
87 121
87 281
87 366
87 421
87 520
87 596
87 642
87 670
87 922
88 821
88 111
88 110
88 662
88 442
88 472
88 103
88 838
88 214
88 414
88 894
89 140
89 725
89 113
89 474
89 334
89 252
89 530
89 229
89 240
89 421
89 438
89 457
89 584
89 616
89 642
89 751
89 820
89 867
89 937
89 945
90 745
90 859
90 452
90 599
90 895
90 564
90 182
90 332
90 338
90 363
90 364
90 394
90 410
90 514
90 563
90 565
90 578
90 600
90 647
90 762
90 820
90 848
90 921
90 968
91 267
91 189
91 167
91 300
91 461
91 220
91 249
91 362
91 516
91 536
91 630
91 671
91 678
91 925
91 975
92 684
92 788
92 130
92 193
92 202
92 550
92 662
92 683
92 694
92 749
92 763
92 851
92 853
92 893
93 356
93 769
93 328
93 201
93 883
93 318
93 116
93 139
93 245
93 254
93 277
93 291
93 305
93 370
93 471
93 564
93 595
93 653
93 714
93 855
93 986
94 394
94 406
94 281
94 616
94 420
94 300
94 499
94 161
94 205
94 382
94 449
94 456
94 651
94 666
94 678
94 728
94 731
94 765
94 773
94 870
94 947
94 985
95 410
95 821
95 122
95 472
95 311
95 958
95 718
95 744
95 169
95 905
95 767
95 557
95 533
95 103
95 110
95 430
95 623
95 750
95 934
96 762
96 185
96 405
96 993
96 804
96 611
96 806
96 102
96 164
96 193
96 264
96 287
96 332
96 423
96 764
96 933
97 323
97 986
97 914
97 558
97 670
97 173
97 332
97 370
97 412
97 444
97 448
97 513
97 556
97 653
97 686
98 534
98 262
98 268
98 656
98 490
98 852
98 296
98 806
98 139
98 265
98 395
98 424
98 457
98 468
98 513
98 728
98 801
98 818
98 970
99 583
99 838
99 839
99 154
99 534
99 470
99 862
99 176
99 323
99 361
99 951
99 753
99 495
99 101
99 130
99 133
99 201
99 215
99 441
99 455
99 538
99 665
99 739
99 858
99 897
99 907
99 914
100 332
100 877
100 983
100 278
100 995
100 155
100 508
100 662
100 358
100 292
100 951
100 675
100 679
100 823
100 994
101 850
101 781
101 350
101 602
101 412
101 815
101 154
101 133
101 819
101 731
101 513
101 656
101 138
101 801
101 206
101 191
101 201
101 258
101 396
101 492
101 906
101 993
102 354
102 505
102 847
102 148
102 117
102 256
102 316
102 112
102 164
102 352
102 405
102 571
102 593
102 767
102 839
102 933
103 267
103 997
103 509
103 266
103 787
103 816
103 272
103 230
103 307
103 383
103 395
103 473
103 551
103 576
103 578
103 653
103 805
103 822
103 831
103 916
104 911
104 623
104 353
104 923
104 238
104 749
104 329
104 720
104 941
104 539
104 651
104 561
104 231
104 268
104 468
104 492
104 501
104 541
104 580
104 955
105 884
105 332
105 563
105 963
105 780
105 195
105 312
105 504
105 586
105 631
105 796
105 968
106 756
106 397
106 171
106 798
106 898
106 445
106 113
106 170
106 176
106 362
106 431
106 507
106 539
106 622
106 925
106 966
107 870
107 896
107 720
107 753
107 602
107 123
107 291
107 353
107 126
107 825
107 484
107 512
107 139
107 471
107 513
107 906
107 986
108 991
108 243
108 128
108 594
108 604
108 494
108 588
108 516
108 678
108 747
108 742
108 530
108 674
108 596
108 131
108 174
108 458
108 464
108 561
108 985
109 832
109 882
109 713
109 406
109 642
109 680
109 879
109 188
109 288
109 308
109 453
109 474
109 539
109 559
109 590
109 630
109 826
110 194
110 160
110 550
110 497
110 646
110 885
110 614
110 889
110 467
110 505
110 740
110 863
110 473
110 354
110 893
110 941
110 365
110 209
110 210
110 219
110 261
110 332
110 342
110 520
110 668
110 743
111 984
111 723
111 194
111 902
111 685
111 623
111 646
111 189
111 160
111 393
111 358
111 395
111 484
111 757
111 820
111 951
111 993
112 707
112 506
112 114
112 776
112 336
112 450
112 650
112 984
112 264
112 601
112 122
112 435
112 446
112 486
112 578
112 662
112 672
112 736
112 934
113 730
113 188
113 294
113 128
113 552
113 536
113 151
113 944
113 967
113 922
113 334
113 329
113 431
113 523
113 817
114 124
114 301
114 743
114 820
114 395
114 523
114 132
114 193
114 233
114 383
114 413
114 611
114 667
115 471
115 277
115 392
115 637
115 251
115 177
115 453
115 510
115 772
116 236
116 598
116 338
116 172
116 232
116 770
116 685
116 293
116 590
116 686
116 780
116 921
117 952
117 684
117 405
117 214
117 475
117 715
117 140
117 132
117 395
117 558
117 663
117 718
117 861
117 916
118 598
118 276
118 918
118 796
118 225
118 145
118 269
118 271
118 332
118 415
118 501
118 578
118 628
118 727
118 879
119 877
119 800
119 131
119 619
119 536
119 403
119 150
119 369
119 170
119 143
119 211
119 251
119 300
119 499
119 518
119 533
119 651
119 660
119 713
119 888
119 918
119 990
119 996
120 232
120 588
120 773
120 161
120 255
120 171
120 742
120 372
120 257
120 170
120 221
120 422
120 458
120 563
120 594
120 609
120 712
120 820
121 891
121 789
121 355
121 960
121 864
121 269
121 332
121 531
121 832
121 920
121 949
122 780
122 881
122 848
122 132
122 185
122 754
122 438
122 649
122 146
122 169
122 242
122 284
122 310
122 585
122 767
122 776
122 820
122 853
122 885
123 744
123 339
123 183
123 955
123 389
123 564
123 491
123 149
123 144
123 154
123 162
123 292
123 318
123 343
123 411
123 476
123 490
123 535
123 548
123 620
123 698
123 708
123 737
123 739
124 800
124 408
124 200
124 992
124 903
124 771
124 227
124 508
124 233
124 332
124 964
124 540
124 813
124 382
124 536
124 674
124 178
124 493
124 711
124 953
125 332
125 284
125 692
125 866
125 861
125 831
125 893
125 732
125 472
125 399
125 856
125 542
125 224
125 345
125 349
125 400
125 405
125 414
125 532
125 847
126 982
126 776
126 198
126 393
126 753
126 384
126 632
126 802
126 380
126 163
126 273
126 332
126 353
126 365
126 375
126 556
126 564
126 584
126 629
126 633
126 634
126 684
126 719
126 739
126 810
126 906
126 985
126 987
127 508
127 415
127 809
127 707
127 368
127 212
127 469
127 332
127 588
127 302
127 173
127 213
127 404
127 544
127 849
128 390
128 872
128 560
128 557
128 874
128 258
128 277
128 286
128 510
128 519
128 586
128 826
128 828
128 867
129 212
129 780
129 509
129 803
129 309
129 326
129 841
129 207
129 130
129 163
129 169
129 345
129 657
129 866
129 982
130 370
130 191
130 955
130 917
130 896
130 262
130 273
130 746
130 839
130 886
130 956
130 987
130 988
131 332
131 259
131 745
131 417
131 248
131 526
131 171
131 944
131 751
131 973
131 157
131 233
131 474
131 523
131 538
131 559
131 881
131 975
132 831
132 791
132 758
132 342
132 358
132 990
132 256
132 209
132 331
132 530
132 242
132 378
132 477
132 493
132 497
132 505
132 513
132 583
132 631
132 848
133 889
133 872
133 698
133 286
133 581
133 633
133 647
133 766
134 225
134 400
134 684
134 908
134 164
134 504
134 841
134 222
134 242
134 392
134 395
134 402
134 505
134 509
134 587
134 649
134 671
134 775
134 816
134 871
134 901
134 988
135 726
135 722
135 983
135 960
135 768
135 141
135 270
135 280
135 332
135 475
135 567
135 690
135 721
135 770
135 807
135 832
135 868
135 903
135 979
136 295
136 983
136 738
136 598
136 952
136 290
136 545
136 891
136 617
136 961
136 332
136 289
136 527
136 859
136 924
136 425
136 498
136 544
136 786
137 675
137 962
137 426
137 324
137 780
137 364
137 141
137 236
137 259
137 332
137 459
137 466
137 506
137 629
137 703
137 709
137 712
137 759
137 930
138 962
138 865
138 296
138 620
138 749
138 793
138 985
138 811
138 420
138 447
138 633
138 661
138 769
139 928
139 166
139 753
139 858
139 620
139 179
139 226
139 453
139 365
139 430
139 484
139 639
139 669
139 711
139 720
139 924
139 999
140 275
140 519
140 552
140 142
140 411
140 985
140 537
140 947
140 616
140 724
140 229
140 218
140 382
140 430
140 582
140 808
140 879
140 893
141 508
141 600
141 573
141 332
141 355
141 574
141 566
141 527
141 675
141 293
141 799
141 961
141 639
141 410
141 429
141 709
141 800
141 891
141 949
141 994
142 251
142 561
142 211
142 530
142 197
142 416
142 677
142 915
142 487
142 365
142 449
142 520
142 649
142 724
142 927
143 307
143 340
143 786
143 966
143 332
143 199
143 276
143 963
143 738
143 280
143 986
143 236
143 404
143 436
143 444
143 909
144 648
144 555
144 305
144 633
144 444
144 910
144 731
144 393
144 987
144 203
144 580
144 417
144 221
144 939
144 191
144 298
144 318
144 515
144 810
144 927
145 587
145 815
145 670
145 633
145 226
145 384
145 215
145 580
145 882
145 923
145 180
145 365
145 468
145 601
145 805
145 876
146 683
146 234
146 546
146 609
146 725
146 428
146 449
146 182
146 568
146 763
146 940
146 946
147 963
147 735
147 534
147 484
147 409
147 424
147 198
147 391
147 166
147 178
147 215
147 305
147 373
147 625
147 633
147 780
147 782
147 842
147 883
147 923
147 979
147 995
148 266
148 905
148 578
148 758
148 845
148 182
148 934
148 741
148 432
148 189
148 288
148 342
148 346
148 693
148 710
148 805
148 871
148 946
149 302
149 925
149 430
149 257
149 989
149 420
149 334
149 537
149 229
149 188
149 218
149 283
149 332
149 454
149 520
149 590
149 610
149 620
149 678
149 724
149 736
149 888
149 922
149 937
150 642
150 533
150 458
150 649
150 454
150 864
150 317
150 427
150 447
150 487
150 578
150 592
150 622
150 677
150 691
150 765
150 850
150 950
150 985
151 172
151 420
151 170
151 288
151 343
151 359
151 456
151 594
151 619
151 693
151 795
151 927
151 944
151 945
151 949
151 997
152 635
152 293
152 983
152 332
152 390
152 250
152 469
152 434
152 280
152 953
152 985
152 799
152 877
152 884
152 921
152 968
153 897
153 896
153 928
153 839
153 570
153 316
153 534
153 643
153 714
153 720
153 827
153 844
153 852
153 862
153 883
153 884
153 951
153 959
153 999
154 733
154 683
154 468
154 365
154 938
154 842
154 367
154 951
154 471
154 187
154 297
154 254
154 296
154 328
154 491
154 854
154 948
155 379
155 635
155 884
155 964
155 774
155 522
155 498
155 478
155 738
155 280
155 306
155 332
155 574
155 721
155 859
155 998
156 363
156 234
156 899
156 580
156 298
156 555
156 755
156 238
156 648
156 951
156 936
156 825
156 534
156 369
156 259
156 305
156 332
156 556
156 615
156 634
156 770
156 810
156 914
156 923
156 941
157 236
157 962
157 631
157 893
157 546
157 843
157 472
157 763
157 222
157 224
157 266
157 345
157 347
157 354
157 401
157 467
157 504
157 668
157 672
157 794
158 332
158 321
158 627
158 263
158 915
158 944
158 430
158 519
158 517
158 487
158 529
158 218
158 334
158 358
158 398
158 438
158 463
158 609
158 616
158 624
158 652
158 659
158 677
158 813
159 269
159 404
159 195
159 378
159 467
159 475
159 863
159 723
159 309
159 740
159 744
159 623
159 546
159 225
159 285
159 313
159 351
159 387
159 462
159 522
159 748
160 647
160 877
160 402
160 352
160 578
160 309
160 488
160 185
160 326
160 359
160 589
160 608
160 623
161 431
161 725
161 253
161 385
161 454
161 458
161 461
161 462
161 523
161 538
161 560
161 696
161 795
161 817
161 830
161 947
162 841
162 996
162 420
162 302
162 829
162 773
162 271
162 456
162 464
162 488
162 621
162 779
162 939
163 212
163 612
163 304
163 515
163 187
163 819
163 433
163 936
163 471
163 941
163 711
163 882
163 424
163 967
163 268
163 440
163 501
163 582
163 701
163 714
163 855
163 913
163 914
163 970
163 987
164 679
164 614
164 550
164 764
164 311
164 641
164 623
164 997
164 511
164 863
164 702
164 182
164 189
164 221
164 404
164 460
164 489
164 505
164 650
164 750
164 794
165 576
165 270
165 800
165 271
165 404
165 551
165 994
165 675
165 332
165 527
165 506
165 544
165 640
165 857
166 332
166 525
166 564
166 825
166 238
166 896
166 970
166 912
166 312
166 396
166 601
166 852
166 510
166 350
166 393
166 412
166 541
166 625
166 634
166 658
166 661
166 728
166 897
167 722
167 975
167 403
167 248
167 277
167 286
167 463
167 528
167 619
167 985
168 517
168 181
168 680
168 609
168 206
168 606
168 257
168 294
168 383
168 420
168 449
168 504
168 591
168 637
168 828
168 974
169 586
169 845
169 831
169 870
169 958
169 905
169 505
169 927
169 583
169 572
169 532
169 691
169 861
169 899
169 674
169 864
169 185
169 267
169 744
169 904
169 957
169 982
170 926
170 350
170 793
170 431
170 985
170 438
170 456
170 678
170 249
170 317
170 725
170 502
170 742
170 245
170 286
170 304
170 308
170 520
170 681
170 695
170 704
171 833
171 774
171 821
171 601
171 362
171 255
171 985
171 674
171 481
171 978
171 837
171 431
171 422
171 206
171 264
171 320
171 332
171 530
171 536
171 609
171 611
171 637
171 713
171 942
172 459
172 968
172 394
172 709
172 404
172 585
172 691
172 173
172 263
172 332
172 386
172 466
172 506
172 577
172 582
172 599
172 727
172 735
172 875
172 992
173 540
173 250
173 332
173 599
173 225
173 340
173 647
173 797
173 810
173 887
173 949
174 943
174 290
174 836
174 358
174 199
174 408
174 436
174 522
174 524
174 545
174 567
174 613
174 636
174 647
174 850
174 874
174 930
174 946
174 952
174 994
175 354
175 383
175 194
175 256
175 386
175 643
175 195
175 838
175 185
175 202
175 209
175 224
175 285
175 313
175 506
175 710
175 736
175 758
175 848
175 916
175 997
176 325
176 409
176 316
176 970
176 389
176 453
176 421
176 424
176 886
176 897
176 948
176 999
177 215
177 432
177 294
177 925
177 973
177 427
177 494
177 263
177 277
177 302
177 303
177 530
177 538
177 543
177 567
177 600
177 622
177 677
177 680
177 695
177 696
178 781
178 379
178 568
178 368
178 722
178 404
178 244
178 271
178 622
178 236
178 332
178 565
178 628
178 647
178 663
178 886
179 250
179 417
179 865
179 653
179 384
179 197
179 337
179 534
179 573
179 687
179 720
179 737
179 801
180 589
180 581
180 741
180 491
180 664
180 296
180 633
180 999
180 938
180 669
180 260
180 370
180 413
180 714
181 230
181 462
181 755
181 649
181 382
181 333
181 560
181 947
181 795
181 593
181 792
181 275
181 318
181 444
181 566
181 576
181 674
181 690
181 762
182 764
182 816
182 662
182 387
182 577
182 345
182 376
182 389
182 671
182 791
182 934
182 957
182 980
183 855
183 305
183 535
183 192
183 492
183 274
183 282
183 291
183 329
183 361
183 639
183 842
183 858
183 873
183 882
183 974
184 965
184 306
184 949
184 943
184 961
184 636
184 332
184 452
184 293
184 848
184 335
184 251
184 361
184 418
184 426
184 675
184 807
184 832
184 846
185 387
185 435
185 264
185 196
185 662
185 531
185 933
185 767
185 648
185 325
185 348
185 399
185 541
185 603
185 687
185 760
185 957
186 761
186 603
186 511
186 991
186 841
186 234
186 532
186 757
186 413
186 893
186 235
186 352
186 485
186 684
186 706
186 838
186 840
186 919
186 942
186 990
187 208
187 648
187 818
187 556
187 625
187 581
187 665
187 262
187 268
187 231
187 240
187 320
187 325
187 393
187 491
187 544
187 667
187 708
187 753
188 754
188 312
188 252
188 678
188 503
188 359
188 392
188 332
188 333
188 411
188 488
188 528
188 560
188 594
188 742
188 751
188 772
188 826
188 828
188 898
188 922
189 847
189 214
189 195
189 991
189 816
189 783
189 841
189 304
189 267
189 301
189 336
189 400
189 655
189 908
190 884
190 347
190 955
190 645
190 237
190 296
190 564
190 712
190 810
191 912
191 951
191 397
191 444
191 948
191 620
191 412
191 203
191 268
191 353
191 562
191 673
191 824
191 865
191 946
192 436
192 332
192 348
192 744
192 987
192 698
192 936
192 492
192 896
192 676
192 389
192 424
192 476
192 483
192 501
192 525
192 569
193 929
193 744
193 477
193 758
193 692
193 734
193 354
193 571
193 990
193 853
193 467
193 347
193 688
193 578
193 396
193 570
193 711
193 974
193 222
193 378
193 405
193 957
193 981
194 572
194 400
194 933
194 993
194 611
194 663
194 748
194 856
194 207
194 346
194 378
194 791
194 922
195 895
195 313
195 957
195 820
195 242
195 323
195 897
195 986
195 222
195 230
195 299
195 446
195 451
195 483
195 493
195 505
195 845
195 871
195 980
196 230
196 705
196 919
196 500
196 207
196 326
196 403
196 531
196 623
196 718
196 744
196 754
196 757
196 788
196 794
196 841
197 276
197 321
197 695
197 380
197 217
197 243
197 263
197 430
197 593
197 609
197 765
197 811
197 906
197 985
198 969
198 715
198 337
198 320
198 385
198 815
198 356
198 936
198 653
198 291
198 824
198 970
198 999
199 574
199 809
199 745
199 332
199 930
199 920
199 797
199 534
199 711
199 222
199 400
199 471
199 545
199 579
199 693
200 994
200 332
200 716
200 338
200 364
200 469
200 545
200 554
200 613
200 719
200 769
200 819
200 911
200 972
200 993
201 824
201 938
201 731
201 384
201 237
201 555
201 385
201 447
201 875
201 686
201 412
201 226
201 612
201 327
201 529
201 864
201 204
201 987
202 509
202 572
202 477
202 861
202 838
202 717
202 899
202 758
202 489
202 312
202 438
202 256
202 274
202 351
202 413
202 505
202 684
202 692
202 694
202 754
202 776
202 794
202 907
203 548
203 327
203 645
203 698
203 360
203 417
203 860
203 880
203 393
203 535
203 985
203 248
203 555
203 620
203 648
203 670
203 720
203 815
204 673
204 544
204 994
204 319
204 666
204 419
204 480
204 498
204 540
204 573
204 727
204 786
204 892
204 966
205 684
205 896
205 294
205 596
205 518
205 996
205 659
205 947
205 616
205 935
205 942
205 552
205 403
205 407
205 591
205 710
206 847
206 298
206 516
206 772
206 257
206 605
206 255
206 286
206 453
206 381
206 584
206 364
206 368
206 457
206 466
206 583
206 594
206 595
206 596
206 659
206 888
206 985
207 893
207 623
207 242
207 840
207 881
207 760
207 689
207 350
207 493
207 504
207 705
207 715
207 929
207 982
207 984
208 718
208 958
208 490
208 897
208 316
208 375
208 581
208 215
208 664
208 297
208 393
208 457
208 471
208 880
208 923
208 988
209 757
209 358
209 400
209 462
209 546
209 694
209 821
209 505
209 870
209 383
209 706
209 612
209 562
209 775
209 890
209 901
210 758
210 927
210 831
210 646
210 866
210 958
210 309
210 310
210 277
210 847
210 919
210 948
210 990
211 247
211 621
211 575
211 539
211 557
211 973
211 642
211 975
211 521
211 813
211 333
211 421
211 445
211 461
211 489
211 494
211 518
211 529
211 588
211 604
211 674
211 778
212 576
212 280
212 332
212 972
212 465
212 891
212 453
212 293
212 506
212 512
212 588
212 618
212 628
212 832
212 892
212 920
212 964
213 994
213 635
213 859
213 544
213 332
213 340
213 363
213 566
213 618
213 835
213 846
213 964
213 965
214 399
214 919
214 345
214 715
214 596
214 374
214 482
214 581
214 606
214 683
214 861
214 863
214 885
214 946
214 948
214 993
215 469
215 883
215 448
215 633
215 350
215 907
215 412
215 320
215 360
215 471
215 484
215 513
215 556
215 562
215 578
215 635
215 656
215 676
215 806
215 856
216 745
216 910
216 412
216 237
216 298
216 370
216 746
216 556
216 239
216 240
216 340
216 417
216 491
216 510
216 553
216 728
216 873
217 516
217 283
217 366
217 398
217 420
217 523
217 536
217 652
217 879
218 820
218 985
218 321
218 649
218 488
218 704
218 945
218 453
218 596
218 784
218 925
218 223
218 274
218 410
218 517
218 944
218 975
219 540
219 259
219 578
219 395
219 646
219 848
219 863
219 760
219 472
219 234
219 348
219 512
219 589
219 650
219 732
219 803
220 664
220 553
220 666
220 596
220 869
220 366
220 560
220 605
220 302
220 695
220 335
220 288
220 249
220 421
220 458
220 499
220 712
220 945
221 260
221 239
221 690
221 489
221 353
221 411
221 615
221 559
221 837
221 944
221 967
221 826
221 947
221 765
221 231
221 281
221 333
221 368
221 449
221 458
221 488
221 490
221 700
221 712
221 973
222 836
222 402
222 414
222 347
222 387
222 348
222 400
222 763
222 710
222 816
222 570
222 252
222 691
222 715
222 824
222 857
223 429
223 990
223 967
223 286
223 677
223 453
223 253
223 251
223 674
223 773
223 559
223 604
223 607
223 537
223 925
223 811
223 526
223 503
223 784
223 274
223 334
223 547
223 663
223 712
223 898
223 985
224 582
224 853
224 889
224 387
224 623
224 684
224 743
224 301
224 284
224 687
224 504
224 475
224 746
224 553
224 773
224 225
224 608
224 705
224 845
224 991
225 346
225 692
225 242
225 345
225 467
225 736
225 743
225 750
225 934
225 988
226 306
226 658
226 906
226 656
226 974
226 873
226 654
226 535
226 231
226 252
226 260
226 377
226 515
226 667
226 717
226 775
226 818
226 825
226 988
227 332
227 340
227 943
227 833
227 506
227 963
227 726
227 278
227 752
227 574
227 373
227 329
227 746
227 371
227 479
227 979
228 894
228 440
228 259
228 332
228 877
228 420
228 232
228 279
228 450
228 466
228 522
228 549
228 960
229 517
229 681
229 864
229 438
229 317
229 518
229 302
229 240
229 299
229 406
229 446
229 454
229 523
229 575
229 594
229 680
229 695
229 981
230 958
230 723
230 386
230 694
230 261
230 843
230 346
230 718
230 959
230 898
230 837
230 596
230 385
230 404
230 460
230 482
230 576
230 663
230 732
230 861
230 871
230 882
231 566
231 648
231 258
231 365
231 339
231 755
231 955
231 251
231 262
231 416
231 587
231 633
231 765
231 886
232 926
232 364
232 415
232 805
232 477
232 817
232 621
232 287
232 332
232 382
232 576
232 711
232 920
233 780
233 540
233 332
233 443
233 707
233 388
233 771
233 573
233 777
233 617
233 549
233 567
233 527
233 563
233 687
233 986
233 605
233 330
233 498
233 569
233 845
233 887
234 482
234 351
234 904
234 546
234 663
234 423
234 957
234 787
234 718
234 386
234 264
234 346
235 843
235 848
235 614
235 315
235 775
235 603
235 509
235 588
235 277
235 482
235 504
235 571
235 581
235 743
235 831
235 929
235 984
236 332
236 276
236 599
236 287
236 247
236 953
236 921
236 895
236 733
236 554
236 280
236 325
236 691
236 680
236 259
236 295
236 363
236 410
236 545
236 721
236 836
236 859
236 968
237 851
237 361
237 350
237 323
237 612
237 553
237 448
237 564
237 620
237 283
237 282
237 360
237 365
237 640
237 664
237 753
237 782
237 914
238 710
238 377
238 667
238 906
238 746
238 670
238 240
238 318
238 367
238 417
238 425
238 548
238 689
238 793
239 983
239 390
239 733
239 617
239 579
239 921
239 344
239 363
239 726
239 716
239 909
239 673
239 341
239 298
239 854
239 557
239 498
239 598
239 600
239 786
239 870
240 933
240 282
240 860
240 356
240 312
240 699
240 353
240 357
240 366
240 696
240 320
240 558
240 569
240 618
240 810
240 875
240 914
240 936
241 641
241 571
241 272
241 398
241 674
241 391
241 642
241 593
241 945
241 294
241 282
241 729
241 830
241 897
241 944
241 971
241 972
242 767
242 794
242 373
242 702
242 486
242 687
242 710
242 730
242 310
242 608
242 350
242 501
242 922
242 267
242 386
242 432
242 566
242 626
242 685
242 783
242 805
242 816
242 873
242 890
242 934
243 447
243 596
243 651
243 627
243 773
243 609
243 333
243 299
243 249
243 303
243 321
243 343
243 382
243 430
243 520
243 591
243 817
243 862
243 915
243 971
244 983
244 985
244 379
244 415
244 727
244 768
244 843
244 894
244 972
245 355
245 872
245 917
245 492
245 753
245 928
245 593
245 320
245 611
245 695
245 825
245 839
245 842
245 844
245 913
245 914
246 355
246 707
246 964
246 771
246 332
246 893
246 905
246 698
246 527
246 653
246 998
247 508
247 716
247 332
247 780
247 891
247 549
247 574
247 364
247 567
247 886
247 375
247 366
247 713
247 307
247 338
247 368
247 495
247 629
247 999
248 509
248 274
248 288
248 542
248 932
248 308
248 985
248 362
248 286
248 642
248 686
248 725
248 973
249 437
249 841
249 435
249 623
249 557
249 785
249 286
249 308
249 834
249 652
249 935
249 888
249 521
249 317
249 523
249 547
249 590
249 630
249 642
249 729
249 813
249 829
250 857
250 303
250 340
250 514
250 573
250 600
250 617
250 628
250 690
250 716
250 733
250 930
250 944
251 596
251 302
251 343
251 371
251 530
251 660
251 696
251 724
251 867
251 898
252 325
252 883
252 481
252 407
252 945
252 529
252 609
252 526
252 299
252 302
252 372
252 503
252 622
252 637
252 822
252 829
253 964
253 859
253 348
253 334
253 359
253 406
253 519
253 644
253 939
253 925
253 392
253 713
253 950
253 973
253 335
253 366
253 288
253 302
253 321
253 416
253 523
253 606
253 623
253 659
253 772
253 806
253 975
254 786
254 565
254 686
254 424
254 292
254 448
254 350
254 601
254 604
254 262
254 297
254 360
254 375
254 564
254 566
254 602
254 860
254 898
254 907
255 521
255 529
255 257
255 474
255 642
255 526
255 485
255 615
255 274
255 299
255 308
255 380
255 607
255 704
255 747
256 927
256 791
256 614
256 870
256 740
256 326
256 688
256 310
256 838
256 900
256 315
256 345
256 405
256 571
256 603
256 715
256 720
256 885
257 417
257 530
257 605
257 542
257 989
257 308
257 407
257 482
257 502
257 552
257 588
257 611
257 666
257 680
257 724
257 747
257 826
258 818
258 377
258 959
258 670
258 955
258 515
258 570
258 339
258 869
258 750
258 753
258 872
259 319
259 635
259 964
259 836
259 355
259 629
259 351
259 988
259 424
259 361
259 332
259 368
259 439
259 954
260 846
260 379
260 332
260 647
260 339
260 293
260 790
260 995
261 611
261 310
261 743
261 691
261 838
261 851
261 287
261 301
261 475
261 532
261 687
261 866
262 789
262 275
262 329
262 876
262 711
262 769
262 951
262 396
262 490
262 970
262 316
262 860
262 562
262 420
262 470
262 581
262 728
262 731
262 890
263 636
263 886
263 932
263 742
263 288
263 474
263 594
263 839
263 963
264 354
264 706
264 705
264 843
264 641
264 325
264 509
264 727
264 803
264 840
264 946
265 761
265 824
265 323
265 735
265 580
265 928
265 842
265 581
265 936
265 865
265 988
265 825
265 882
265 558
265 860
265 633
265 501
265 728
265 739
265 388
265 496
265 819
266 848
266 730
266 473
266 861
266 303
266 309
266 345
266 413
266 578
266 626
266 662
267 332
267 705
267 505
267 794
267 631
267 688
267 944
267 381
267 413
267 414
267 555
267 641
267 694
267 861
267 881
267 922
268 358
268 396
268 825
268 896
268 377
268 974
268 406
268 431
268 356
268 515
268 602
268 701
268 808
268 910
269 891
269 554
269 469
269 404
269 716
269 779
269 738
269 332
269 777
269 393
269 892
270 969
270 332
270 271
270 836
270 344
270 714
270 716
270 800
271 738
271 675
271 551
271 330
271 628
271 332
271 954
271 991
271 865
271 513
271 427
271 523
271 480
271 500
271 517
271 566
271 582
271 690
271 703
271 728
271 733
272 992
272 993
272 672
272 450
272 623
272 451
272 585
272 902
272 763
272 958
272 310
272 386
272 442
272 643
272 736
272 934
272 984
273 618
273 732
273 951
273 689
273 883
273 500
273 424
273 676
273 495
273 555
273 564
273 569
273 580
273 602
273 635
273 714
273 825
273 852
273 928
273 987
274 320
274 283
274 416
274 713
274 286
274 621
274 539
274 985
274 359
274 402
274 422
274 516
274 659
274 874
274 989
275 988
275 476
275 291
275 802
275 575
275 303
275 298
275 352
275 556
275 620
275 699
275 749
275 753
275 793
275 854
275 917
275 936
275 985
276 514
276 436
276 774
276 949
276 332
276 368
276 418
276 486
276 551
276 569
276 613
276 745
276 865
276 892
276 983
277 972
277 689
277 380
277 874
277 321
277 416
277 372
277 481
277 616
277 299
277 431
277 462
277 533
277 747
278 954
278 884
278 779
278 324
278 983
278 330
278 759
278 918
278 498
278 846
278 780
278 873
278 332
278 390
278 415
278 514
278 549
278 563
278 628
278 629
278 690
278 750
278 772
278 894
278 963
279 332
279 759
279 443
279 976
279 774
279 551
279 579
279 544
279 404
279 733
279 545
279 744
279 491
279 679
279 919
280 332
280 408
280 930
280 306
280 338
280 364
280 480
280 961
281 662
281 644
281 592
281 302
281 616
281 517
281 371
281 319
281 333
281 449
281 499
281 521
281 528
281 542
281 659
281 731
281 784
281 869
282 946
282 896
282 513
282 714
282 534
282 875
282 298
282 310
282 375
282 377
282 417
282 424
282 470
282 495
282 501
282 538
282 571
282 633
282 653
282 782
283 486
283 427
283 945
283 621
283 660
283 287
283 369
283 406
283 533
283 547
283 811
283 824
283 849
283 935
283 947
283 985
284 640
284 650
284 614
284 993
284 997
284 623
284 706
284 482
284 977
284 378
284 702
284 744
284 818
284 392
284 616
284 517
284 313
284 402
284 522
284 683
284 730
284 841
284 902
285 332
285 435
285 614
285 684
285 763
285 371
285 387
285 484
285 550
285 870
285 965
285 990
286 374
286 985
286 822
286 380
286 989
286 765
286 430
286 584
286 867
286 830
286 303
286 335
286 365
286 445
286 610
287 404
287 443
287 759
287 332
287 452
287 961
287 405
287 540
287 768
287 877
287 997
288 707
288 821
288 813
288 989
288 539
288 416
288 704
288 485
288 680
289 797
289 892
289 833
289 332
289 403
289 465
289 564
289 576
289 586
289 709
289 943
289 960
289 969
290 332
290 764
290 463
290 645
290 800
290 952
290 994
291 506
291 327
291 492
291 862
291 457
291 370
291 409
291 428
291 454
291 546
291 620
291 769
291 805
291 854
291 988
292 753
292 670
292 648
292 367
292 447
292 542
292 330
292 412
292 496
292 511
292 597
292 693
292 698
292 815
292 951
293 388
293 332
293 796
293 598
293 809
293 891
293 823
293 558
293 867
293 674
293 324
293 527
293 565
293 718
293 733
293 949
294 776
294 822
294 696
294 584
294 334
294 408
294 427
294 474
294 494
294 519
294 561
294 678
294 713
294 730
294 765
294 947
294 954
295 364
295 733
295 836
295 726
295 995
295 859
295 372
295 410
295 600
295 727
295 729
295 762
295 835
295 952
295 968
296 907
296 739
296 818
296 854
296 409
296 490
296 632
296 633
296 634
296 667
296 815
296 924
296 938
296 988
297 865
297 923
297 855
297 731
297 720
297 633
297 397
297 476
297 500
297 556
297 564
297 602
297 648
297 649
297 656
297 739
297 793
297 819
297 825
297 892
297 897
298 866
298 556
298 634
298 389
298 769
298 581
298 328
298 426
298 490
298 746
299 813
299 403
299 621
299 772
299 644
299 649
299 372
299 695
299 464
299 591
299 610
299 630
299 942
299 985
300 557
300 421
300 407
300 666
300 362
300 454
300 457
300 533
300 577
300 596
300 605
300 671
301 524
301 856
301 405
301 691
301 958
301 442
301 672
301 602
301 985
301 391
301 978
301 447
301 456
301 688
301 736
301 984
302 903
302 895
302 453
302 712
302 552
302 369
302 372
302 422
302 392
302 403
302 452
302 799
302 888
302 889
302 922
302 925
302 975
302 985
303 307
303 437
303 543
303 947
303 616
303 512
303 808
303 606
303 308
303 317
303 331
303 362
303 784
304 367
304 883
304 384
304 562
304 537
304 373
304 639
304 656
304 842
305 976
305 623
305 648
305 356
305 515
305 597
305 375
305 766
305 852
305 667
305 659
305 428
305 370
305 569
305 633
305 897
305 913
306 568
306 332
306 926
306 330
306 921
306 832
306 562
306 314
306 352
306 408
306 436
306 555
306 762
306 955
307 961
307 599
307 332
307 780
307 579
307 797
307 408
307 722
307 825
307 928
307 428
307 355
307 600
307 618
308 707
308 507
308 666
308 678
308 530
308 996
308 795
308 713
308 826
308 343
308 828
308 607
308 321
308 485
308 516
308 712
308 967
309 859
309 983
309 587
309 511
309 997
309 875
309 666
309 332
309 345
309 435
309 442
309 505
309 572
309 658
309 841
309 984
310 629
310 788
310 981
310 623
310 493
310 803
310 685
310 472
310 397
310 532
310 572
310 643
310 715
310 740
310 794
310 933
311 578
311 572
311 803
311 337
311 842
311 376
311 435
311 465
311 504
311 511
311 685
311 712
311 934
311 963
312 509
312 814
312 906
312 468
312 749
312 321
312 353
312 375
312 434
312 508
312 515
312 558
312 676
312 797
312 842
312 858
312 875
313 949
313 452
313 889
313 663
313 957
313 705
313 692
313 350
313 380
313 345
313 631
313 828
313 831
313 916
313 933
314 673
314 613
314 771
314 332
314 717
314 986
314 720
314 651
314 604
314 479
314 629
314 745
314 918
315 832
315 497
315 571
315 912
315 932
315 366
315 423
315 467
315 623
316 852
316 412
316 854
316 323
316 447
316 476
316 478
316 580
316 678
316 703
316 766
316 912
317 710
317 659
317 652
317 888
317 516
317 381
317 593
317 874
317 985
317 530
317 398
317 499
317 584
317 594
317 973
318 324
318 545
318 927
318 802
318 698
318 327
318 339
318 912
318 365
318 424
318 634
318 648
318 667
318 799
318 924
319 443
319 332
319 821
319 339
319 720
319 322
319 429
319 466
319 576
319 582
319 673
319 717
319 768
319 780
319 845
319 849
319 968
319 985
320 347
320 746
320 490
320 658
320 844
320 350
320 839
320 883
320 986
320 441
320 561
320 360
320 470
320 495
320 570
320 671
320 873
321 575
321 985
321 512
321 765
321 493
321 543
321 605
321 652
321 680
321 732
321 817
321 829
322 918
322 459
322 868
322 770
322 439
322 727
322 733
322 618
322 951
322 569
322 811
322 332
322 527
322 954
322 965
322 994
323 761
323 986
323 782
323 329
323 612
323 417
323 403
323 674
323 496
323 541
323 555
323 632
323 737
323 810
323 822
323 865
323 928
323 999
324 629
324 434
324 972
324 719
324 340
324 415
324 426
324 598
324 768
324 771
324 786
324 998
325 477
325 863
325 685
325 460
325 718
325 378
325 475
325 803
325 338
325 423
325 435
325 501
325 504
325 509
325 603
325 631
325 667
325 870
325 881
326 394
326 767
326 486
326 345
326 370
326 383
326 840
326 957
327 657
327 375
327 496
327 417
327 365
327 393
327 476
327 743
327 842
327 858
327 865
328 444
328 711
328 699
328 654
328 596
328 360
328 401
328 569
328 651
328 653
328 686
328 819
328 875
328 907
329 385
329 556
329 936
329 384
329 653
329 332
329 538
329 612
329 661
329 689
329 731
329 795
329 860
330 524
330 355
330 998
330 332
330 440
330 480
330 547
330 760
330 857
330 887
330 953
330 961
330 976
331 850
331 756
331 485
331 637
331 682
331 830
331 773
331 619
331 530
331 537
331 591
331 372
331 512
331 829
331 973
331 696
331 334
331 438
331 487
332 613
332 341
332 390
332 514
332 835
332 565
332 693
332 836
332 786
332 777
332 408
332 771
332 478
332 439
332 797
332 796
332 940
332 480
332 727
332 846
332 545
332 954
332 721
332 983
332 857
332 963
332 582
332 960
332 926
332 703
332 700
332 920
332 707
332 443
332 895
332 868
332 738
332 969
332 952
332 800
332 891
332 436
332 506
332 540
332 554
332 799
332 961
332 640
332 551
332 859
332 745
332 599
332 943
332 437
332 909
332 976
332 752
332 404
332 894
332 617
332 779
332 885
332 336
332 816
332 706
332 631
332 665
332 755
332 664
332 882
332 941
332 676
332 501
332 560
332 808
332 638
332 772
332 659
332 624
332 874
332 773
332 338
332 340
332 344
332 363
332 368
332 375
332 377
332 379
332 410
332 419
332 421
332 426
332 429
332 434
332 445
332 458
332 459
332 465
332 466
332 479
332 498
332 500
332 502
332 524
332 542
332 547
332 566
332 567
332 568
332 574
332 575
332 587
332 596
332 598
332 600
332 607
332 614
332 618
332 628
332 629
332 635
332 647
332 650
332 679
332 683
332 690
332 711
332 722
332 750
332 768
332 770
332 781
332 783
332 787
332 789
332 790
332 832
332 848
332 849
332 850
332 870
332 873
332 877
332 884
332 887
332 892
332 911
332 923
332 930
332 949
332 956
332 966
332 972
332 975
332 980
332 994
332 995
332 998
333 949
333 913
333 561
333 922
333 642
333 888
333 334
333 453
333 499
333 858
333 900
333 950
333 975
334 498
334 589
334 399
334 485
334 967
334 795
334 398
334 630
334 725
334 834
334 449
334 811
334 463
334 867
334 474
335 630
335 431
335 627
335 659
335 751
335 785
335 557
335 989
335 416
335 577
335 594
335 826
336 738
336 493
336 794
336 623
336 885
336 490
336 912
336 795
336 642
336 657
336 840
336 871
337 891
337 626
337 931
337 441
337 708
337 739
337 753
337 810
337 896
338 799
338 891
338 582
338 394
338 771
338 566
338 796
338 460
338 724
338 415
338 443
338 545
338 629
338 716
339 668
339 346
339 735
339 422
339 361
339 424
339 441
339 667
339 746
339 750
340 965
340 341
340 956
340 640
340 777
340 835
341 716
341 563
341 480
341 503
341 485
341 470
341 707
341 746
341 800
341 956
341 961
341 969
341 998
342 841
342 346
342 462
342 544
342 650
342 732
342 927
342 934
342 988
343 922
343 503
343 533
343 510
343 785
343 624
343 463
343 637
343 695
343 925
344 909
344 566
344 992
344 786
344 943
344 679
344 410
344 478
344 920
344 791
344 472
344 514
344 565
344 576
344 656
344 836
344 977
345 776
345 462
345 821
345 853
345 346
345 611
345 734
345 490
345 413
345 531
345 571
345 754
345 991
345 993
346 868
346 847
346 631
346 927
346 505
346 583
346 688
346 387
346 589
346 843
346 977
346 493
346 642
346 467
346 672
346 683
346 727
346 966
347 984
347 905
347 414
347 650
347 776
347 844
347 383
347 597
347 663
347 718
347 767
347 788
347 803
347 929
348 786
348 603
348 646
348 997
348 483
348 757
348 847
348 374
348 589
348 656
348 495
348 915
348 413
348 450
348 475
348 505
348 532
348 641
348 657
348 764
348 783
348 820
348 885
348 904
349 838
349 442
349 477
349 758
349 504
349 467
349 717
349 653
349 446
349 462
349 493
349 549
349 690
349 794
350 875
350 447
350 525
350 704
350 441
350 633
350 669
350 886
350 985
351 744
351 821
351 472
351 399
351 395
351 505
351 378
351 757
351 509
351 489
351 569
351 623
351 641
351 676
351 710
351 740
351 766
351 787
351 935
352 902
352 402
352 984
352 467
352 460
352 571
352 626
352 473
352 872
352 354
352 413
352 710
352 736
352 740
352 760
352 929
353 707
353 750
353 986
353 698
353 361
353 782
353 737
353 766
353 913
353 825
353 384
353 785
353 875
353 906
354 599
354 486
354 655
354 546
354 902
354 816
354 812
354 723
354 420
354 497
354 641
354 684
354 787
354 892
355 469
355 968
355 752
355 544
355 643
355 408
355 413
355 686
355 738
355 770
355 832
355 833
355 835
355 857
355 920
356 447
356 418
356 645
356 669
356 671
356 824
356 912
357 368
357 918
357 935
357 403
357 813
357 523
357 411
357 950
357 869
357 642
357 449
357 594
357 660
358 821
358 786
358 841
358 845
359 382
359 834
359 520
359 372
359 380
359 408
359 517
359 559
359 712
359 829
360 639
360 424
360 658
360 883
360 555
360 562
360 644
360 711
360 769
360 988
361 394
361 648
361 577
361 384
361 739
361 377
361 396
361 633
361 931
361 484
361 438
361 416
361 561
361 555
361 558
361 625
362 759
362 714
362 416
362 704
362 725
362 552
362 406
362 464
362 431
362 449
362 518
362 542
362 812
362 813
362 873
362 985
363 574
363 467
363 713
363 568
363 744
363 961
364 836
364 707
364 796
364 635
364 762
364 852
364 617
365 632
365 955
365 698
365 935
365 704
365 739
366 631
366 766
366 512
366 369
366 407
366 784
366 935
366 985
366 420
366 584
366 666
366 682
366 704
366 765
366 796
367 875
367 852
367 569
367 448
367 543
367 602
367 632
367 656
367 669
367 741
367 792
367 824
367 896
368 878
368 647
368 443
368 640
368 738
368 949
368 551
368 771
368 835
368 714
368 610
368 774
368 966
369 726
369 429
369 893
369 985
369 428
369 595
369 942
369 474
369 539
369 560
369 591
369 593
369 604
369 624
370 634
370 854
370 555
370 444
370 491
370 539
371 615
371 869
371 416
371 944
371 445
371 517
371 666
371 747
371 765
371 989
371 996
372 428
372 528
372 696
372 978
372 898
372 523
372 536
372 543
372 559
372 616
372 630
372 652
372 675
372 725
372 814
372 829
372 892
373 688
373 505
373 821
373 623
373 658
373 711
373 383
373 423
373 451
373 497
373 511
373 767
373 816
373 852
373 870
373 902
374 574
374 927
374 387
374 402
374 683
374 775
374 793
374 821
374 841
374 893
375 720
375 739
375 670
375 548
375 825
375 484
375 490
375 581
375 669
375 769
375 883
376 684
376 467
376 866
376 387
376 450
376 528
376 623
376 641
376 663
376 730
376 767
376 775
376 847
377 964
377 414
377 385
377 564
377 534
377 955
377 471
377 495
377 397
377 720
377 742
377 491
377 500
377 659
377 686
377 728
377 906
377 914
378 861
378 687
378 984
378 919
378 662
378 552
378 626
378 685
378 764
378 794
378 881
378 882
378 892
378 993
379 479
379 598
379 707
379 418
379 799
379 920
379 565
379 965
379 831
379 573
379 587
379 700
379 771
379 949
379 972
380 687
380 822
380 560
380 382
380 438
380 464
380 484
380 518
380 528
380 659
380 792
380 808
380 870
380 924
380 973
380 996
381 979
381 903
381 554
381 875
381 735
381 610
381 725
381 502
381 609
381 630
381 430
381 449
381 456
381 510
381 518
381 985
382 704
382 552
382 651
382 523
382 543
382 431
382 454
382 591
382 935
382 557
382 747
382 989
382 994
383 387
383 442
383 578
383 758
383 705
383 546
383 548
383 542
383 750
384 509
384 782
384 444
384 914
384 593
384 424
384 448
384 495
384 529
384 597
384 715
384 739
384 802
384 815
384 970
384 978
384 986
385 876
385 897
385 735
385 970
385 664
385 910
385 580
385 623
385 769
385 931
385 982
386 859
386 483
386 821
386 691
386 904
386 816
386 509
386 788
386 761
386 756
386 631
386 991
386 694
386 451
386 655
386 767
387 414
387 585
387 663
387 646
387 603
387 657
387 668
387 821
388 965
388 994
388 707
388 983
388 514
388 823
388 816
388 985
388 867
388 508
388 539
388 738
388 807
388 943
389 471
389 562
389 914
389 852
389 910
389 923
389 400
389 515
389 564
389 602
389 632
389 671
389 735
389 839
389 880
389 917
389 924
390 452
390 846
390 790
390 759
390 976
390 527
390 884
390 974
390 456
390 465
390 508
390 568
390 809
391 922
391 837
391 481
391 989
391 416
391 461
391 567
391 657
391 659
391 681
391 788
391 795
391 811
391 845
391 939
391 985
392 617
392 792
392 427
392 463
392 537
392 543
392 561
392 939
392 615
392 481
392 493
392 494
392 590
392 593
392 596
392 625
392 643
392 695
392 700
392 729
392 834
392 997
393 896
393 872
393 639
393 802
393 667
393 741
393 865
393 556
393 938
393 999
393 852
393 501
393 791
393 825
393 914
394 540
394 745
394 953
394 942
394 408
394 478
394 566
394 721
394 800
394 857
394 884
394 956
394 972
394 974
395 462
395 578
395 730
395 783
395 691
395 734
395 632
395 476
395 489
395 498
395 758
395 904
396 414
396 570
396 654
396 448
396 449
396 664
396 669
396 737
396 793
397 771
397 684
397 535
397 731
397 553
397 880
397 815
397 491
397 541
397 564
398 426
398 620
398 510
398 996
398 529
398 606
398 463
398 704
398 932
398 503
398 550
398 750
398 828
398 837
398 989
399 884
399 626
399 840
399 848
399 483
399 715
399 816
399 450
399 494
399 499
399 446
399 650
399 791
400 598
400 572
400 504
400 423
400 900
400 671
400 623
400 718
400 838
400 899
400 929
400 450
400 658
400 760
400 813
400 919
401 611
401 794
401 893
401 472
401 744
401 692
401 866
401 492
401 479
401 550
401 671
401 723
401 816
401 820
401 957
402 414
402 900
402 697
402 753
402 450
402 504
402 511
402 531
402 668
402 732
402 757
402 805
402 838
402 870
403 681
403 503
403 725
403 427
403 801
404 979
404 768
404 439
404 424
404 677
404 415
404 663
404 679
404 743
404 790
405 901
405 804
405 861
405 705
405 993
405 646
405 505
405 623
405 511
405 678
405 863
406 481
406 985
406 557
406 616
406 421
406 607
406 627
406 638
406 678
406 679
406 826
406 851
406 879
406 915
407 461
407 457
407 829
407 874
407 432
407 584
407 742
407 928
407 970
408 921
408 994
408 514
408 534
408 554
408 707
408 765
408 796
408 891
408 967
409 802
409 854
409 801
409 476
409 698
409 558
409 769
409 656
409 746
409 782
409 842
409 844
409 855
409 886
409 987
410 629
410 774
410 519
410 733
410 807
410 954
411 873
411 876
411 615
411 561
411 680
411 985
411 724
411 619
411 822
411 488
411 530
411 607
411 729
411 765
411 830
411 972
411 982
412 556
412 654
412 513
412 602
412 817
412 813
412 413
412 701
412 746
412 769
412 924
413 902
413 761
413 764
414 776
414 585
414 734
414 572
414 743
414 861
414 863
414 699
414 450
414 641
414 663
414 736
415 673
415 960
415 953
415 551
415 823
415 846
416 784
416 510
416 458
416 607
416 436
416 499
416 516
416 718
416 808
416 822
416 897
416 965
417 991
417 553
417 612
417 470
417 753
417 939
417 541
417 556
417 653
417 824
417 872
417 999
418 954
418 613
418 726
418 976
418 674
418 419
418 424
418 554
418 797
418 920
418 961
418 962
418 973
419 911
419 768
419 469
419 873
419 970
420 801
420 502
420 725
420 945
420 606
420 971
420 542
420 559
420 512
420 518
420 931
420 932
421 846
421 735
421 438
421 945
421 457
421 725
421 811
421 456
421 437
421 862
421 974
422 937
422 798
422 481
422 985
422 430
422 438
422 457
422 485
422 618
422 651
422 729
422 795
422 811
422 879
422 925
423 451
423 493
423 851
423 432
423 442
423 646
423 671
423 715
423 862
423 890
423 901
424 738
424 749
424 686
424 639
424 806
424 852
424 907
424 985
425 759
425 466
425 820
425 455
425 490
425 498
425 503
425 508
425 545
425 565
425 600
425 635
425 875
425 877
425 896
426 954
426 574
426 961
426 983
426 580
426 618
426 722
426 733
426 759
426 768
426 850
426 925
426 962
427 860
427 677
427 604
427 681
427 592
427 481
427 593
427 811
427 834
428 640
428 547
428 526
428 530
428 942
428 837
428 461
428 463
428 539
428 543
428 561
428 584
428 588
428 595
428 947
429 995
429 455
429 903
429 436
429 895
429 575
429 641
429 687
430 971
430 438
430 674
430 978
430 637
430 985
430 517
430 557
430 829
430 830
430 852
430 966
431 576
431 579
431 516
431 494
431 712
431 590
431 677
431 828
431 937
431 985
432 811
432 445
432 449
432 464
432 548
432 630
432 673
432 680
432 704
432 734
432 763
432 773
432 795
432 826
432 879
432 915
433 859
433 472
433 634
433 476
433 661
433 558
433 815
433 444
433 496
433 548
433 555
433 727
433 769
433 974
433 976
434 709
434 850
434 833
434 469
434 435
434 598
434 810
434 903
434 920
434 976
435 623
435 486
435 775
435 927
435 984
435 497
435 820
435 929
436 478
436 895
436 926
436 972
436 920
436 918
436 850
436 437
436 537
436 675
436 743
436 836
437 918
437 565
437 440
437 563
437 599
437 598
437 643
437 703
437 790
437 797
437 887
437 894
437 961
438 785
438 644
438 772
438 481
438 520
438 797
439 809
439 722
439 613
439 820
439 891
440 568
440 859
440 768
440 952
440 640
440 709
440 887
440 514
440 895
440 816
440 707
441 893
441 541
441 728
441 698
441 536
441 669
441 711
441 735
441 750
441 852
442 990
442 572
442 984
442 550
442 981
442 694
442 655
442 766
442 460
442 462
442 611
442 841
442 851
443 921
443 965
443 850
443 992
443 926
443 930
443 551
443 566
443 628
443 722
443 832
443 878
443 892
443 920
443 952
443 966
443 972
444 597
444 880
444 987
444 468
444 639
444 476
444 558
444 632
444 875
444 471
444 601
444 634
444 714
444 766
444 802
444 928
445 740
445 665
445 494
445 622
445 792
445 742
445 519
445 591
445 605
445 922
446 583
446 893
446 650
446 641
446 805
447 665
447 842
447 634
447 534
447 548
447 839
447 556
447 669
447 676
447 701
447 836
447 852
448 955
448 654
448 656
448 882
448 858
448 632
448 708
448 769
448 804
448 832
448 966
448 987
449 855
449 539
449 621
449 610
449 681
449 488
449 985
449 712
449 725
449 905
449 978
450 840
450 646
450 929
450 507
450 531
450 532
450 543
450 671
450 697
450 757
450 848
451 603
451 531
451 901
451 758
451 623
451 916
451 767
451 856
451 839
451 463
451 686
451 750
451 775
451 893
452 779
452 968
452 903
452 930
452 965
452 695
452 508
452 568
452 629
452 690
452 994
453 773
453 713
453 939
453 975
453 494
453 543
453 564
453 575
453 591
453 638
453 786
454 789
454 597
454 674
454 729
454 666
454 773
454 742
454 606
454 538
454 772
454 536
454 543
454 559
454 630
454 898
454 914
455 972
455 836
455 508
455 726
455 473
455 468
455 722
455 789
455 823
456 942
456 784
456 729
456 530
456 507
456 526
456 590
456 622
456 751
456 826
456 898
457 784
457 588
457 593
457 829
457 481
457 485
457 530
457 549
457 561
457 584
457 828
457 879
457 922
458 868
458 985
458 637
458 837
458 512
458 593
458 604
459 703
459 693
459 716
459 545
459 540
459 506
459 629
459 759
459 777
459 906
460 777
460 958
460 532
460 899
460 585
460 646
460 566
460 715
460 803
460 818
460 934
461 635
461 754
461 681
461 677
461 502
461 519
461 533
461 591
461 594
461 812
461 942
461 945
461 973
462 781
462 929
462 899
462 505
462 856
462 589
462 603
462 546
462 997
462 481
462 578
462 748
462 783
462 813
463 959
463 649
463 516
463 660
463 867
463 784
463 837
463 622
463 503
463 464
463 798
463 891
463 930
463 985
464 684
464 530
464 649
464 950
464 488
464 592
464 638
464 985
464 552
464 591
464 604
464 724
465 640
465 781
465 976
465 823
465 586
465 563
465 679
465 700
466 752
466 995
466 800
466 522
466 613
466 771
466 591
466 943
466 983
467 767
467 493
467 662
467 743
467 631
467 820
467 793
467 612
467 888
467 657
467 669
467 702
467 783
467 788
467 881
468 839
468 793
468 490
468 854
468 553
468 602
468 714
468 873
468 886
468 910
468 931
469 909
469 690
469 878
469 836
469 478
469 582
469 587
469 698
469 762
469 862
469 884
469 968
470 501
470 534
470 648
470 633
470 500
470 654
470 825
470 860
470 883
470 923
471 918
471 722
471 875
471 654
471 886
471 913
471 602
471 496
471 555
471 802
471 915
472 531
472 475
472 611
472 899
472 980
472 572
472 631
472 637
472 787
472 833
472 902
472 972
472 991
472 997
473 846
473 589
473 816
473 977
473 791
473 750
473 991
473 511
473 486
473 734
473 958
473 643
473 691
473 493
473 565
473 578
473 668
473 767
473 820
474 929
474 547
474 747
474 932
474 529
474 765
475 509
475 486
475 901
475 603
475 641
475 631
475 546
475 715
475 497
475 899
475 760
475 699
475 624
475 626
475 681
475 732
475 856
476 535
476 974
476 876
476 517
476 538
476 482
476 518
476 569
476 825
476 858
476 935
477 982
477 861
477 893
477 783
477 820
477 764
477 890
477 739
477 489
477 683
477 818
477 919
477 997
478 738
478 868
478 954
478 640
478 628
478 960
478 968
479 647
479 582
479 848
479 985
479 577
479 708
479 745
479 799
479 918
479 963
479 975
479 980
480 849
480 790
480 514
480 894
480 933
480 524
480 564
480 706
480 759
481 770
481 572
481 499
481 666
481 517
481 561
481 586
482 804
482 684
482 631
482 504
482 650
482 662
482 711
482 824
482 908
483 509
483 672
483 646
483 899
483 902
483 668
483 736
483 871
483 702
483 750
483 840
483 866
483 889
483 929
483 931
484 836
484 923
484 548
484 570
484 632
484 639
484 648
484 665
484 741
484 753
484 766
484 819
484 844
484 872
484 873
484 913
484 927
484 953
484 955
484 986
485 742
485 798
485 985
485 624
485 811
485 659
485 975
485 537
485 488
485 557
485 560
485 584
485 588
485 739
485 822
485 925
486 684
486 690
486 812
486 902
486 929
487 786
487 518
487 502
487 510
487 523
487 645
487 808
487 896
487 991
488 691
488 623
488 896
488 649
488 528
488 523
488 967
488 785
488 561
488 713
488 837
488 869
488 989
489 740
489 760
489 683
489 623
489 546
489 885
489 532
489 641
489 747
489 764
489 804
489 845
489 914
490 955
490 555
490 553
490 612
490 633
490 938
490 667
490 766
490 810
490 886
491 623
491 699
491 689
491 755
491 632
491 854
491 959
491 665
491 955
491 746
491 880
491 553
491 569
491 577
491 580
491 639
491 825
491 924
491 985
492 998
492 854
492 564
492 566
492 623
492 737
492 988
493 893
493 890
493 497
493 848
493 863
493 871
493 905
493 985
494 944
494 536
494 659
494 678
494 922
494 512
495 598
495 654
495 515
495 639
495 728
495 749
495 852
495 862
495 897
495 914
495 987
496 633
496 852
496 665
496 639
496 827
496 912
496 842
496 601
496 632
496 708
496 855
496 875
497 636
497 788
497 748
497 957
497 653
497 572
497 866
497 870
497 977
498 891
498 524
498 618
498 599
498 927
498 784
498 520
498 969
499 922
499 547
499 939
499 696
499 521
499 677
499 575
499 548
499 652
499 712
499 947
500 816
500 757
500 843
500 570
500 553
500 931
500 658
500 749
500 818
500 620
500 664
500 669
500 708
500 734
500 914
500 941
501 722
501 513
501 896
501 793
501 827
501 828
501 814
502 985
502 973
502 624
502 915
502 967
502 592
502 616
502 795
502 802
502 808
502 922
503 792
503 512
503 575
503 607
503 637
503 897
503 937
503 971
504 757
504 866
504 840
504 630
504 509
504 623
504 793
504 816
504 885
504 980
505 868
505 957
505 946
505 698
505 670
505 591
505 732
505 905
505 929
505 980
506 636
506 953
506 836
506 617
506 572
506 628
506 727
506 832
506 909
506 965
507 652
507 552
507 588
507 526
507 729
507 543
507 624
507 630
507 985
508 797
508 963
508 903
508 972
508 586
508 617
508 800
508 619
508 542
508 585
508 587
508 738
508 833
508 859
508 878
508 909
509 650
509 848
509 631
509 773
509 671
509 805
510 662
510 539
510 944
510 529
510 594
510 604
510 651
510 743
510 829
510 898
511 760
511 728
511 549
511 572
511 694
511 871
511 928
511 946
512 677
512 590
512 652
512 888
512 588
512 607
512 622
512 638
512 659
512 813
512 828
512 915
513 580
513 656
513 728
513 996
513 695
513 514
513 535
513 597
513 661
513 701
513 806
513 855
514 953
514 738
514 979
514 726
514 640
514 700
514 770
514 971
515 748
515 711
515 842
515 912
515 699
515 601
515 882
515 755
515 580
515 577
515 769
515 873
516 923
516 869
516 696
516 666
516 950
516 596
516 528
516 561
516 740
516 747
516 879
517 583
517 670
517 837
517 973
517 520
517 638
517 649
517 811
517 915
517 523
517 575
517 623
517 747
518 592
518 996
518 649
518 619
518 681
518 811
519 676
519 852
519 808
519 678
519 874
519 520
519 590
520 604
520 898
520 975
520 616
520 588
520 822
520 772
520 533
520 561
520 594
520 638
520 785
520 945
520 950
520 973
521 813
521 925
521 922
521 592
521 682
521 751
522 707
522 726
522 687
522 740
522 663
522 703
522 710
522 857
522 891
522 968
522 972
523 859
523 627
523 593
523 596
523 950
523 942
523 610
523 594
523 644
523 677
523 678
523 915
524 992
524 800
524 594
524 599
524 640
524 700
524 768
524 796
524 830
524 849
524 877
525 912
525 818
525 923
525 801
525 955
525 570
525 645
525 701
525 778
525 854
525 870
526 909
526 753
526 713
526 533
526 724
526 811
526 939
526 971
526 989
526 996
527 551
527 953
527 554
527 566
527 567
527 574
527 587
527 786
527 832
527 895
527 963
528 719
528 550
528 561
528 605
528 747
528 552
528 619
528 746
529 825
529 873
529 596
529 742
529 649
529 834
529 552
529 609
529 747
529 780
529 795
529 945
530 567
530 985
530 560
530 696
530 604
530 649
530 592
530 713
530 785
530 975
531 916
531 550
531 767
531 539
531 761
531 968
532 683
532 788
532 775
532 687
532 783
532 583
532 631
532 650
533 696
533 680
533 604
533 695
533 724
533 929
534 553
534 698
534 737
534 782
534 883
534 886
534 918
535 720
535 928
535 766
535 931
535 674
535 597
535 602
535 699
535 824
535 942
535 985
536 677
536 649
536 651
536 978
536 712
537 723
537 813
537 606
537 619
537 888
537 627
537 596
537 651
537 735
537 826
537 872
537 978
538 875
538 973
538 950
538 985
538 591
538 944
538 583
539 755
539 559
539 712
539 621
539 591
539 659
539 704
540 618
540 721
540 990
540 541
540 573
540 582
540 709
540 887
540 895
541 928
541 561
541 569
541 570
541 635
541 656
541 664
541 792
541 806
541 815
541 913
541 917
541 974
541 989
542 926
542 586
542 754
542 689
542 605
542 915
542 616
542 678
542 747
542 795
542 798
542 803
542 999
543 550
543 595
543 950
543 985
543 615
543 724
543 978
543 942
543 932
543 968
544 949
544 868
544 987
544 913
544 762
544 818
544 824
544 921
544 938
544 998
545 846
545 995
545 850
545 943
545 707
545 566
545 601
545 814
545 709
545 770
545 797
546 764
546 550
546 692
546 743
546 984
547 681
547 609
547 785
547 704
547 922
547 560
547 624
547 712
547 874
547 937
548 685
548 634
548 913
548 648
548 580
548 557
548 837
548 553
548 597
548 601
548 875
548 907
548 928
549 964
549 786
549 770
549 892
549 769
549 606
549 589
549 956
549 965
550 981
550 623
550 845
550 816
550 731
550 565
550 662
550 760
550 804
550 856
550 929
550 957
551 995
551 628
551 700
551 797
551 918
552 651
552 590
552 751
552 591
552 666
552 935
552 947
552 985
553 806
553 801
553 802
553 653
553 689
553 694
553 698
553 818
553 819
553 931
553 988
554 675
554 566
554 884
554 786
554 895
554 921
554 966
555 653
555 570
555 766
555 708
555 959
555 661
555 637
555 815
555 919
556 698
556 970
556 880
556 793
556 808
556 562
556 626
556 683
556 699
556 753
556 815
556 824
556 842
556 886
556 949
556 957
557 917
557 971
557 615
557 724
557 696
557 677
557 560
557 945
557 682
557 594
557 595
557 605
557 630
557 792
557 815
558 602
558 862
558 632
558 661
558 664
558 912
559 983
559 609
559 596
559 798
559 696
559 610
559 742
559 898
559 560
559 649
559 989
559 778
560 958
560 985
560 813
560 725
560 659
560 898
560 975
560 822
561 877
561 623
561 996
561 681
561 785
561 592
561 935
561 612
561 729
561 884
561 922
561 932
562 632
562 654
562 873
562 698
562 670
562 580
562 664
562 737
562 928
562 984
563 780
563 628
563 613
563 582
563 587
563 617
563 635
563 703
563 777
563 969
563 995
564 818
564 827
564 689
564 896
564 860
564 633
564 649
564 632
564 634
564 824
564 985
565 618
565 771
565 976
565 955
565 586
565 644
565 647
565 937
566 836
566 690
566 834
566 998
567 960
567 675
567 709
567 690
567 693
567 733
567 892
567 909
568 721
568 807
568 933
568 754
568 797
568 966
569 959
569 875
569 670
569 825
569 842
569 676
569 612
569 708
569 801
569 888
569 999
570 766
570 648
570 912
570 876
570 649
570 581
570 625
570 657
570 663
570 735
570 739
570 810
570 827
570 883
570 907
570 931
570 938
571 960
571 899
571 761
571 736
571 744
571 585
571 959
571 668
571 724
571 804
571 812
571 853
571 905
571 982
571 990
572 744
572 812
572 736
572 929
572 639
572 643
572 734
572 757
572 781
572 843
572 906
572 919
572 966
573 576
573 582
573 894
573 752
573 618
573 726
573 734
573 593
573 598
573 733
574 726
574 918
574 738
574 599
574 606
574 613
574 629
574 850
574 903
574 940
574 954
574 978
574 983
575 605
575 610
575 867
575 932
575 973
576 850
576 807
576 774
576 956
576 960
576 719
576 832
576 849
576 891
576 954
577 676
577 769
577 928
577 620
577 669
577 689
577 755
577 793
577 865
578 840
578 848
578 761
578 901
578 645
578 624
578 623
578 663
578 672
578 717
578 748
578 865
578 902
578 981
579 752
579 887
579 777
579 980
579 584
579 586
579 629
579 636
579 693
579 762
580 845
580 936
580 801
580 701
580 615
580 667
580 782
580 844
580 886
581 781
581 763
581 827
581 633
581 632
581 670
581 686
581 828
582 983
582 846
582 759
582 693
582 750
582 891
583 692
583 899
583 715
583 788
583 840
583 904
583 946
584 778
584 644
584 944
584 590
584 985
584 818
584 829
585 614
585 626
585 672
585 639
585 653
585 730
585 836
585 993
586 836
586 846
586 596
586 895
587 613
587 964
587 884
587 859
587 761
587 809
588 630
588 725
588 696
588 649
588 939
589 631
589 804
589 734
589 623
589 650
589 655
589 878
589 889
589 969
589 997
590 601
590 985
590 898
590 704
590 604
590 659
590 939
590 751
591 771
591 608
591 985
591 751
591 971
591 773
591 622
591 864
591 733
591 795
591 935
592 836
592 908
592 876
592 627
592 695
592 660
592 742
592 811
592 798
593 906
593 659
593 985
593 978
593 607
593 615
593 781
593 811
593 828
593 898
593 922
593 932
594 804
594 604
594 985
594 621
594 596
594 680
594 935
594 828
594 894
595 666
595 996
595 801
596 752
596 815
596 986
596 996
596 674
596 747
596 778
596 785
596 822
596 836
596 947
597 689
597 951
597 626
597 746
597 755
597 824
597 867
598 979
598 807
598 894
598 607
598 673
598 779
598 963
598 968
598 995
599 618
599 894
599 767
599 635
599 948
600 628
600 878
600 768
600 635
600 979
600 721
600 795
600 722
600 786
600 796
600 877
600 964
601 917
601 661
601 676
601 714
601 822
601 839
601 849
601 879
601 923
601 970
602 800
602 863
602 896
602 793
602 948
602 623
602 714
602 810
602 955
603 916
603 691
603 977
603 684
603 758
603 831
603 841
603 904
603 957
603 958
604 874
604 837
604 660
604 682
605 967
605 742
605 837
605 898
605 778
605 822
605 633
605 739
606 642
606 729
606 773
606 888
606 985
607 695
607 660
607 674
607 879
607 945
608 975
608 663
608 687
608 688
608 804
609 655
609 939
610 753
610 652
610 879
610 960
611 703
611 791
611 958
611 754
611 899
611 785
611 641
611 764
611 767
611 812
611 881
612 860
612 639
612 802
612 648
612 623
612 729
613 835
613 964
613 673
613 781
613 963
613 640
613 719
613 979
614 688
614 812
614 685
614 905
614 655
614 750
614 780
614 863
614 870
614 871
614 993
615 975
615 996
615 792
615 939
615 627
615 743
615 813
616 682
616 772
616 792
617 833
617 823
617 976
617 878
617 618
617 625
617 675
617 733
617 762
617 779
617 921
618 774
618 895
618 877
618 911
618 963
618 961
618 780
618 790
618 797
618 813
618 836
618 894
619 652
619 874
619 945
619 773
619 630
619 682
620 804
620 827
620 739
620 686
620 667
620 629
620 661
620 662
620 663
620 806
620 852
620 918
620 936
620 947
621 922
621 864
621 666
621 704
621 712
621 725
621 924
621 957
621 985
622 658
622 985
622 822
622 660
622 848
623 776
623 732
623 697
623 692
623 866
623 916
623 812
623 791
623 706
623 631
623 650
623 655
623 687
623 688
623 701
623 702
623 735
623 805
623 815
623 831
623 838
623 841
623 861
623 881
623 900
623 904
623 919
623 929
623 939
623 946
623 968
623 980
623 991
623 997
624 905
624 772
624 695
624 919
624 925
625 763
625 684
625 711
625 842
625 708
625 855
625 914
626 774
626 843
626 655
626 643
626 740
626 866
626 754
626 876
626 738
626 758
626 831
627 985
627 826
627 682
627 725
627 778
627 940
627 954
628 962
628 703
628 891
628 780
628 836
628 705
628 767
629 961
629 770
629 877
629 789
629 838
629 876
629 976
630 673
630 725
630 792
631 804
631 901
631 997
631 767
631 754
631 881
631 663
631 743
631 908
631 950
632 954
632 744
632 720
632 676
632 917
632 872
632 766
632 936
632 896
632 721
632 897
632 922
632 987
633 735
633 858
633 665
633 700
633 744
633 923
633 951
633 985
634 728
634 801
634 882
634 896
634 699
634 817
634 653
634 775
634 936
634 946
635 738
635 693
635 719
635 800
635 920
635 956
636 647
636 786
636 895
636 909
636 961
637 921
637 893
637 778
637 808
637 713
637 945
637 967
637 925
637 822
637 784
637 947
638 859
638 972
638 883
638 915
638 652
638 869
638 649
638 822
638 837
638 874
638 925
639 882
639 880
639 938
639 951
639 648
639 855
639 860
639 975
640 771
640 903
640 960
640 908
640 682
640 675
640 693
640 705
640 768
641 788
641 890
641 948
641 830
641 702
641 758
641 803
641 885
642 805
642 824
642 677
642 750
642 801
642 839
642 867
642 931
642 981
643 919
643 705
643 901
643 717
643 687
643 831
644 892
644 742
644 989
645 951
645 987
645 936
645 793
645 731
646 891
646 804
646 788
646 776
646 694
646 706
646 764
646 821
647 918
647 777
647 954
647 790
647 726
647 797
648 683
648 910
648 860
648 896
648 664
648 712
648 801
648 825
648 867
648 873
648 912
648 941
649 725
649 729
649 747
649 921
649 947
650 786
650 803
650 863
650 919
650 901
650 897
650 749
650 812
650 840
650 929
651 785
651 795
652 972
652 767
652 714
652 814
652 826
652 867
652 900
653 668
653 801
653 858
653 951
653 999
654 703
654 875
654 897
654 883
654 749
654 896
655 963
655 788
655 744
655 688
655 716
655 736
655 990
656 876
656 978
656 753
656 769
656 782
656 824
656 986
657 715
657 763
657 981
657 812
657 840
657 718
657 990
657 791
657 753
657 692
657 831
657 848
658 955
658 906
658 728
658 907
658 741
658 737
659 940
659 907
659 944
659 681
659 822
659 785
659 751
659 853
659 975
660 759
660 773
660 931
661 972
661 667
661 913
661 753
661 724
661 708
661 741
662 957
662 776
662 788
662 758
662 847
662 732
662 975
663 878
663 848
663 750
663 685
663 838
663 808
663 717
663 775
663 783
663 843
664 936
664 852
664 747
664 753
664 822
664 849
664 853
664 907
664 917
665 987
665 825
665 852
665 928
666 749
666 975
666 677
666 792
667 737
667 670
667 818
668 800
668 694
668 958
668 706
668 748
668 761
668 820
668 889
669 955
669 699
669 974
669 917
669 923
669 939
669 723
669 999
670 707
670 782
670 814
670 914
671 868
671 905
671 692
671 890
671 991
671 757
671 839
672 981
672 980
672 697
672 691
672 845
672 848
672 863
672 889
672 904
672 917
672 965
673 780
673 850
673 909
674 907
674 678
674 829
674 989
675 859
675 976
675 781
675 759
675 770
676 860
676 951
676 728
676 819
676 844
677 964
677 944
677 811
677 729
677 915
677 874
677 978
678 950
678 922
678 822
678 937
679 786
679 833
679 859
680 815
680 989
680 888
680 747
681 817
681 937
681 776
681 828
681 874
681 947
681 967
682 787
682 996
682 785
682 811
682 813
682 985
683 687
683 741
683 715
683 902
683 908
683 916
684 889
684 866
684 905
684 775
684 717
684 754
684 805
684 848
684 893
684 984
685 881
685 787
685 991
685 866
685 989
685 863
685 927
686 985
687 804
687 723
687 838
687 848
687 816
687 853
687 821
687 856
687 870
688 905
688 981
688 767
688 776
688 838
688 697
688 803
688 786
688 845
689 720
689 728
689 753
689 923
689 896
689 773
689 985
689 937
689 872
689 875
690 752
690 983
690 884
690 921
690 707
690 835
690 918
691 904
691 977
691 787
691 847
691 754
691 706
691 773
691 866
691 937
692 861
692 866
692 760
692 730
692 750
692 775
692 851
693 786
693 807
693 948
694 957
694 899
694 763
694 805
694 710
694 783
694 904
694 980
695 891
695 799
695 829
695 837
695 765
695 795
695 935
696 702
696 795
696 811
696 879
696 922
696 985
696 989
697 820
697 841
697 861
697 866
698 907
698 880
698 858
698 731
698 924
698 941
698 986
699 789
699 913
699 938
699 714
699 806
699 839
699 855
699 910
700 909
700 846
700 859
700 966
701 810
701 970
701 912
701 819
701 731
702 977
702 923
702 710
702 805
702 835
702 881
702 893
702 951
702 958
703 768
703 770
703 992
703 836
703 796
703 719
703 877
703 972
703 943
703 998
704 935
704 785
704 867
704 712
704 742
704 811
704 877
705 757
705 706
705 832
705 863
705 866
705 885
705 927
705 982
706 763
706 831
706 889
706 919
706 929
707 877
707 753
707 771
707 836
707 994
708 912
708 738
708 746
708 766
708 865
708 923
709 807
709 948
709 755
709 770
709 803
709 912
709 994
710 803
710 853
710 804
710 743
710 763
710 982
710 946
710 899
710 945
710 997
711 716
711 948
711 865
711 801
711 966
712 932
712 898
712 765
713 837
713 834
713 813
713 829
713 922
713 985
714 880
714 858
714 871
714 970
715 732
715 740
715 986
715 840
715 871
715 893
715 928
715 933
715 934
715 984
716 918
716 809
716 774
716 992
716 972
716 915
716 859
716 907
716 926
716 949
717 761
717 899
717 814
717 723
717 760
717 805
717 927
718 929
718 788
718 821
718 840
718 803
718 843
718 866
718 905
718 997
719 727
719 911
719 809
719 836
719 833
719 921
719 996
720 782
720 880
720 828
720 852
720 928
720 955
721 859
721 894
721 911
721 809
721 944
722 771
722 963
722 800
722 909
722 768
722 952
723 770
723 767
723 816
723 821
723 845
724 978
724 729
725 785
725 753
725 950
726 850
726 983
727 823
727 738
727 837
727 799
727 865
728 976
728 848
728 913
728 844
728 766
728 865
728 862
728 876
728 959
729 733
729 747
729 765
729 967
729 935
729 975
730 863
730 914
730 732
730 763
730 764
730 851
730 881
730 982
731 819
731 825
731 896
731 793
731 975
731 829
731 933
732 848
732 927
732 847
732 885
732 909
732 980
733 779
733 943
733 964
733 790
733 961
734 786
734 744
734 754
734 916
734 929
734 982
735 993
736 816
736 881
736 750
736 775
737 819
737 955
737 753
737 852
737 963
738 911
738 994
738 787
738 805
738 850
738 949
738 983
739 741
739 910
739 801
739 825
739 883
739 986
740 968
740 861
740 866
740 919
740 945
741 766
741 896
741 793
741 907
741 747
741 871
742 837
742 915
743 805
743 767
743 756
743 897
744 863
744 890
745 911
745 895
745 796
745 800
745 940
746 852
746 819
746 948
746 974
747 837
747 985
748 902
748 848
748 853
748 981
749 951
749 810
749 827
749 855
750 759
750 821
750 902
750 981
750 801
750 913
750 856
750 901
750 971
751 807
751 830
751 859
751 985
752 926
752 777
752 969
752 779
752 850
752 957
753 951
753 759
753 824
753 860
753 870
753 894
754 958
754 893
754 902
754 933
754 831
754 776
754 991
754 783
755 782
755 793
755 806
755 802
755 844
755 906
755 908
756 835
756 856
756 905
756 958
756 982
757 900
757 861
757 838
757 842
757 820
758 991
758 804
758 775
758 788
758 841
758 958
758 977
759 953
759 956
759 823
759 969
759 857
759 998
759 903
759 909
759 963
760 847
760 981
760 787
760 899
760 766
760 928
760 861
760 866
760 885
761 981
761 861
761 991
761 874
761 840
761 841
761 890
761 897
761 904
761 924
762 961
763 905
763 899
763 845
763 906
763 916
764 776
764 977
764 801
764 867
766 912
766 858
766 901
767 790
767 881
767 919
768 949
768 809
768 789
768 797
768 894
768 921
768 846
769 872
769 875
769 959
769 996
770 903
770 969
770 891
770 906
771 944
771 797
771 857
771 963
772 826
772 871
772 989
773 808
774 895
774 789
774 891
774 807
774 851
774 865
774 930
775 958
775 783
776 885
776 856
776 933
776 950
777 953
777 887
777 808
777 809
777 850
778 985
778 829
778 860
779 966
779 895
779 887
779 956
779 965
780 857
780 918
780 970
780 998
781 877
781 918
781 979
781 911
781 966
781 824
781 930
782 943
782 955
782 876
782 987
783 992
783 851
783 899
783 866
783 848
783 900
783 934
784 985
784 975
784 971
784 948
785 867
785 798
785 989
786 979
786 849
786 823
786 961
786 877
786 880
786 800
786 949
786 992
787 991
787 847
787 885
787 902
787 832
787 899
787 971
787 977
788 821
788 871
788 984
788 986
789 833
789 948
789 835
790 969
790 992
791 863
791 901
791 803
792 828
792 834
792 896
793 845
793 802
793 928
793 860
793 819
793 844
793 858
793 896
793 924
794 980
794 861
794 981
795 834
795 978
795 996
796 909
796 998
796 969
796 976
796 823
796 929
796 862
796 811
796 849
797 892
797 992
798 828
798 985
799 846
799 857
799 969
799 861
799 808
799 835
799 887
799 961
799 968
800 953
800 894
801 914
801 938
801 806
801 815
802 851
802 912
802 914
803 946
804 981
804 985
804 841
804 843
804 890
804 977
804 990
805 859
805 997
805 900
805 820
805 831
805 985
806 946
806 955
806 970
806 876
806 907
807 868
807 911
808 828
809 897
809 963
810 884
810 958
810 906
810 882
810 938
810 858
810 986
811 932
812 816
812 981
812 841
812 914
813 848
814 889
814 938
814 815
814 988
814 827
814 896
814 948
815 938
815 988
815 936
816 866
816 828
816 991
817 985
817 971
818 950
818 844
818 928
818 930
819 862
819 989
819 827
819 923
820 835
820 981
820 857
820 905
820 997
821 838
821 890
822 859
822 944
822 869
822 874
822 896
822 971
824 909
824 938
824 827
824 826
824 872
824 900
825 974
826 837
826 828
826 867
826 935
826 947
827 938
827 970
827 855
827 873
827 886
828 985
829 864
829 935
830 915
830 864
831 881
831 885
831 920
831 983
833 836
833 895
833 912
833 964
834 859
834 930
834 867
834 985
835 868
835 985
836 998
836 979
836 846
836 850
836 891
836 943
836 969
836 983
837 888
837 985
837 861
838 934
838 840
838 901
838 939
839 913
839 858
840 892
840 958
840 902
840 934
840 946
841 993
841 927
841 946
842 862
842 854
843 845
843 933
843 856
843 977
843 991
843 993
844 974
844 886
844 913
844 860
844 986
845 916
845 889
845 848
846 874
846 884
846 894
846 918
846 949
846 972
847 851
847 991
848 853
848 916
848 981
849 911
849 903
849 928
850 962
850 940
850 960
850 889
850 877
850 965
850 983
850 996
851 997
851 881
852 982
852 862
852 959
852 910
853 904
854 896
855 955
855 917
855 974
856 982
856 900
856 991
856 984
857 926
857 998
857 906
857 964
858 955
858 999
858 867
858 907
858 914
858 917
859 943
859 894
859 911
860 882
860 912
861 991
862 876
862 865
862 897
864 989
865 876
865 923
865 912
866 901
866 927
866 990
867 985
867 939
867 944
867 959
868 944
868 985
869 985
869 932
869 898
869 989
870 934
871 926
871 980
871 900
871 957
871 875
871 904
872 988
872 999
873 897
873 938
873 981
874 942
875 917
875 910
875 973
876 923
876 912
876 917
876 936
876 948
877 903
877 972
877 969
877 895
877 992
878 960
878 887
878 894
878 995
878 940
878 915
878 909
878 926
878 961
879 950
879 944
881 901
881 927
882 938
882 913
882 912
882 907
883 988
884 961
884 940
884 972
885 991
885 901
886 923
886 906
886 907
887 943
887 904
887 924
888 937
889 991
889 901
889 946
889 985
891 921
891 895
891 912
891 995
892 966
893 905
894 909
894 961
894 954
894 960
894 987
894 918
895 940
895 960
895 902
895 989
895 994
895 998
896 941
896 999
896 907
896 912
896 973
897 959
897 923
898 985
898 925
898 926
898 994
899 908
900 919
901 908
901 993
902 958
902 934
904 990
904 982
905 990
905 993
906 959
906 999
907 959
907 936
907 963
908 927
909 998
909 918
909 979
910 976
911 926
911 953
911 994
912 939
913 928
915 971
916 951
917 948
917 988
918 920
919 927
919 937
919 993
920 956
920 961
921 953
921 949
921 972
922 939
923 928
923 931
923 949
924 958
924 959
924 971
924 984
925 937
925 975
925 996
926 943
926 968
927 933
928 936
930 992
931 988
931 936
932 939
933 941
933 940
933 997
934 987
935 937
936 992
937 985
938 974
939 975
939 945
939 971
940 979
940 992
943 961
943 972
944 967
944 978
946 982
946 993
946 997
947 956
948 986
949 956
950 985
951 987
952 976
953 963
954 998
954 960
956 992
956 983
957 982
964 965
965 983
965 977
966 983
966 969
967 978
967 985
969 983
969 992
969 994
969 995
972 976
975 985
976 985
985 996
985 998
986 999
